   0.0000000e+00   4.2787787e-01  -3.0053809e-01   1.2263257e-01  -4.5777560e-04  -9.4795496e-02  -8.4570502e-01  -7.3859690e-06   3.9188292e-05   4.0467430e-01  -2.4266715e-01  -1.7382252e-05   5.1316685e-06
   2.5000000e-03   4.1324398e-01  -2.8901554e-01   1.2260558e-01  -5.7850856e-04  -1.3708072e-01  -8.1530614e-01  -5.4265558e-06   3.7123722e-05   3.9254096e-01  -3.3069496e-01  -1.7125668e-05   8.9518411e-06
   5.0000000e-03   3.9910284e-01  -2.7781823e-01   1.2257337e-01  -6.9746231e-04  -1.7784600e-01  -7.7579822e-01  -3.5703710e-06   3.4750852e-05   3.7600622e-01  -4.1498678e-01  -1.6678077e-05   1.2409873e-05
   7.5000000e-03   3.8544471e-01  -2.6694008e-01   1.2253599e-01  -8.1465149e-04  -2.1663588e-01  -7.2763226e-01  -1.8328296e-06   3.2119045e-05   3.5525690e-01  -4.9460702e-01  -1.6057583e-05   1.5488542e-05
   1.0000000e-02   3.7230350e-01  -2.5640402e-01   1.2249302e-01  -9.2992428e-04  -2.5301747e-01  -6.7135432e-01  -2.2687844e-07   2.9277162e-05   3.3052656e-01  -5.6867377e-01  -1.5283157e-05   1.8176786e-05
   1.2500000e-02   3.5981620e-01  -2.4630150e-01   1.2244282e-01  -1.0427090e-03  -2.8658516e-01  -6.0759887e-01   1.2369786e-06   2.6272138e-05   3.0209289e-01  -6.3636869e-01  -1.4374318e-05   2.0470024e-05
   1.5000000e-02   3.4779948e-01  -2.3651126e-01   1.2238731e-01  -1.1536584e-03  -3.1696508e-01  -5.3708262e-01   2.5505846e-06   2.3150422e-05   2.7027448e-01  -6.9694459e-01  -1.3350818e-05   2.2367346e-05
   1.7500000e-02   3.3608794e-01  -2.2692358e-01   1.2232834e-01  -1.2634145e-03  -3.4381919e-01  -4.6059662e-01   3.7081049e-06   1.9957862e-05   2.3542728e-01  -7.4973383e-01  -1.2232451e-05   2.3871743e-05
   2.0000000e-02   3.2510227e-01  -2.1781768e-01   1.2226095e-01  -1.3702507e-03  -3.6684901e-01  -3.7899509e-01   4.7059973e-06   1.6734603e-05   1.9794061e-01  -7.9415709e-01  -1.1038865e-05   2.4992955e-05
   2.2500000e-02   3.1438654e-01  -2.0889078e-01   1.2219036e-01  -1.4759724e-03  -3.8579875e-01  -2.9318945e-01   5.5427269e-06   1.3521832e-05   1.5823278e-01  -8.2972719e-01  -9.7892179e-06   2.5742238e-05
   2.5000000e-02   3.0415388e-01  -2.0028416e-01   1.2211403e-01  -1.5796926e-03  -4.0045821e-01  -2.0413544e-01   6.2188180e-06   1.0355959e-05   1.1674645e-01  -8.5605602e-01  -8.5021069e-06   2.6135415e-05
   2.7500000e-02   2.9439935e-01  -1.9199378e-01   1.2203186e-01  -1.6813734e-03  -4.1066498e-01  -1.1282346e-01   6.7366156e-06   7.2702102e-06   7.3943683e-02  -8.7285796e-01  -7.1953371e-06   2.6191185e-05
   3.0000000e-02   2.8489282e-01  -1.8386733e-01   1.2194665e-01  -1.7819912e-03  -4.1630615e-01  -2.0268771e-02   7.1001258e-06   4.2966693e-06   3.0300816e-02  -8.7995282e-01  -5.8857788e-06   2.5930486e-05
   3.2500000e-02   2.7594118e-01  -1.7610660e-01   1.2185451e-01  -1.8801777e-03  -4.1731958e-01   7.2502328e-02   7.3149591e-06   1.4609865e-06  -1.3696795e-02  -8.7726800e-01  -4.5892553e-06   2.5376778e-05
   3.5000000e-02   2.6735198e-01  -1.6858366e-01   1.2175773e-01  -1.9767358e-03  -4.1369447e-01   1.6446131e-01   7.3880084e-06  -1.2128159e-06  -5.7560164e-02  -8.6483880e-01  -3.3204173e-06   2.4554980e-05
   3.7500000e-02   2.5907919e-01  -1.6126779e-01   1.2165686e-01  -2.0718563e-03  -4.0547141e-01   2.5458942e-01   7.3273677e-06  -3.7038032e-06  -1.0080207e-01  -8.4280811e-01  -2.0926692e-06   2.3491459e-05
   4.0000000e-02   2.5115402e-01  -1.5417875e-01   1.2155146e-01  -2.1653787e-03  -3.9274195e-01   3.4188928e-01   7.1421776e-06  -5.9948623e-06  -1.4294245e-01  -8.1142465e-01  -9.1809706e-07   2.2213514e-05
   4.2500000e-02   2.4367171e-01  -1.4737682e-01   1.2144015e-01  -2.2568188e-03  -3.7564750e-01   4.2539598e-01   6.8424347e-06  -8.0731501e-06  -1.8351365e-01  -7.7103988e-01   1.9257785e-07   2.0748564e-05
   4.5000000e-02   2.3647297e-01  -1.4075749e-01   1.2132499e-01  -2.3468997e-03  -3.5437771e-01   5.0418655e-01   6.4387775e-06  -9.9276795e-06  -2.2206562e-01  -7.2210452e-01   1.2300053e-06   1.9124745e-05
   4.7500000e-02   2.2955649e-01  -1.3431931e-01   1.2120598e-01  -2.4356167e-03  -3.2916840e-01   5.7739074e-01   5.9423939e-06  -1.1550718e-05  -2.5817082e-01  -6.6516327e-01   2.1862419e-06   1.7370166e-05
   5.0000000e-02   2.2300428e-01  -1.2811335e-01   1.2108192e-01  -2.5225454e-03  -3.0029889e-01   6.4420088e-01   5.3648584e-06  -1.2938219e-05  -2.9142896e-01  -6.0084850e-01   3.0547496e-06   1.5512008e-05
   5.2500000e-02   2.1678182e-01  -1.2211542e-01   1.2095319e-01  -2.6078214e-03  -2.6808886e-01   7.0388010e-01   4.7179479e-06  -1.4088653e-05  -3.2147137e-01  -5.2987345e-01   3.8303494e-06   1.3576878e-05
   5.5000000e-02   2.1081298e-01  -1.1627625e-01   1.2082083e-01  -2.6918097e-03  -2.3289488e-01   7.5577035e-01   4.0135157e-06  -1.5002663e-05  -3.4796502e-01  -4.5302464e-01   4.5091929e-06   1.1590991e-05
   5.7500000e-02   2.0509356e-01  -1.1059246e-01   1.2068487e-01  -2.7745214e-03  -1.9510639e-01   7.9929981e-01   3.2633831e-06  -1.5683426e-05  -3.7061624e-01  -3.7115289e-01   5.0887420e-06   9.5794987e-06
   6.0000000e-02   1.9974629e-01  -1.0513754e-01   1.2054346e-01  -2.8552933e-03  -1.5514143e-01   8.3398932e-01   2.4792123e-06  -1.6136888e-05  -3.8917387e-01  -2.8516340e-01   5.5677166e-06   7.5651532e-06
   6.2500000e-02   1.9463683e-01  -9.9826638e-02   1.2039849e-01  -2.9348024e-03  -1.1344199e-01   8.5945700e-01   1.6723685e-06  -1.6370372e-05  -4.0343203e-01  -1.9600685e-01   5.9459740e-06   5.5703824e-06
   6.5000000e-02   1.8974682e-01  -9.4647781e-02   1.2025022e-01  -3.0131381e-03  -7.0469175e-02   8.7542273e-01   8.5385043e-07  -1.6393045e-05  -4.1323236e-01  -1.0466853e-01   6.2244929e-06   3.6162224e-06
   6.7500000e-02   1.8513488e-01  -8.9634403e-02   1.2009772e-01  -3.0899702e-03  -2.6698069e-02   8.8171118e-01   3.4198776e-08  -1.6215793e-05  -4.1846579e-01  -1.2157108e-02   6.4053039e-06   1.7214693e-06
   7.0000000e-02   1.8080654e-01  -8.4786533e-02   1.1994085e-01  -3.1652425e-03   1.7387459e-02   8.7825362e-01  -7.7659033e-07  -1.5850771e-05  -4.1907364e-01   8.0506218e-02   6.4913773e-06  -9.6888416e-08
   7.2500000e-02   1.7667920e-01  -8.0054188e-02   1.1978083e-01  -3.2393967e-03   6.1300109e-02   8.6508862e-01  -1.5691283e-06  -1.5311261e-05  -4.1504833e-01   1.7229846e-01   6.4865329e-06  -1.8228484e-06
   7.5000000e-02   1.7274798e-01  -7.5433803e-02   1.1961774e-01  -3.3124546e-03   1.0455451e-01   8.4236166e-01  -2.3346908e-06  -1.4611596e-05  -4.0643342e-01   2.6220646e-01   6.3953905e-06  -3.4421926e-06
   7.7500000e-02   1.6913479e-01  -7.0990538e-02   1.1944958e-01  -3.3837072e-03   1.4667256e-01   8.1032329e-01  -3.0652701e-06  -1.3766535e-05  -3.9332310e-01   3.4923860e-01   6.2232810e-06  -4.9436545e-06
   8.0000000e-02   1.6569748e-01  -6.6642656e-02   1.1927858e-01  -3.4539479e-03   1.8718870e-01   7.6932667e-01  -3.7535964e-06  -1.2791731e-05  -3.7586118e-01   4.3243439e-01   5.9760985e-06  -6.3164210e-06
   8.2500000e-02   1.6243459e-01  -6.2388776e-02   1.1910476e-01  -3.5231820e-03   2.2565501e-01   7.1982357e-01  -4.3931825e-06  -1.1703343e-05  -3.5423948e-01   5.1087574e-01   5.6602777e-06  -7.5514902e-06
   8.5000000e-02   1.5944428e-01  -5.8278058e-02   1.1892648e-01  -3.5908261e-03   2.6164616e-01   6.6235907e-01  -4.9783492e-06  -1.0517247e-05  -3.2869571e-01   5.8369735e-01   5.2827034e-06  -8.6423908e-06
   8.7500000e-02   1.5664546e-01  -5.4264500e-02   1.1874503e-01  -3.6573401e-03   2.9476409e-01   5.9756604e-01  -5.5042112e-06  -9.2497888e-06  -2.9951086e-01   6.5009551e-01   4.8505842e-06  -9.5836307e-06
   9.0000000e-02   1.5400466e-01  -5.0330026e-02   1.1856096e-01  -3.7229179e-03   3.2464237e-01   5.2615807e-01  -5.9667003e-06  -7.9175218e-06  -2.6700611e-01   7.0933709e-01   4.3714030e-06  -1.0371138e-05
   9.2500000e-02   1.5158871e-01  -4.6505362e-02   1.1837313e-01  -3.7871549e-03   3.5095025e-01   4.4892134e-01  -6.3625761e-06  -6.5363474e-06  -2.3153928e-01   7.6076794e-01   3.8528465e-06  -1.1002823e-05
   9.5000000e-02   1.4937815e-01  -4.2776805e-02   1.1818183e-01  -3.8501562e-03   3.7339631e-01   3.6670622e-01  -6.6893933e-06  -5.1219851e-06  -1.9350091e-01   8.0381973e-01   3.3027057e-06  -1.1477889e-05
   9.7500000e-02   1.4731450e-01  -3.9115281e-02   1.1798805e-01  -3.9122701e-03   3.9173160e-01   2.8041817e-01  -6.9454923e-06  -3.6902638e-06  -1.5330995e-01   8.3801616e-01   2.7288116e-06  -1.1796665e-05
   1.0000000e-01   1.4543557e-01  -3.5536191e-02   1.1779113e-01  -3.9732646e-03   4.0575250e-01   1.9100739e-01  -7.1300054e-06  -2.2562199e-06  -1.1140917e-01   8.6297841e-01   2.1389788e-06  -1.1960986e-05
   1.0250000e-01   1.4377643e-01  -3.2050112e-02   1.1759045e-01  -4.0329196e-03   4.1530287e-01   9.9458376e-02  -7.2428163e-06  -8.3399825e-07  -6.8260283e-02   8.7842922e-01   1.5409299e-06  -1.1973947e-05
   1.0500000e-01   1.4224804e-01  -2.8617119e-02   1.1738754e-01  -4.0917755e-03   4.2027578e-01   6.7797350e-03  -7.2845162e-06   5.6204229e-07  -2.4338853e-02   8.8419582e-01   9.4223298e-07  -1.1839607e-05
   1.0750000e-01   1.4088258e-01  -2.5249074e-02   1.1718183e-01  -4.1496347e-03   4.2061477e-01  -8.6007477e-02  -7.2564141e-06   1.9185254e-06   1.9870907e-02   8.8021203e-01   3.5025306e-07  -1.1563197e-05
   1.1000000e-01   1.3973242e-01  -2.1961265e-02   1.1697241e-01  -4.2061740e-03   4.1631440e-01  -1.7788104e-01  -7.1604879e-06   3.2233017e-06   6.3881477e-02   8.6651887e-01  -2.2790639e-07  -1.1150878e-05
   1.1250000e-01   1.3870614e-01  -1.8717131e-02   1.1676087e-01  -4.2619539e-03   4.0742035e-01  -2.6782811e-01  -6.9993229e-06   4.4641238e-06   1.0720739e-01   8.4326422e-01  -7.8544990e-07  -1.0609796e-05
   1.1500000e-01   1.3782863e-01  -1.5524404e-02   1.1654677e-01  -4.3168218e-03   3.9402895e-01  -3.5485690e-01  -6.7761169e-06   5.6298110e-06   1.4937057e-01   8.1070122e-01  -1.3159393e-06  -9.9479657e-06
   1.1750000e-01   1.3716456e-01  -1.2399342e-02   1.1632901e-01  -4.3703842e-03   3.7628612e-01  -4.3800770e-01  -6.4946265e-06   6.7105915e-06   1.8990560e-01   7.6918534e-01  -1.8133373e-06  -9.1739216e-06
   1.2000000e-01   1.3660947e-01  -9.3063421e-03   1.1610938e-01  -4.4232822e-03   3.5438575e-01  -5.1636273e-01  -6.1590972e-06   7.6966555e-06   2.2836484e-01   7.1917088e-01  -2.2720330e-06  -8.2972903e-06
   1.2250000e-01   1.3620856e-01  -6.2576179e-03   1.1588711e-01  -4.4752414e-03   3.2856763e-01  -5.8905686e-01  -5.7742647e-06   8.5795087e-06   2.6432336e-01   6.6120568e-01  -2.6868973e-06  -7.3281780e-06
   1.2500000e-01   1.3599595e-01  -3.2571141e-03   1.1566165e-01  -4.5260616e-03   2.9911481e-01  -6.5528704e-01  -5.3452896e-06   9.3518140e-06   2.9738362e-01   5.9592518e-01  -3.0533059e-06  -6.2770305e-06
   1.2750000e-01   1.3588878e-01  -2.8166710e-04   1.1543441e-01  -4.5762475e-03   2.6635048e-01  -7.1432073e-01  -4.8776992e-06   1.0006612e-05   3.2717986e-01   5.2404578e-01  -3.3671572e-06  -5.1553314e-06
   1.3000000e-01   1.3594899e-01   2.6562525e-03   1.1520435e-01  -4.6254305e-03   2.3063447e-01  -7.6550450e-01  -4.3773689e-06   1.0538343e-05   3.5338213e-01   4.4635660e-01  -3.6249236e-06  -3.9746002e-06
   1.3250000e-01   1.3617604e-01   5.5622644e-03   1.1497152e-01  -4.6736256e-03   1.9235927e-01  -8.0827097e-01  -3.8504522e-06   1.0942393e-05   3.7569995e-01   3.6371100e-01  -3.8236535e-06  -2.7467125e-06
   1.3500000e-01   1.3649203e-01   8.4521406e-03   1.1473721e-01  -4.7212964e-03   1.5194575e-01  -8.4214498e-01  -3.3033329e-06   1.1214847e-05   3.9388548e-01   2.7701759e-01  -3.9609890e-06  -1.4845222e-06
   1.3750000e-01   1.3701431e-01   1.1309559e-02   1.1449952e-01  -4.7677636e-03   1.0983853e-01  -8.6674920e-01  -2.7425909e-06   1.1353277e-05   4.0773635e-01   1.8722947e-01  -4.0352151e-06  -2.0013111e-07
   1.4000000e-01   1.3765056e-01   1.4153001e-02   1.1425999e-01  -4.8135778e-03   6.6501104e-02  -8.8180800e-01  -2.1749275e-06   1.1355994e-05   4.1709782e-01   9.5334660e-02  -4.0452216e-06   1.0933558e-06
   1.4250000e-01   1.3840230e-01   1.6982279e-02   1.1401860e-01  -4.8587301e-03   2.2410735e-02  -8.8715067e-01  -1.6071282e-06   1.1222475e-05   4.2186455e-01   2.3448923e-03  -3.9905539e-06   2.3827123e-06
   1.4500000e-01   1.3935477e-01   1.9793913e-02   1.1377404e-01  -4.9027553e-03  -2.1946767e-02  -8.8271337e-01  -1.0460048e-06   1.0953330e-05   4.2198179e-01  -9.0715912e-02  -3.8714183e-06   3.6554538e-06
   1.4750000e-01   1.4039665e-01   2.2599901e-02   1.1352809e-01  -4.9462869e-03  -6.6082405e-02  -8.6853989e-01  -4.9833871e-07   1.0550268e-05   4.1744600e-01  -1.8282195e-01  -3.6886458e-06   4.8980771e-06
   1.5000000e-01   1.4160962e-01   2.5396895e-02   1.1327951e-01  -4.9888807e-03  -1.0950937e-01  -8.4478117e-01   2.9174309e-08   1.0016071e-05   4.0830491e-01  -2.7295772e-01  -3.4437421e-06   6.0979386e-06
   1.5250000e-01   1.4295399e-01   2.8191669e-02   1.1302895e-01  -5.0307735e-03  -1.5174840e-01  -8.1169381e-01   5.2997751e-07   9.3547025e-06   3.9465703e-01  -3.6012862e-01  -3.1388454e-06   7.2422061e-06
   1.5500000e-01   1.4440750e-01   3.0984599e-02   1.1277675e-01  -5.0720841e-03  -1.9233306e-01  -7.6963731e-01   9.9771231e-07   8.5713787e-06   3.7665062e-01  -4.4337196e-01  -2.7767353e-06   8.3181410e-06
   1.5750000e-01   1.4605937e-01   3.3781276e-02   1.1252167e-01  -5.1123689e-03  -2.3081490e-01  -7.1906998e-01   1.4262809e-06   7.6720815e-06   3.5448203e-01  -5.2176808e-01  -2.3608286e-06   9.3140983e-06
   1.6000000e-01   1.4777827e-01   3.6580086e-02   1.1226562e-01  -5.1523114e-03  -2.6676837e-01  -6.6054447e-01   1.8098847e-06   6.6645463e-06   3.2839365e-01  -5.9444955e-01  -1.8951240e-06   1.0217849e-05
   1.6250000e-01   1.4971366e-01   3.9390539e-02   1.1200652e-01  -5.1911715e-03  -2.9979557e-01  -5.9470104e-01   2.1431118e-06   5.5568107e-06   2.9867119e-01  -6.6061185e-01  -1.3842319e-06   1.1018824e-05
   1.6500000e-01   1.5174624e-01   4.2209608e-02   1.1174611e-01  -5.2295639e-03  -3.2953060e-01  -5.2226134e-01   2.4209522e-06   4.3587095e-06   2.6564062e-01  -7.1952127e-01  -8.3329107e-07   1.1706260e-05
   1.6750000e-01   1.5393662e-01   4.5042667e-02   1.1148356e-01  -5.2671968e-03  -3.5564365e-01  -4.4402001e-01   2.6388875e-06   3.0807526e-06   2.2966458e-01  -7.7052368e-01  -2.4797849e-07   1.2270548e-05
   1.7000000e-01   1.5625852e-01   4.7891931e-02   1.1121929e-01  -5.3042229e-03  -3.7784464e-01  -3.6083628e-01   2.7929250e-06   1.7346624e-06   1.9113843e-01  -8.1305148e-01   3.6554849e-07   1.2702796e-05
   1.7250000e-01   1.5871862e-01   5.0758225e-02   1.1095324e-01  -5.3406115e-03  -3.9588644e-01  -2.7362446e-01   2.8796581e-06   3.3308859e-07   1.5048588e-01  -8.4663006e-01   1.0006878e-06   1.2995127e-05
   1.7500000e-01   1.6134109e-01   5.3650038e-02   1.1068517e-01  -5.3762851e-03  -4.0956765e-01  -1.8334386e-01   2.8963125e-06  -1.1106211e-06   1.0815441e-01  -8.7088307e-01   1.6504437e-06   1.3140813e-05
   1.7750000e-01   1.6407452e-01   5.6559287e-02   1.1041573e-01  -5.4114702e-03  -4.1873484e-01  -9.0988582e-02   2.8407815e-06  -2.5818357e-06   6.4610285e-02  -8.8553659e-01   2.3074839e-06   1.3134182e-05
   1.8000000e-01   1.6700259e-01   5.9505363e-02   1.1014399e-01  -5.4458398e-03  -4.2328426e-01   2.4239622e-03   2.7116898e-06  -4.0659269e-06   2.0333487e-02  -8.9042234e-01   2.9641925e-06   1.2970979e-05
   1.8250000e-01   1.7001387e-01   6.2467182e-02   1.0987127e-01  -5.4798607e-03  -4.2316307e-01   9.5863363e-02   2.5083936e-06  -5.5466167e-06  -2.4187599e-02  -8.8547954e-01   3.6127410e-06   1.2648248e-05
   1.8500000e-01   1.7325932e-01   6.5480444e-02   1.0959593e-01  -5.5129513e-03  -4.1836990e-01   1.8829872e-01   2.2310629e-06  -7.0084579e-06  -6.8461545e-02  -8.7075571e-01   4.2451530e-06   1.2164469e-05
   1.8750000e-01   1.7656077e-01   6.8506009e-02   1.0931997e-01  -5.5458194e-03  -4.0895497e-01   2.7870852e-01   1.8806403e-06  -8.4340006e-06  -1.1199930e-01  -8.4640634e-01   4.8533760e-06   1.1519863e-05
   1.9000000e-01   1.8011218e-01   7.1593680e-02   1.0904137e-01  -5.5777492e-03  -3.9501956e-01   3.6609351e-01   1.4589406e-06  -9.8072310e-06  -1.5431959e-01  -8.1269305e-01   5.4293688e-06   1.0715904e-05
   1.9250000e-01   1.8371748e-01   7.4694739e-02   1.0876221e-01  -5.6094766e-03  -3.7671489e-01   4.4948610e-01   9.6857936e-07  -1.1110345e-05  -1.9495421e-01  -7.6998123e-01   5.9651636e-06   9.7563117e-06
   1.9500000e-01   1.8758421e-01   7.7867794e-02   1.0848045e-01  -5.6402798e-03  -3.5424060e-01   5.2796266e-01   4.1306250e-07  -1.2327272e-05  -2.3345324e-01  -7.1873551e-01   6.4529788e-06   8.6457775e-06
   1.9750000e-01   1.9150136e-01   8.1054734e-02   1.0819819e-01  -5.6709047e-03  -3.2784249e-01   6.0065214e-01  -2.0330066e-07  -1.3440525e-05  -2.6939000e-01  -6.5951561e-01   6.8852674e-06   7.3917247e-06
   2.0000000e-01   1.9569254e-01   8.4323887e-02   1.0791338e-01  -5.7006191e-03  -2.9780990e-01   6.6674731e-01  -8.7532641e-07  -1.4434610e-05  -3.0236575e-01  -5.9296918e-01   7.2548534e-06   6.0021846e-06
   2.0250000e-01   1.9993058e-01   8.7607098e-02   1.0762814e-01  -5.7301777e-03  -2.6447256e-01   7.2551219e-01  -1.5970564e-06  -1.5293120e-05  -3.3201419e-01  -5.1982605e-01   7.5549624e-06   4.4883534e-06
   2.0500000e-01   2.0445608e-01   9.0982969e-02   1.0734039e-01  -5.7588405e-03  -2.2819698e-01   7.7629169e-01  -2.3617119e-06  -1.6001828e-05  -3.5800548e-01  -4.4088883e-01   7.7793799e-06   2.8616060e-06
   2.0750000e-01   2.0902467e-01   9.4372732e-02   1.0705227e-01  -5.7873689e-03  -1.8938242e-01   8.1851761e-01  -3.1618027e-06  -1.6546218e-05  -3.8004990e-01  -3.5702580e-01   7.9224601e-06   1.1368260e-06
   2.1000000e-01   2.1389695e-01   9.7866495e-02   1.0676168e-01  -5.8150109e-03  -1.4845657e-01   8.5171618e-01  -3.9891130e-06  -1.6914060e-05  -3.9790118e-01  -2.6915951e-01   7.9793014e-06  -6.7142511e-07
   2.1250000e-01   2.1880677e-01   1.0137311e-01   1.0647079e-01  -5.8425432e-03  -1.0587079e-01   8.7551238e-01  -4.8348155e-06  -1.7093554e-05  -4.1135914e-01  -1.7825884e-01   7.9457301e-06  -2.5448254e-06
   2.1500000e-01   2.2403822e-01   1.0499567e-01   1.0617745e-01  -5.8691973e-03  -6.2095200e-02   8.8963505e-01  -5.6894926e-06  -1.7075191e-05  -4.2027208e-01  -8.5325999e-02   7.8184889e-06  -4.4659364e-06
   2.1750000e-01   2.2930134e-01   1.0862964e-01   1.0588388e-01  -5.8957649e-03  -1.7613478e-02   8.9391938e-01  -6.5432515e-06  -1.6850704e-05  -4.2453838e-01   8.6119669e-03   7.5951923e-06  -6.4134467e-06
   2.2000000e-01   2.3490552e-01   1.1239200e-01   1.0558790e-01  -5.9214623e-03   2.7082459e-02   8.8830924e-01  -7.3857861e-06  -1.6413988e-05  -4.2410778e-01   1.0251711e-01   7.2745202e-06  -8.3675133e-06
   2.2250000e-01   2.4053507e-01   1.1616392e-01   1.0529175e-01  -5.9470950e-03   7.1497890e-02   8.7285784e-01  -8.2064849e-06  -1.5761062e-05  -4.1898193e-01   1.9534929e-01   6.8561448e-06  -1.0304479e-05
   2.2500000e-01   2.4652794e-01   1.2007776e-01   1.0499321e-01  -5.9718622e-03   1.1514075e-01   8.4772714e-01  -8.9945375e-06  -1.4889837e-05  -4.0921447e-01   2.8608047e-01   6.3409212e-06  -1.2202746e-05
   2.2750000e-01   2.5253949e-01   1.2399889e-01   1.0469455e-01  -5.9965849e-03   1.5752708e-01   8.1318666e-01  -9.7390288e-06  -1.3801260e-05  -3.9491046e-01   3.7370320e-01   5.7307843e-06  -1.4037142e-05
   2.3000000e-01   2.5893288e-01   1.2807391e-01   1.0439358e-01  -6.0204589e-03   1.9818638e-01   7.6960983e-01  -1.0429091e-05  -1.2497765e-05  -3.7622531e-01   4.5724467e-01   5.0289277e-06  -1.5785063e-05
   2.3250000e-01   2.6534318e-01   1.3215575e-01   1.0409250e-01  -6.0442953e-03   2.3666685e-01   7.1747125e-01  -1.1053979e-05  -1.0985702e-05  -3.5336309e-01   5.3577463e-01   4.2396751e-06  -1.7420875e-05
   2.3500000e-01   2.7215390e-01   1.3640326e-01   1.0378918e-01  -6.0673017e-03   2.7254039e-01   6.5733999e-01  -1.1603264e-05  -9.2723880e-06  -3.2657438e-01   6.0841858e-01   3.3686320e-06  -1.8921887e-05
   2.3750000e-01   2.7897954e-01   1.4065696e-01   1.0348577e-01  -6.0902772e-03   3.0540736e-01   5.8987536e-01  -1.2066883e-05  -7.3698440e-06  -2.9615347e-01   6.7436473e-01   2.4225383e-06  -2.0263145e-05
   2.4000000e-01   2.8622545e-01   1.4508843e-01   1.0318018e-01  -6.1124401e-03   3.3490111e-01   5.1581755e-01  -1.2435375e-05  -5.2904466e-06  -2.6243526e-01   7.3287571e-01   1.4093817e-06  -2.1422922e-05
   2.4250000e-01   2.9348411e-01   1.4952529e-01   1.0287452e-01  -6.1345783e-03   3.6069197e-01   4.3598210e-01  -1.2699897e-05  -3.0519138e-06  -2.2579150e-01   7.8329442e-01   3.3823636e-07  -2.2378185e-05
   2.4500000e-01   3.0118138e-01   1.5415110e-01   1.0256676e-01  -6.1559249e-03   3.8249106e-01   3.5124814e-01  -1.2852493e-05  -6.7165170e-07  -1.8662681e-01   8.2505358e-01  -7.8067209e-07  -2.3109280e-05
   2.4750000e-01   3.0889300e-01   1.5878311e-01   1.0225893e-01  -6.1772461e-03   4.0005345e-01   2.6255190e-01  -1.2886075e-05   1.8271953e-06  -1.4537416e-01   8.5768027e-01  -1.9361353e-06  -2.3596406e-05
   2.5000000e-01   3.1706620e-01   1.6361694e-01   1.0194906e-01  -6.1977891e-03   4.1318104e-01   1.7087310e-01  -1.2794715e-05   4.4225157e-06  -1.0249017e-01   8.8080293e-01  -3.1159547e-06  -2.3823146e-05
   2.5250000e-01   3.2525901e-01   1.6845945e-01   1.0163911e-01  -6.2183012e-03   4.2172469e-01   7.7227683e-02  -1.2573590e-05   7.0863107e-06  -5.8450056e-02   8.9415434e-01  -4.3071112e-06  -2.3774194e-05
   2.5500000e-01   3.3391844e-01   1.7350841e-01   1.0132726e-01  -6.2380773e-03   4.2558607e-01  -1.7346971e-02  -1.2219275e-05   9.7921638e-06  -1.3742371e-02   8.9757565e-01  -5.4958201e-06  -2.3437471e-05
   2.5750000e-01   3.4261442e-01   1.7857370e-01   1.0101526e-01  -6.2577995e-03   4.2471872e-01  -1.1179986e-01  -1.1729667e-05   1.2508155e-05   3.1136380e-02   8.9101789e-01  -6.6676928e-06  -2.2803361e-05
   2.6000000e-01   3.5178183e-01   1.8384954e-01   1.0070150e-01  -6.2768255e-03   4.1912873e-01  -2.0508160e-01  -1.1104259e-05   1.5204376e-05   7.5687243e-02   8.7454273e-01  -7.8078601e-06  -2.1865220e-05
   2.6250000e-01   3.6100208e-01   1.8914913e-01   1.0038755e-01  -6.2957781e-03   4.0887466e-01  -2.9615250e-01  -1.0344041e-05   1.7846099e-05   1.1941435e-01   8.4832233e-01  -8.9011203e-06  -2.0620117e-05
   2.6500000e-01   3.7067963e-01   1.9465439e-01   1.0007202e-01  -6.3140963e-03   3.9406704e-01  -3.8399750e-01  -9.4517368e-06   2.0400876e-05   1.6183043e-01   8.1263701e-01  -9.9321254e-06  -1.9067866e-05
   2.6750000e-01   3.8050273e-01   2.0022541e-01   9.9756024e-02  -6.3322242e-03   3.7486718e-01  -4.6763456e-01  -8.4316937e-06   2.2833116e-05   2.0246226e-01   7.6787312e-01  -1.0885518e-05  -1.7212737e-05
   2.7000000e-01   3.9069135e-01   2.0596161e-01   9.9438857e-02  -6.3498743e-03   3.5148547e-01  -5.4612773e-01  -7.2900387e-06   2.5108625e-05   2.4085589e-01   7.1451821e-01  -1.1746154e-05  -1.5062085e-05
   2.7250000e-01   4.0112812e-01   2.1181029e-01   9.9120956e-02  -6.3672176e-03   3.2417910e-01  -6.1859633e-01  -6.0346083e-06   2.7192476e-05   2.7658177e-01   6.5315639e-01  -1.2499258e-05  -1.2627643e-05
   2.7500000e-01   4.1184929e-01   2.1778787e-01   9.8802213e-02  -6.3842093e-03   2.9324931e-01  -6.8422542e-01  -4.6749855e-06   2.9050572e-05   3.0923957e-01   5.8446177e-01  -1.3130640e-05  -9.9249938e-06
   2.7750000e-01   4.2292963e-01   2.2392851e-01   9.8482490e-02  -6.4007805e-03   2.5903806e-01  -7.4227505e-01  -3.2224579e-06   3.0650216e-05   3.3846264e-01   5.0919096e-01  -1.3626889e-05  -6.9732588e-06
   2.8000000e-01   4.3420576e-01   2.3015803e-01   9.8162232e-02  -6.4171224e-03   2.2192434e-01  -7.9208801e-01  -1.6899482e-06   3.1959344e-05   3.6392217e-01   4.2817565e-01  -1.3975552e-05  -3.7965902e-06
   2.8250000e-01   4.4596213e-01   2.3660561e-01   9.7840765e-02  -6.4329305e-03   1.8231996e-01  -8.3309838e-01  -9.1982098e-08   3.2949056e-05   3.8533093e-01   3.4231193e-01  -1.4165381e-05  -4.2107943e-07
   2.8500000e-01   4.5781884e-01   2.4309874e-01   9.7519045e-02  -6.4486271e-03   1.4066507e-01  -8.6483663e-01   1.5554696e-06   3.3591418e-05   4.0244652e-01   2.5255292e-01  -1.4186435e-05   3.1206678e-06
   2.8750000e-01   4.7028025e-01   2.4986613e-01   9.7195922e-02  -6.4636841e-03   9.7423273e-02  -8.8693657e-01   3.2350393e-06   3.3862807e-05   4.1507415e-01   1.5989495e-01  -1.4030402e-05   6.7962836e-06
   2.9000000e-01   4.8285176e-01   2.5668333e-01   9.6872565e-02  -6.4786301e-03   5.3076476e-02  -8.9913825e-01   4.9281784e-06   3.3741686e-05   4.2306890e-01   6.5370389e-02  -1.3690588e-05   1.0566222e-05
   2.9250000e-01   4.9594433e-01   2.6373630e-01   9.6548096e-02  -6.4930504e-03   8.1195950e-03  -9.0129207e-01   6.6152616e-06   3.3210864e-05   4.2633741e-01  -2.9967273e-02  -1.3162277e-05   1.4391146e-05
   2.9500000e-01   5.0926544e-01   2.7089230e-01   9.6223179e-02  -6.5072502e-03  -3.6944977e-02  -8.9336022e-01   8.2758036e-06   3.2257007e-05   4.2483905e-01  -1.2505233e-01  -1.2442720e-05   1.8226662e-05
   2.9750000e-01   5.2301574e-01   2.7824181e-01   9.5897422e-02  -6.5210359e-03  -8.1612956e-02  -8.7541751e-01   9.8886528e-06   3.0871272e-05   4.1858644e-01  -2.1882069e-01  -1.1531388e-05   2.2027683e-05
   3.0000000e-01   5.3709976e-01   2.8574112e-01   9.5571063e-02  -6.5345121e-03  -1.2538380e-01  -8.4765082e-01   1.1432215e-05   2.9049687e-05   4.0764541e-01  -3.1022054e-01  -1.0430005e-05   2.5746491e-05
   3.0250000e-01   5.5149122e-01   2.9337843e-01   9.5244151e-02  -6.5477032e-03  -1.6776631e-01  -8.1035734e-01   1.2884699e-05   2.6793558e-05   3.9213440e-01  -3.9822441e-01  -9.1426809e-06   2.9333838e-05
   3.0500000e-01   5.6645594e-01   3.0127173e-01   9.4916286e-02  -6.5603813e-03  -2.0828415e-01  -7.6394101e-01   1.4224376e-05   2.4108679e-05   3.7222319e-01  -4.8184175e-01  -7.6759901e-06   3.2741558e-05
   3.0750000e-01   5.8167801e-01   3.0927942e-01   9.4588021e-02  -6.5728347e-03  -2.4648117e-01  -7.0890926e-01   1.5429809e-05   2.1007437e-05   3.4813112e-01  -5.6012798e-01  -6.0389134e-06   3.5918927e-05
   3.1000000e-01   5.9733395e-01   3.1747974e-01   9.4259090e-02  -6.5849118e-03  -2.8192661e-01  -6.4586673e-01   1.6480180e-05   1.7507266e-05   3.2012474e-01  -6.3219689e-01  -4.2429683e-06   3.8816810e-05
   3.1250000e-01   6.1347546e-01   3.2589423e-01   9.3929473e-02  -6.5965794e-03  -3.1421993e-01  -5.7550893e-01   1.7355542e-05   1.3630999e-05   2.8851492e-01  -6.9723025e-01  -2.3021291e-06   4.1387259e-05
   3.1500000e-01   6.2988424e-01   3.3442633e-01   9.3599487e-02  -6.6080235e-03  -3.4299535e-01  -4.9861552e-01   1.8037092e-05   9.4084877e-06   2.5365343e-01  -7.5448636e-01  -2.3276765e-07   4.3582782e-05
   3.1750000e-01   6.4686481e-01   3.4320885e-01   9.3268757e-02  -6.6189974e-03  -3.6792611e-01  -4.1604024e-01   1.8507516e-05   4.8734348e-06   2.1592914e-01  -8.0330999e-01   1.9463699e-06   4.5359690e-05
   3.2000000e-01   6.6428575e-01   3.5218275e-01   9.2937498e-02  -6.6296171e-03  -3.8872811e-01  -3.2870289e-01   1.8751188e-05   6.5854629e-08   1.7576367e-01  -8.4313876e-01   4.2143528e-06   4.6676507e-05
   3.2250000e-01   6.8206701e-01   3.6131273e-01   9.2605821e-02  -6.6399492e-03  -4.0516324e-01  -2.3757911e-01   1.8754480e-05  -4.9683192e-06   1.3360676e-01  -8.7350999e-01   6.5481765e-06   4.7495171e-05
   3.2500000e-01   7.0036245e-01   3.7066438e-01   9.2273575e-02  -6.6498752e-03  -4.1704219e-01  -1.4368875e-01   1.8506064e-05  -1.0179233e-05   8.9931289e-02  -8.9406648e-01   8.9229334e-06   4.7782345e-05
   3.2750000e-01   7.1919485e-01   3.8024552e-01   9.1940783e-02  -6.6593843e-03  -4.2422662e-01  -4.8085034e-02   1.7997103e-05  -1.5512581e-05   4.5227997e-02  -9.0456057e-01   1.1312049e-05   4.7509473e-05
   3.3000000e-01   7.3840514e-01   3.8998728e-01   9.1607625e-02  -6.6686022e-03  -4.2663087e-01   4.8156452e-02   1.7221475e-05  -2.0908648e-05   0.0000000e+00  -9.0485719e-01   1.3687521e-05   4.6653329e-05
   3.3250000e-01   7.5807639e-01   3.9992425e-01   9.1274038e-02  -6.6774669e-03  -4.2422305e-01   1.4395072e-01   1.6176043e-05  -2.6304700e-05  -4.5242828e-02  -8.9493588e-01   1.6020186e-05   4.5196927e-05
   3.3500000e-01   7.7841251e-01   4.1014008e-01   9.0939882e-02  -6.6858279e-03  -4.1702552e-01   2.3821597e-01   1.4860809e-05  -3.1636476e-05  -8.9989590e-02  -8.7489116e-01   1.8280031e-05   4.3129599e-05
   3.3750000e-01   7.9920072e-01   4.2054372e-01   9.0605373e-02  -6.6938494e-03  -4.0511473e-01   3.2988419e-01   1.3278986e-05  -3.6835681e-05  -1.3373412e-01  -8.4493203e-01   2.0436509e-05   4.0447826e-05
   3.4000000e-01   8.2044676e-01   4.3113662e-01   9.0270521e-02  -6.7015280e-03  -3.8862053e-01   4.1791403e-01   1.1437204e-05  -4.1832443e-05  -1.7598069e-01  -8.0537995e-01   2.2458899e-05   3.7155633e-05
   3.4250000e-01   8.4222798e-01   4.4194938e-01   8.9935289e-02  -6.7088075e-03  -3.6772484e-01   5.0130292e-01   9.3455829e-06  -4.6556599e-05  -2.1624966e-01  -7.5666546e-01   2.4316679e-05   3.3264627e-05
   3.4500000e-01   8.6466351e-01   4.5302796e-01   8.9599639e-02  -6.7156013e-03  -3.4265972e-01   5.7909851e-01   7.0177545e-06  -5.0938682e-05  -2.5408291e-01  -6.9932350e-01   2.5979909e-05   2.8793846e-05
   3.4750000e-01   8.8761538e-01   4.6431421e-01   8.9263687e-02  -6.7220127e-03  -3.1370481e-01   6.5040880e-01   4.4708222e-06  -5.4909146e-05  -2.8904906e-01  -6.3398822e-01   2.7419601e-05   2.3770948e-05
   3.5000000e-01   9.1108979e-01   4.7580912e-01   8.8927450e-02  -6.7280374e-03  -2.8118439e-01   7.1441284e-01   1.7253668e-06  -5.8400311e-05  -3.2074844e-01  -5.6138595e-01   2.8608147e-05   1.8231799e-05
   3.5250000e-01   9.3509478e-01   4.8751436e-01   8.8590941e-02  -6.7336697e-03  -2.4546378e-01   7.7037035e-01  -1.1946467e-06  -6.1347323e-05  -3.4881772e-01  -4.8232733e-01   2.9519737e-05   1.2220394e-05
   3.5500000e-01   9.5982869e-01   4.9950512e-01   8.8254102e-02  -6.7387623e-03  -2.0694529e-01   8.1763062e-01  -4.2620106e-06  -6.3689798e-05  -3.7293407e-01  -3.9769774e-01   3.0130756e-05   5.7874597e-06
   3.5750000e-01   9.8514093e-01   5.1171945e-01   8.7917034e-02  -6.7434257e-03  -1.6606378e-01   8.5563950e-01  -7.4464983e-06  -6.5371230e-05  -3.9281894e-01  -3.0844871e-01   3.0420129e-05  -1.0077027e-06
   3.6000000e-01   1.0110406e+00   5.2415873e-01   8.7579755e-02  -6.7476517e-03  -1.2328184e-01   8.8394634e-01  -1.0715057e-05  -6.6340720e-05  -4.0824137e-01  -2.1558685e-01   3.0369744e-05  -8.0985093e-06
   3.6250000e-01   1.0375335e+00   5.3682293e-01   8.7242285e-02  -6.7514348e-03  -7.9084553e-02   9.0220953e-01  -1.4032091e-05  -6.6553890e-05  -4.1902070e-01  -1.2016271e-01   2.9964818e-05  -1.5411571e-05
   3.6500000e-01   1.0646292e+00   5.4971343e-01   8.6904645e-02  -6.7547658e-03  -3.3974108e-02   9.1020076e-01  -1.7359783e-05  -6.5973769e-05  -4.2502884e-01  -2.3258988e-02   2.9194240e-05  -2.2867337e-05
   3.6750000e-01   1.0924812e+00   5.6288391e-01   8.6566827e-02  -6.7575260e-03   1.1535898e-02   9.0780800e-01  -2.0658469e-05  -6.4571580e-05  -4.2619178e-01   7.4022156e-02   2.8050874e-05  -3.0381854e-05
   3.7000000e-01   1.1209987e+00   5.7629694e-01   8.6228886e-02  -6.7597797e-03   5.6926266e-02   8.9503718e-01  -2.3887046e-05  -6.2327290e-05  -4.2249068e-01   1.7057064e-01   2.6531783e-05  -3.7865792e-05
   3.7250000e-01   1.1501714e+00   5.8994572e-01   8.5890849e-02  -6.7615309e-03   1.0167809e-01   8.7201259e-01  -2.7003408e-05  -5.9230452e-05  -4.1396215e-01   2.6528136e-01   2.4638494e-05  -4.5225940e-05
   3.7500000e-01   1.1800076e+00   6.0383017e-01   8.5552741e-02  -6.7627694e-03   1.4527869e-01   8.3897599e-01  -2.9964929e-05  -5.5280813e-05  -4.0069809e-01   3.5706681e-01   2.2377199e-05  -5.2366362e-05
   3.7750000e-01   1.2105181e+00   6.1795094e-01   8.5214584e-02  -6.7634822e-03   1.8722746e-01   7.9628430e-01  -3.2728968e-05  -5.0488783e-05  -3.8284477e-01   4.4486959e-01   1.9758883e-05  -5.9189509e-05
   3.8000000e-01   1.2417128e+00   6.3230827e-01   8.4876404e-02  -6.7636568e-03   2.2704165e-01   7.4440602e-01  -3.5253405e-05  -4.4875805e-05  -3.6060130e-01   5.2767457e-01   1.6799409e-05  -6.5597388e-05
   3.8250000e-01   1.2737037e+00   6.4693614e-01   8.4538230e-02  -6.7631977e-03   2.6426192e-01   6.8391610e-01  -3.7497194e-05  -3.8474136e-05  -3.3421759e-01   6.0452093e-01   1.3519542e-05  -7.1493357e-05
   3.8500000e-01   1.3064690e+00   6.6182208e-01   8.4200098e-02  -6.7621137e-03   2.9845770e-01   6.1549004e-01  -3.9420899e-05  -3.1327397e-05  -3.0399157e-01   6.7451293e-01   9.9448769e-06  -7.6782516e-05
   3.8750000e-01   1.3399668e+00   6.7694778e-01   8.3862035e-02  -6.7604306e-03   3.2923219e-01   5.3989671e-01  -4.0987268e-05  -2.3490732e-05  -2.7026594e-01   7.3683039e-01   6.1057538e-06  -8.1372972e-05
   3.9000000e-01   1.3742086e+00   6.9231271e-01   8.3524071e-02  -6.7581316e-03   3.5622700e-01   4.5798981e-01  -4.2161804e-05  -1.5030416e-05  -2.3342445e-01   7.9073856e-01   2.0371080e-06  -8.5177499e-05
   3.9250000e-01   1.4092011e+00   7.0791483e-01   8.3186233e-02  -6.7552028e-03   3.7912648e-01   3.7069853e-01  -4.2913324e-05  -6.0235452e-06  -1.9388755e-01   8.3559694e-01  -2.2217640e-06  -8.8114848e-05
   3.9500000e-01   1.4449713e+00   7.2375792e-01   8.2848556e-02  -6.7516125e-03   3.9766139e-01   2.7901709e-01  -4.3214501e-05   3.4425906e-06  -1.5210773e-01   8.7086706e-01  -6.6275032e-06  -9.0111122e-05
   3.9750000e-01   1.4815250e+00   7.3983895e-01   8.2511070e-02  -6.7473458e-03   4.1161223e-01   1.8399374e-01  -4.3042372e-05   1.3271035e-05  -1.0856441e-01   8.9611904e-01  -1.1133056e-05  -9.1100979e-05
   4.0000000e-01   1.5188737e+00   7.5615635e-01   8.2173808e-02  -6.7423824e-03   4.2081192e-01   8.6718927e-02  -4.2378820e-05   2.3356007e-05  -6.3758490e-02   9.1103710e-01  -1.5688102e-05  -9.1028874e-05
   4.0250000e-01   1.5571184e+00   7.7273353e-01   8.1836838e-02  -6.7366197e-03   4.2514786e-01  -1.1687411e-02  -4.1211021e-05   3.3584482e-05  -1.8206668e-02   9.1542370e-01  -2.0239542e-05  -8.9850239e-05
   4.0500000e-01   1.5962132e+00   7.8955039e-01   8.1500182e-02  -6.7300841e-03   4.2456349e-01  -1.1008805e-01  -3.9531798e-05   4.3836271e-05   2.7564485e-02   9.0920226e-01  -2.4732051e-05  -8.7532345e-05
   4.0750000e-01   1.6361444e+00   8.0659703e-01   8.1163869e-02  -6.7227740e-03   4.1905909e-01  -2.0734164e-01  -3.7339986e-05   5.3985481e-05   7.3024566e-02   8.9241870e-01  -2.9108665e-05  -8.4055393e-05
   4.1000000e-01   1.6769226e+00   8.2387014e-01   8.0827939e-02  -6.7146659e-03   4.0869202e-01  -3.0231595e-01  -3.4640714e-05   6.3902056e-05   1.1764547e-01   8.6524152e-01  -3.3311432e-05  -7.9413375e-05
   4.1250000e-01   1.7185585e+00   8.4136622e-01   8.0492429e-02  -6.7057347e-03   3.9357623e-01  -3.9390100e-01  -3.1445613e-05   7.3453279e-05   1.6090752e-01   8.2796043e-01  -3.7282098e-05  -7.3614758e-05
   4.1500000e-01   1.7610617e+00   8.5908106e-01   8.0157380e-02  -6.6959556e-03   3.7388119e-01  -4.8102203e-01  -2.7772952e-05   8.2505354e-05   2.0230551e-01   7.8098359e-01  -4.0962833e-05  -6.6683022e-05
   4.1750000e-01   1.8044469e+00   8.7701144e-01   7.9822836e-02  -6.6852976e-03   3.4983011e-01  -5.6265215e-01  -2.3647687e-05   9.0925130e-05   2.4135466e-01   7.2483350e-01  -4.4296982e-05  -5.8656994e-05
   4.2000000e-01   1.8487228e+00   8.9515224e-01   7.9488839e-02  -6.6737342e-03   3.2169752e-01  -6.3782447e-01  -1.9101434e-05   9.8581807e-05   2.7759631e-01   6.6014148e-01  -4.7229830e-05  -4.9591033e-05
   4.2250000e-01   1.8938997e+00   9.1349830e-01   7.9155434e-02  -6.6612367e-03   2.8980632e-01  -7.0564367e-01  -1.4172347e-05   1.0534875e-04   3.1060336e-01   5.8764090e-01  -4.9709380e-05  -3.9554999e-05
   4.2500000e-01   1.9399874e+00   9.3204403e-01   7.8822668e-02  -6.6477753e-03   2.5452416e-01  -7.6529675e-01  -8.9049132e-06   1.1110530e-04   3.3998538e-01   5.0815921e-01  -5.1687128e-05  -2.8634012e-05
   4.2750000e-01   1.9871067e+00   9.5080553e-01   7.8490677e-02  -6.6331958e-03   2.1625935e-01  -8.1606321e-01  -3.3496520e-06   1.1573900e-04   3.6539333e-01   4.2260839e-01  -5.3118828e-05  -1.6927372e-05
   4.3000000e-01   2.0351631e+00   9.6975311e-01   7.8159439e-02  -6.6175755e-03   1.7545622e-01  -8.5732339e-01   2.4372939e-06   1.1914648e-04   3.8652373e-01   3.3197545e-01  -5.3965196e-05  -4.5490651e-06
   4.3250000e-01   2.0841586e+00   9.8887817e-01   7.7828999e-02  -6.6008888e-03   1.3259008e-01  -8.8856661e-01   8.3946140e-06   1.2123572e-04   4.0312249e-01   2.3731096e-01  -5.4192649e-05   8.3735921e-06
   4.3500000e-01   2.1341017e+00   1.0081730e+00   7.7499412e-02  -6.5831019e-03   8.8161779e-02  -9.0939765e-01   1.4456396e-05   1.2192770e-04   4.1498803e-01   1.3971715e-01  -5.3773970e-05   2.1701080e-05
   4.3750000e-01   2.1849992e+00   1.0276293e+00   7.7170729e-02  -6.5641815e-03   4.2691928e-02  -9.1954209e-01   2.0552776e-05   1.2115806e-04   4.2197389e-01   4.0335252e-02  -5.2688916e-05   3.5282978e-05
   4.4000000e-01   2.2368617e+00   1.0472387e+00   7.6843009e-02  -6.5440884e-03  -3.2851443e-03  -9.1885018e-01   2.6610675e-05   1.1887849e-04   4.2399065e-01  -5.9667689e-02  -5.0924769e-05   4.8959501e-05
   4.4250000e-01   2.2896956e+00   1.0669918e+00   7.6516310e-02  -6.5227868e-03  -4.9227621e-02  -9.0729927e-01   3.2554595e-05   1.1505809e-04   4.2100726e-01  -1.5911237e-01  -4.8476795e-05   6.2563168e-05
   4.4500000e-01   2.3435075e+00   1.0868788e+00   7.6190690e-02  -6.5002392e-03  -9.4592552e-02  -8.8499486e-01   3.8307495e-05   1.0968444e-04   4.1305165e-01  -2.5682106e-01  -4.5348639e-05   7.5920694e-05
   4.4750000e-01   2.3983035e+00   1.1068892e+00   7.5866211e-02  -6.4764073e-03  -1.3884226e-01  -8.5217004e-01   4.3791714e-05   1.0276458e-04   4.0021061e-01  -3.5163147e-01  -4.1552607e-05   8.8855011e-05
   4.5000000e-01   2.4541197e+00   1.1270149e+00   7.5542975e-02  -6.4512095e-03  -1.8145074e-01  -8.0918348e-01   4.8929939e-05   9.4325594e-05   3.8262905e-01  -4.4241069e-01  -3.7109860e-05   1.0118763e-04
   4.5250000e-01   2.5110264e+00   1.1472488e+00   7.5221142e-02  -6.4245094e-03  -2.2190988e-01  -7.5651577e-01   5.3646215e-05   8.4414912e-05   3.6050853e-01  -5.2806883e-01  -3.2050482e-05   1.1274106e-04
   4.5500000e-01   2.5689362e+00   1.1675676e+00   7.4900669e-02  -6.3963878e-03  -2.5973564e-01  -6.9476474e-01   5.7866958e-05   7.3100986e-05   3.3410510e-01  -6.0757169e-01  -2.6413433e-05   1.2334027e-04
   4.5750000e-01   2.6278527e+00   1.1879584e+00   7.4581625e-02  -6.3668015e-03  -2.9447386e-01  -6.2463896e-01   6.1522005e-05   6.0473042e-05   3.0372654e-01  -6.7995369e-01  -2.0246423e-05   1.3281567e-04
   4.6000000e-01   2.6877863e+00   1.2084076e+00   7.4264094e-02  -6.3356954e-03  -3.2570578e-01  -5.4694994e-01   6.4545655e-05   4.6640696e-05   2.6972888e-01  -7.4432974e-01  -1.3605644e-05   1.4100563e-04
   4.6250000e-01   2.7487238e+00   1.2288999e+00   7.3948128e-02  -6.3030481e-03  -3.5305326e-01  -4.6260319e-01   6.6877688e-05   3.1733434e-05   2.3251242e-01  -7.9990627e-01  -6.5553681e-06   1.4775879e-04
   4.6500000e-01   2.8106705e+00   1.2494207e+00   7.3633808e-02  -6.2688092e-03  -3.7618340e-01  -3.7258792e-01   6.8464358e-05   1.5899599e-05   1.9251713e-01  -8.4599125e-01   8.3256636e-07   1.5293664e-04
   4.6750000e-01   2.8736274e+00   1.2699545e+00   7.3321210e-02  -6.2329326e-03  -3.9481279e-01  -2.7796579e-01   6.9259338e-05  -6.9481710e-07   1.5021760e-01  -8.8200309e-01   8.4793931e-06   1.5641578e-04
   4.7000000e-01   2.9376012e+00   1.2904851e+00   7.3010428e-02  -6.1953601e-03  -4.0871107e-01  -1.7985859e-01   6.9224597e-05  -1.7867731e-05   1.0611748e-01  -9.0747832e-01   1.6300177e-05   1.5809019e-04
   4.7250000e-01   3.0025765e+00   1.3109963e+00   7.2701513e-02  -6.1560710e-03  -4.1770399e-01  -7.9435281e-02   6.8331211e-05  -3.5422623e-05   6.0743594e-02  -9.2207785e-01   2.4204681e-05   1.5787329e-04
   4.7500000e-01   3.0687335e+00   1.3314596e+00   7.2394927e-02  -6.1146832e-03  -4.2167575e-01   2.2102406e-02   6.6560081e-05  -5.3151870e-05   1.4639734e-02  -9.2559186e-01   3.2098340e-05   1.5569988e-04
   4.7750000e-01   3.1358697e+00   1.3518619e+00   7.2090377e-02  -6.0714937e-03  -4.2057063e-01   1.2353296e-01   6.3902489e-05  -7.0836562e-05  -3.1639827e-02  -9.1794301e-01   3.9883328e-05   1.5152757e-04
   4.8000000e-01   3.2039821e+00   1.3721858e+00   7.1787947e-02  -6.0264567e-03  -4.1439399e-01   2.2363031e-01   6.0360664e-05  -8.8250328e-05  -7.7536945e-02  -8.9918837e-01   4.7459701e-05   1.4533848e-04
   4.8250000e-01   3.2730558e+00   1.3924147e+00   7.1487694e-02  -5.9795478e-03  -4.0321248e-01   3.2117862e-01   5.5948150e-05  -1.0516202e-04  -1.2249633e-01  -8.6951960e-01   5.4726621e-05   1.3714049e-04
   4.8500000e-01   3.3431379e+00   1.4125234e+00   7.1189830e-02  -5.9306140e-03  -3.8715356e-01   4.1498717e-01   5.0690053e-05  -1.2133904e-04  -1.6597228e-01  -8.2926150e-01   6.1583640e-05   1.2696789e-04
   4.8750000e-01   3.4142023e+00   1.4324930e+00   7.0894405e-02  -5.8796426e-03  -3.6640422e-01   5.0390482e-01   4.4623105e-05  -1.3654989e-04  -2.0743533e-01  -7.7886890e-01   6.7932030e-05   1.1488209e-04
   4.9000000e-01   3.4863284e+00   1.4522854e+00   7.0601759e-02  -5.8263881e-03  -3.4120899e-01   5.8683447e-01   3.7795616e-05  -1.5056796e-04  -2.4637874e-01  -7.1892191e-01   7.3676131e-05   1.0097137e-04
   4.9250000e-01   3.5594923e+00   1.4718740e+00   7.0311985e-02  -5.7708107e-03  -3.1186729e-01   6.6274644e-01   3.0267223e-05  -1.6317403e-04  -2.8232481e-01  -6.5011976e-01   7.8724696e-05   8.5350971e-05
   4.9500000e-01   3.6335913e+00   1.4912529e+00   7.0024939e-02  -5.7130612e-03  -2.7872999e-01   7.3069132e-01   2.2108527e-05  -1.7415923e-04  -3.1483078e-01  -5.7327335e-01   8.2992242e-05   6.8162954e-05
   4.9750000e-01   3.7086500e+00   1.5103905e+00   6.9740831e-02  -5.6530031e-03  -2.4219545e-01   7.8981238e-01   1.3400572e-05  -1.8332881e-04  -3.4349443e-01  -4.8929578e-01   8.6400387e-05   4.9574771e-05
   5.0000000e-01   3.7846507e+00   1.5292624e+00   6.9459760e-02  -5.5905922e-03  -2.0270486e-01   8.3935666e-01   4.2341381e-06  -1.9050518e-04  -3.6795920e-01  -3.9919204e-01   8.8879124e-05   2.9778075e-05
   5.0250000e-01   3.8615796e+00   1.5478428e+00   6.9181843e-02  -5.5257716e-03  -1.6073705e-01   8.7868480e-01  -5.2911142e-06  -1.9553085e-04  -3.8791879e-01  -3.0404725e-01   9.0368026e-05   8.9869893e-06
   5.0500000e-01   3.9394179e+00   1.5661065e+00   6.8907183e-02  -5.4584958e-03  -1.1680285e-01   9.0727976e-01  -1.5067650e-05  -1.9827131e-04  -4.0312114e-01  -2.0501394e-01   9.0817375e-05  -1.2563966e-05
   5.0750000e-01   4.0181623e+00   1.5840212e+00   6.8635955e-02  -5.3886700e-03  -7.1438890e-02   9.2475394e-01  -2.4981208e-05  -1.9861765e-04  -4.1337183e-01  -1.0329825e-01   9.0189178e-05  -3.4622439e-05
   5.1000000e-01   4.0977891e+00   1.6015604e+00   6.8368262e-02  -5.3162523e-03  -2.5201225e-02   9.3085488e-01  -3.4912084e-05  -1.9648890e-04  -4.1853674e-01  -1.4554437e-04   8.8458057e-05  -5.6920910e-05
   5.1250000e-01   4.1782789e+00   1.6186952e+00   6.8104235e-02  -5.2411843e-03   2.1341486e-02   9.2546929e-01  -4.4736522e-05  -1.9183412e-04  -4.1854402e-01   1.0317476e-01   8.5612013e-05  -7.9179825e-05
   5.1500000e-01   4.2596088e+00   1.6353974e+00   6.7843995e-02  -5.1634159e-03   6.7614918e-02   9.0862543e-01  -5.4328221e-05  -1.8463408e-04  -4.1338528e-01   2.0538466e-01   8.1653025e-05  -1.0111096e-04
   5.1750000e-01   4.3417782e+00   1.6516232e+00   6.7587787e-02  -5.0828122e-03   1.1304616e-01   8.8049371e-01  -6.3559918e-05  -1.7490258e-04  -4.0311606e-01   3.0521348e-01   7.6597480e-05  -1.2242120e-04
   5.2000000e-01   4.4247462e+00   1.6673500e+00   6.7335676e-02  -4.9993684e-03   1.5707081e-01   8.4138556e-01  -7.2305041e-05  -1.6268743e-04  -3.8785539e-01   4.0141352e-01   7.0476425e-05  -1.4281606e-04
   5.2250000e-01   4.5084873e+00   1.6825458e+00   6.7087804e-02  -4.9130259e-03   1.9914006e-01   7.9175060e-01  -8.0439407e-05  -1.4807090e-04  -3.6778473e-01   4.9277580e-01   6.3335627e-05  -1.6200379e-04
   5.2500000e-01   4.5929740e+00   1.6971783e+00   6.6844318e-02  -4.8237274e-03   2.3872756e-01   7.3217194e-01  -8.7842947e-05  -1.3116977e-04  -3.4314596e-01   5.7814540e-01   5.5235443e-05  -1.7969942e-04
   5.2750000e-01   4.6781842e+00   1.7112076e+00   6.6605415e-02  -4.7313833e-03   2.7533613e-01   6.6335985e-01  -9.4401431e-05  -1.1213480e-04  -3.1423871e-01   6.5643629e-01   4.6250478e-05  -1.9562888e-04
   5.3000000e-01   4.7640803e+00   1.7246056e+00   6.6371205e-02  -4.6359644e-03   3.0850410e-01   5.8614380e-01  -1.0000817e-04  -9.1149883e-05  -2.8141692e-01   7.2664533e-01   3.6469041e-05  -2.0953304e-04
   5.3250000e-01   4.8506299e+00   1.7373379e+00   6.6141843e-02  -4.5374141e-03   3.3781127e-01   5.0146289e-01  -1.0456566e-04  -6.8430576e-05  -2.4508468e-01   7.8786547e-01   2.5992396e-05  -2.2117174e-04
   5.3500000e-01   4.9377988e+00   1.7493697e+00   6.5917488e-02  -4.4356768e-03   3.6288440e-01   4.1035481e-01  -1.0798718e-04  -4.4222140e-05  -2.0569143e-01   8.3929781e-01   1.4933817e-05  -2.3032771e-04
   5.3750000e-01   5.0255518e+00   1.7606651e+00   6.5698306e-02  -4.3306935e-03   3.8340213e-01   3.1394352e-01  -1.1019829e-04  -1.8797149e-05  -1.6372657e-01   8.8026242e-01   3.4174396e-06  -2.3681022e-04
   5.4000000e-01   5.1138522e+00   1.7711864e+00   6.5484474e-02  -4.2224030e-03   3.9909929e-01   2.1342563e-01  -1.1113815e-04   7.5473941e-06  -1.1971348e-01   9.1020775e-01  -8.4230629e-06  -2.4045856e-04
   5.4250000e-01   5.2026586e+00   1.7809002e+00   6.5276140e-02  -4.1107630e-03   4.0977056e-01   1.1005587e-01  -1.1076078e-04   3.4493338e-05  -7.4203123e-02   9.2871850e-01  -2.0445982e-05  -2.4114516e-04
   5.4500000e-01   5.2919297e+00   1.7897700e+00   6.5073473e-02  -3.9957225e-03   4.1527335e-01   5.1315823e-03  -1.0903611e-04   6.1705102e-05  -2.7767231e-02   9.3552185e-01  -3.2503232e-05  -2.3877836e-04
   5.4750000e-01   5.3816281e+00   1.7977457e+00   6.4876734e-02  -3.8771791e-03   4.1552993e-01  -1.0002345e-01  -1.0595086e-04   8.8833822e-05   1.9008829e-02   9.3049194e-01  -4.4442142e-05  -2.3330475e-04
   5.5000000e-01   5.4717014e+00   1.8048040e+00   6.4686005e-02  -3.7551396e-03   4.1052876e-01  -2.0407556e-01  -1.0150917e-04   1.1552158e-04   6.5533393e-02   9.1365247e-01  -5.6107371e-05  -2.2471108e-04
   5.5250000e-01   5.5621026e+00   1.8109077e+00   6.4501462e-02  -3.6295570e-03   4.0032499e-01  -3.0569816e-01  -9.5733095e-05   1.4140614e-04   1.1121598e-01   8.8517752e-01  -6.7342918e-05  -2.1302564e-04
   5.5500000e-01   5.6527834e+00   1.8160196e+00   6.4323282e-02  -3.5003864e-03   3.8504010e-01  -4.0358867e-01  -8.8662793e-05   1.6612580e-04   1.5547483e-01   8.4539036e-01  -7.7994192e-05  -1.9831911e-04
   5.5750000e-01   5.7436913e+00   1.8201140e+00   6.4151574e-02  -3.3676250e-03   3.6486068e-01  -4.9648536e-01  -8.0356509e-05   1.8932434e-04   1.9774432e-01   7.9476038e-01  -8.7910141e-05  -1.8070486e-04
   5.6000000e-01   5.8347775e+00   1.8231396e+00   6.3986608e-02  -3.2311820e-03   3.4003643e-01  -5.8318381e-01  -7.0890299e-05   2.1065619e-04   2.3748231e-01   7.3389816e-01  -9.6945377e-05  -1.6033860e-04
   5.6250000e-01   5.9259874e+00   1.8250607e+00   6.3828557e-02  -3.0910255e-03   3.1087726e-01  -6.6255275e-01  -6.0357497e-05   2.2979144e-04   2.7417719e-01   6.6354856e-01  -1.0496230e-04  -1.3741745e-04
   5.6500000e-01   6.0172648e+00   1.8258397e+00   6.3677607e-02  -2.9471189e-03   2.7774964e-01  -7.3354912e-01  -4.8867933e-05   2.4642088e-04   3.0735460e-01   5.8458219e-01  -1.1183317e-04  -1.1217844e-04
   5.6750000e-01   6.1085532e+00   1.8254856e+00   6.3533663e-02  -2.7995745e-03   2.4107221e-01  -7.9523208e-01  -3.6546897e-05   2.6026070e-04   3.3658368e-01   4.9798507e-01  -1.1744209e-04  -8.4896448e-05
   5.7000000e-01   6.1997956e+00   1.8239161e+00   6.3397192e-02  -2.6482130e-03   2.0131063e-01  -8.4677599e-01  -2.3533872e-05   2.7105740e-04   3.6148292e-01   4.0484668e-01  -1.2168691e-04  -5.5881263e-05
   5.7250000e-01   6.2909194e+00   1.8210142e+00   6.3268874e-02  -2.4927666e-03   1.5897186e-01  -8.8748185e-01  -9.9810116e-06   2.7859206e-04   3.8172524e-01   3.0634652e-01  -1.2448097e-04  -2.5474195e-05
   5.7500000e-01   6.3818656e+00   1.8168251e+00   6.3148398e-02  -2.3334654e-03   1.1459780e-01  -9.1678717e-01   3.9485816e-06   2.8268415e-04   3.9704256e-01   2.0373970e-01  -1.2575468e-04   5.9554014e-06
   5.7750000e-01   6.4725669e+00   1.8113033e+00   6.3036013e-02  -2.1702612e-03   6.8758477e-02  -9.3427429e-01   1.8082779e-05   2.8319519e-04   4.0722953e-01   9.8341075e-02  -1.2545691e-04   3.8014688e-05
   5.8000000e-01   6.5629638e+00   1.8044430e+00   6.2931732e-02  -2.0032208e-03   2.2044795e-02  -9.3967685e-01   3.2242528e-05   2.8003183e-04   4.1214658e-01  -8.4914036e-03  -1.2355617e-04   7.0292081e-05
   5.8250000e-01   6.6529906e+00   1.7962105e+00   6.2835741e-02  -1.8323301e-03  -2.4939015e-02  -9.3288430e-01   4.6244110e-05   2.7314839e-04   4.1172201e-01  -1.1537408e-01  -1.2004157e-04   1.0236252e-04
   5.8500000e-01   6.7425872e+00   1.7865929e+00   6.2748105e-02  -1.6576329e-03  -7.1583197e-02  -9.1394450e-01   5.9901520e-05   2.6254874e-04   4.0595331e-01  -2.2091547e-01  -1.1492345e-04   1.3379302e-04
   5.8750000e-01   6.8316538e+00   1.7754732e+00   6.2669519e-02  -1.4788965e-03  -1.1728039e-01  -8.8306415e-01   7.3028947e-05   2.4828755e-04   3.9490755e-01  -3.2373448e-01  -1.0823380e-04   1.6414859e-04
   5.9000000e-01   6.9200863e+00   1.7627556e+00   6.2600555e-02  -1.2959620e-03  -1.6143357e-01  -8.4060719e-01   8.5443316e-05   2.3047083e-04   3.7872084e-01  -4.2247851e-01  -1.0002638e-04   1.9299820e-04
   5.9250000e-01   7.0078700e+00   1.7485604e+00   6.2540490e-02  -1.1092313e-03  -2.0346390e-01  -7.8709120e-01   9.6966850e-05   2.0925588e-04   3.5759692e-01  -5.1584132e-01  -9.0376477e-05   2.1992062e-04
   5.9500000e-01   7.0949320e+00   1.7328532e+00   6.2489537e-02  -9.1869547e-04  -2.4281843e-01  -7.2318166e-01   1.0742964e-04   1.8485039e-04   3.3180488e-01  -6.0258058e-01  -7.9380454e-05   2.4451079e-04
   5.9750000e-01   7.1811834e+00   1.7155760e+00   6.2448057e-02  -7.2429199e-04  -2.7897749e-01  -6.4968419e-01   1.1667215e-04   1.5751080e-04   3.0167587e-01  -6.8153477e-01  -6.7154923e-05   2.6638589e-04
   6.0000000e-01   7.2664448e+00   1.6965264e+00   6.2417292e-02  -5.2562277e-04  -3.1146167e-01  -5.6753485e-01   1.2454768e-04   1.2753986e-04   2.6759915e-01  -7.5163905e-01  -5.3835638e-05   2.8519134e-04
   6.0250000e-01   7.3507574e+00   1.6758960e+00   6.2396109e-02  -3.2323763e-04  -3.3983840e-01  -4.7778880e-01   1.3092467e-04   9.5283811e-05   2.3001723e-01  -8.1193992e-01  -3.9576081e-05   3.0060622e-04
   6.0500000e-01   7.4340584e+00   1.6536780e+00   6.2384576e-02  -1.1719817e-04  -3.6372782e-01  -3.8160710e-01   1.3568886e-04   6.1128458e-05   1.8942026e-01  -8.6160872e-01  -2.4545780e-05   3.1234881e-04
   6.0750000e-01   7.5161107e+00   1.6296194e+00   6.2384275e-02   9.2978014e-05  -3.8280816e-01  -2.8024199e-01   1.3874528e-04   2.5494679e-05   1.4633986e-01  -8.9995353e-01  -8.9283508e-06   3.2018150e-04
   6.1000000e-01   7.5969335e+00   1.6038539e+00   6.2394438e-02   3.0689743e-04  -3.9682025e-01  -1.7502090e-01   1.4002001e-04  -1.1166487e-05   1.0134221e-01  -9.2642924e-01   7.0807127e-06   3.2391516e-04
   6.1250000e-01   7.6765147e+00   1.5764522e+00   6.2414678e-02   5.2432331e-04  -4.0557129e-01  -6.7329339e-02   1.3946169e-04  -4.8379511e-05   5.5020781e-02  -9.4064590e-01   2.3276459e-05   3.2341305e-04
   6.1500000e-01   7.7545621e+00   1.5471355e+00   6.2446785e-02   7.4575032e-04  -4.0893775e-01   4.1407288e-02   1.3704272e-04  -8.5650484e-05   7.9885189e-03  -9.4237501e-01   3.9447100e-05   3.1859400e-04
   6.1750000e-01   7.8311393e+00   1.5160762e+00   6.2489764e-02   9.7072397e-04  -4.0686739e-01   1.4974242e-01   1.3276019e-04  -1.2247365e-04  -3.9130199e-02  -9.3155367e-01   5.5376789e-05   3.0943488e-04
   6.2000000e-01   7.9062183e+00   1.4833220e+00   6.2543388e-02   1.1990614e-03  -3.9938028e-01   2.5622764e-01   1.2663652e-04  -1.5833830e-04  -8.5707849e-02  -9.0828658e-01   7.0848522e-05   2.9597236e-04
   6.2250000e-01   7.9794281e+00   1.4485545e+00   6.2609765e-02   1.4312832e-03  -3.8656890e-01   3.5943198e-01   1.1871961e-04  -1.9273575e-04  -1.3112215e-01  -8.7284582e-01   8.5647130e-05   2.7830379e-04
   6.2500000e-01   8.0509949e+00   1.4121002e+00   6.2686927e-02   1.6666652e-03  -3.6859732e-01   4.5796152e-01   1.0908283e-04  -2.2516684e-04  -1.7476441e-01  -8.2566831e-01   9.9562309e-05   2.5658725e-04
   6.2750000e-01   8.1206389e+00   1.3737584e+00   6.2776275e-02   1.9054810e-03  -3.4569926e-01   5.5047825e-01   9.7824492e-05  -2.5514907e-04  -2.1604779e-01  -7.6735110e-01   1.1239166e-04   2.3104076e-04
   6.3000000e-01   8.1883011e+00   1.3335564e+00   6.2877763e-02   2.1475759e-03  -3.1817536e-01   6.3571861e-01   8.5067047e-05  -2.8222390e-04  -2.5441532e-01  -6.9864435e-01   1.2394369e-04   2.0194055e-04
   6.3250000e-01   8.2540336e+00   1.2916211e+00   6.2990695e-02   2.3926275e-03  -2.8638945e-01   7.1251120e-01   7.0955862e-05  -3.0596400e-04  -2.8934751e-01  -6.2044222e-01   1.3404071e-04   1.6961837e-04
   6.3500000e-01   8.3174148e+00   1.2476665e+00   6.3117139e-02   2.6410019e-03  -2.5076392e-01   7.7979305e-01   5.5657673e-05  -3.2597971e-04  -3.2036960e-01  -5.3377186e-01   1.4252163e-04   1.3445834e-04
   6.3750000e-01   8.3787572e+00   1.2020374e+00   6.3254948e-02   2.8920275e-03  -2.1177429e-01   8.3662516e-01   3.9358699e-05  -3.4192604e-04  -3.4705818e-01  -4.3978010e-01   1.4924454e-04   9.6892104e-05
   6.4000000e-01   8.4375980e+00   1.1544428e+00   6.3406306e-02   3.1460402e-03  -1.6994307e-01   8.8220583e-01   2.2262409e-05  -3.5350802e-04  -3.6904717e-01  -3.3971893e-01   1.5408914e-04   5.7394342e-05
   6.4250000e-01   8.4941218e+00   1.1051068e+00   6.3569871e-02   3.4025837e-03  -1.2583281e-01   9.1588273e-01   4.5870205e-06  -3.6048662e-04  -3.8603310e-01  -2.3492882e-01   1.5695885e-04   1.6476276e-05
   6.4500000e-01   8.5481168e+00   1.0539542e+00   6.3746407e-02   3.6616413e-03  -8.0038701e-02   9.3716275e-01  -1.3437298e-05  -3.6268307e-04  -3.9777953e-01  -1.2682121e-01   1.5778267e-04  -2.5320472e-05
   6.4750000e-01   8.5994492e+00   1.0009733e+00   6.3936257e-02   3.9230967e-03  -3.3180596e-02   9.4571984e-01  -3.1571439e-05  -3.5998296e-04  -4.0412059e-01  -1.6859551e-02   1.5651664e-04  -6.7431125e-05
   6.5000000e-01   8.6482593e+00   9.4633880e-01   6.4138410e-02   4.1865939e-03   1.4105363e-02   9.4140063e-01  -4.9570574e-05  -3.5233924e-04  -4.0496357e-01   9.3460637e-02   1.5314509e-04  -1.0927585e-04
   6.5250000e-01   8.6940292e+00   8.8980486e-01   6.4355036e-02   4.4522787e-03   6.1175361e-02   9.2422765e-01  -6.7187523e-05  -3.3977438e-04  -4.0029054e-01   2.0263165e-01   1.4768130e-04  -1.5026686e-04
   6.5500000e-01   8.7371686e+00   8.3170709e-01   6.4583894e-02   4.7196248e-03   1.0738671e-01   8.9440018e-01  -8.4176230e-05  -3.2238150e-04  -3.9015896e-01   3.0915505e-01   1.4016796e-04  -1.8981829e-04
   6.5750000e-01   8.7772016e+00   7.7185324e-01   6.4826874e-02   4.9886710e-03   1.5210669e-01   8.5229270e-01  -1.0029529e-04  -3.0032462e-04  -3.7470122e-01   4.1156178e-01   1.3067706e-04  -2.2735337e-04
   6.6000000e-01   8.8142228e+00   7.1038459e-01   6.5083248e-02   5.2591130e-03   1.9472129e-01   7.9845076e-01  -1.1531151e-04  -2.7383757e-04  -3.5412315e-01   5.0843312e-01   1.1930940e-04  -2.6231405e-04
   6.6250000e-01   8.8483465e+00   6.4744141e-01   6.5352248e-02   5.5306715e-03   2.3464380e-01   7.3358442e-01  -1.2900338e-04  -2.4322188e-04  -3.2870151e-01   5.9842081e-01   1.0619370e-04  -2.9416958e-04
   6.6500000e-01   8.8789376e+00   5.8280463e-01   6.5636314e-02   5.8032944e-03   2.7132300e-01   6.5855980e-01  -1.4116447e-04  -2.0884445e-04  -2.9878049e-01   6.8026559e-01   9.1485235e-05  -3.2242372e-04
   6.6750000e-01   8.9063969e+00   5.1675820e-01   6.5933459e-02   6.0766003e-03   3.0425097e-01   5.7438740e-01  -1.5160668e-04  -1.7113236e-04  -2.6476723e-01   7.5281624e-01   7.5364060e-05  -3.4662451e-04
   6.7000000e-01   8.9306798e+00   4.4936514e-01   6.6243629e-02   6.3503641e-03   3.3297032e-01   4.8220907e-01  -1.6016330e-04  -1.3056808e-04  -2.2712645e-01   8.1504591e-01   5.8032847e-05  -3.6637099e-04
   6.7250000e-01   8.9514510e+00   3.8058151e-01   6.6567925e-02   6.6243575e-03   3.5708075e-01   3.8328307e-01  -1.6669170e-04  -8.7683920e-05  -1.8637418e-01   8.6606710e-01   3.9714310e-05  -3.8131990e-04
   6.7500000e-01   8.9686158e+00   3.1047426e-01   6.6906450e-02   6.8982932e-03   3.7624489e-01   2.7896688e-01  -1.7107589e-04  -4.3054664e-05  -1.4307086e-01   9.0514519e-01   2.0648329e-05  -3.9119228e-04
   6.7750000e-01   8.9825090e+00   2.3925693e-01   6.7257651e-02   7.1719230e-03   3.9019323e-01   1.7069828e-01  -1.7322862e-04   2.7111813e-06  -9.7813629e-02   9.3170983e-01   1.0887284e-06  -3.9577924e-04
   6.8000000e-01   8.9925869e+00   1.6685313e-01   6.7623372e-02   7.4448943e-03   3.9872813e-01   5.9976368e-02  -1.7309306e-04   4.8978073e-05  -5.1228170e-02   9.4536356e-01  -1.8700220e-05  -3.9494560e-04
   6.8250000e-01   8.9991130e+00   9.3446281e-02   6.8002371e-02   7.7169702e-03   4.0172695e-01  -5.1660153e-02  -1.7064416e-04   9.5094344e-05  -3.9600254e-03   9.4588870e-01  -3.8447486e-05  -3.8863392e-04
   6.8500000e-01   9.0019442e+00   1.9103598e-02   6.8394943e-02   7.9878156e-03   3.9914395e-01  -1.6265412e-01  -1.6588945e-04   1.4040088e-04   4.3334376e-02   9.3325131e-01  -5.7879168e-05  -3.7686645e-04
   6.8750000e-01   9.0010020e+00  -5.6088443e-02   6.8801150e-02   8.2571094e-03   3.9101124e-01  -2.7145199e-01  -1.5886941e-04   1.8424117e-04   8.9996909e-02   9.0760267e-01  -7.6722478e-05  -3.5974622e-04
   6.9000000e-01   8.9963318e+00  -1.3200632e-01   6.9220595e-02   8.5245566e-03   3.7743865e-01  -3.7652620e-01  -1.4965735e-04   2.2597172e-04   1.3537701e-01   8.6927803e-01  -9.4709776e-05  -3.3745677e-04
   6.9250000e-01   8.9878001e+00  -2.0856501e-01   6.9653534e-02   8.7897839e-03   3.5861236e-01  -4.7639678e-01  -1.3835878e-04   2.6497167e-04   1.7884088e-01   8.1879284e-01  -1.1158260e-04  -3.1026073e-04
   6.9500000e-01   8.9754529e+00  -2.8563647e-01   7.0099579e-02   9.0524847e-03   3.3479254e-01  -5.6965307e-01  -1.2511020e-04   3.0065319e-04   2.1978049e-01   7.5683616e-01  -1.2709563e-04  -2.7849689e-04
   6.9750000e-01   8.9592575e+00  -3.6311195e-01   7.0558640e-02   9.3123247e-03   3.0630990e-01  -6.5497408e-01  -1.1007755e-04   3.3247080e-04   2.5762228e-01   6.8426158e-01  -1.4102046e-04  -2.4257615e-04
   7.0000000e-01   8.9391124e+00  -4.4087210e-01   7.1030836e-02   9.5688688e-03   2.7356122e-01  -7.3114784e-01  -9.3454025e-05   3.5993040e-04   2.9183533e-01   6.0207579e-01  -1.5314926e-04  -2.0297637e-04
   7.0250000e-01   8.9151807e+00  -5.1878912e-01   7.1515430e-02   9.8219320e-03   2.3700386e-01  -7.9708954e-01  -7.5457518e-05   3.8259818e-04   3.2193910e-01   5.1142446e-01  -1.6329807e-04  -1.6023529e-04
   7.0500000e-01   8.8872285e+00  -5.9673593e-01   7.2012971e-02   1.0070920e-02   1.9714941e-01  -8.5185731e-01  -5.6327622e-05   4.0010740e-04   3.4751030e-01   4.1357671e-01  -1.7130983e-04  -1.1494383e-04
   7.0750000e-01   8.8555014e+00  -6.7458831e-01   7.2522479e-02   1.0315743e-02   1.5455657e-01  -8.9466674e-01  -3.6322266e-05   4.1216591e-04   3.6818912e-01   3.0990660e-01  -1.7705702e-04  -6.7736323e-05
   7.1000000e-01   8.8197775e+00  -7.5219890e-01   7.3044449e-02   1.0555761e-02   1.0982326e-01  -9.2490247e-01  -1.5713985e-05   4.1856087e-04   3.8368444e-01   2.0187430e-01  -1.8044383e-04  -1.9282289e-05
   7.1250000e-01   8.7802612e+00  -8.2945009e-01   7.3578056e-02   1.0790857e-02   6.3578174e-02  -9.4212784e-01   5.2140435e-06   4.1916356e-04   3.9377815e-01   9.1004485e-02  -1.8140795e-04   2.9724987e-05
   7.1500000e-01   8.7368982e+00  -9.0619470e-01   7.4123271e-02   1.1020565e-02   1.6471815e-02  -9.4609167e-01   2.6172207e-05   4.1393201e-04   3.9832837e-01  -2.1135157e-02  -1.7992170e-04   7.8578401e-05
   7.1750000e-01   8.6895480e+00  -9.8226433e-01   7.4680317e-02   1.1244266e-02  -3.0832736e-02  -9.3673237e-01   4.6868793e-05   4.0291260e-04   3.9727162e-01  -1.3295650e-01  -1.7599278e-04   1.2656781e-04
   7.2000000e-01   8.6386669e+00  -1.0576012e+00   7.5247663e-02   1.1462268e-02  -7.7669321e-02  -9.1417927e-01   6.7014409e-05   3.8624006e-04   3.9062380e-01  -2.4287513e-01  -1.6966440e-04   1.7299344e-04
   7.2250000e-01   8.5838822e+00  -1.1319737e+00   7.5826200e-02   1.1673533e-02  -1.2337825e-01  -8.7875116e-01   8.6326398e-05   3.6413619e-04   3.7848005e-01  -3.4933194e-01  -1.6101473e-04   2.1717421e-04
   7.2500000e-01   8.5255853e+00  -1.2053390e+00   7.6414635e-02   1.1878341e-02  -1.6731578e-01  -8.3095167e-01   1.0453320e-04   3.3690647e-04   3.6101346e-01  -4.5081740e-01  -1.5015603e-04   2.5846158e-04
   7.2750000e-01   8.4633816e+00  -1.2774096e+00   7.7013865e-02   1.2075467e-02  -2.0886333e-01  -7.7146268e-01   1.2137851e-04   3.0493663e-04   3.3847261e-01  -5.4589221e-01  -1.3723296e-04   2.9624737e-04
   7.3000000e-01   8.3977954e+00  -1.3482054e+00   7.7622258e-02   1.2265502e-02  -2.4743644e-01  -7.0113368e-01   1.3662533e-04   2.6868545e-04   3.1117802e-01  -6.3321010e-01  -1.2242060e-04   3.2997701e-04
   7.3250000e-01   8.3286607e+00  -1.4175086e+00   7.8240083e-02   1.2447649e-02  -2.8249310e-01  -6.2097003e-01   1.5005959e-04   2.2867879e-04   2.7951753e-01  -7.1153638e-01  -1.0592176e-04   3.5915644e-04
   7.3500000e-01   8.2560225e+00  -1.4851588e+00   7.8867011e-02   1.2621487e-02  -3.1354158e-01  -5.3211804e-01   1.6149352e-04   1.8550102e-04   2.4394074e-01  -7.7976643e-01  -8.7963950e-05   3.8336104e-04
   7.3750000e-01   8.1801524e+00  -1.5511228e+00   7.9502151e-02   1.2787189e-02  -3.4014746e-01  -4.3584773e-01   1.7076857e-04   1.3978486e-04   2.0495245e-01  -8.3694218e-01  -6.8795912e-05   4.0224333e-04
   7.4000000e-01   8.1010433e+00  -1.6152326e+00   8.0145333e-02   1.2944253e-02  -3.6193983e-01  -3.3353447e-01   1.7775780e-04   9.2201960e-05   1.6310537e-01  -8.8226564e-01  -4.8683759e-05   4.1553800e-04
   7.4250000e-01   8.0186368e+00  -1.6772594e+00   8.0796479e-02   1.3091943e-02  -3.7861655e-01  -2.2663883e-01   1.8236790e-04   4.3452302e-05   1.1899212e-01  -9.1511047e-01  -2.7906874e-05   4.2306627e-04
   7.4500000e-01   7.9332685e+00  -1.7372357e+00   8.1454575e-02   1.3230678e-02  -3.8994848e-01  -1.1668419e-01   1.8454051e-04  -5.7489483e-06   7.3236625e-02  -9.3503120e-01  -6.7535752e-06   4.2473952e-04
   7.4750000e-01   7.8450380e+00  -1.7950618e+00   8.2119195e-02   1.3360251e-02  -3.9578269e-01  -5.2346248e-03   1.8425307e-04  -5.4682311e-05   2.6485097e-02  -9.4176916e-01   1.4483386e-05   4.2055996e-04
   7.5000000e-01   7.7538286e+00  -1.8504447e+00   8.2790367e-02   1.3479665e-02  -3.9604442e-01   1.0612761e-01   1.8151895e-04  -1.0263476e-04  -2.0603328e-02  -9.3525578e-01   3.5511369e-05   4.1062043e-04
   7.5250000e-01   7.6599382e+00  -1.9034236e+00   8.3467201e-02   1.3589309e-02  -3.9073804e-01   2.1582636e-01   1.7638722e-04  -1.4891342e-04  -6.7366084e-02  -9.1561312e-01   5.6042376e-05   3.9510270e-04
   7.5500000e-01   7.5635525e+00  -1.9539815e+00   8.4149089e-02   1.3689293e-02  -3.7994673e-01   3.2231445e-01   1.6894155e-04  -1.9285639e-04  -1.1314671e-01  -8.8315128e-01   7.5797497e-05   3.7427372e-04
   7.5750000e-01   7.4646141e+00  -2.0018481e+00   8.4835893e-02   1.3778727e-02  -3.6383102e-01   4.2409564e-01   1.5929874e-04  -2.3384232e-04  -1.5730424e-01  -8.3836329e-01   9.4511170e-05   3.4848105e-04
   7.6000000e-01   7.3633524e+00  -2.0470380e+00   8.5526898e-02   1.3857848e-02  -3.4262625e-01   5.1974705e-01   1.4760663e-04  -2.7130177e-04  -1.9922238e-01  -7.8191685e-01   1.1193521e-04   3.1814615e-04
   7.6250000e-01   7.2600177e+00  -2.0896449e+00   8.6221414e-02   1.3927150e-02  -3.1663892e-01   6.0793967e-01   1.3404155e-04  -3.0472628e-04  -2.3831819e-01  -7.1464358e-01   1.2784251e-04   2.8375646e-04
   7.6500000e-01   7.1544212e+00  -2.1291639e+00   8.6919426e-02   1.3984880e-02  -2.8624195e-01   6.8745628e-01   1.1880525e-04  -3.3367422e-04  -2.7405034e-01  -6.3752667e-01   1.4203032e-04   2.4585808e-04
   7.6750000e-01   7.0470945e+00  -2.1660999e+00   8.7619833e-02   1.4033048e-02  -2.5186916e-01   7.5721015e-01   1.0212155e-04  -3.5778052e-04  -3.0592665e-01  -5.5168434e-01   1.5432322e-04   2.0504360e-04
   7.7000000e-01   6.9378865e+00  -2.1999587e+00   8.8322498e-02   1.4069948e-02  -2.1400868e-01   8.1625860e-01   8.4232536e-05  -3.7675896e-04  -3.3351085e-01  -4.5835404e-01   1.6457539e-04   1.6194424e-04
   7.7250000e-01   6.8271393e+00  -2.2310484e+00   8.9026679e-02   1.4096810e-02  -1.7319578e-01   8.6381671e-01   6.5394602e-05  -3.9040769e-04  -3.5642854e-01  -3.5887246e-01   1.7267259e-04   1.1721667e-04
   7.7500000e-01   6.7148356e+00  -2.2590261e+00   8.9731975e-02   1.4112495e-02  -1.3000498e-01   8.9926691e-01   4.5874231e-05  -3.9861021e-04  -3.7437215e-01  -2.5465632e-01   1.7853342e-04   7.1533580e-05
   7.7750000e-01   6.6013036e+00  -2.2842762e+00   9.0437780e-02   1.4118462e-02  -8.5041663e-02   9.2216711e-01   2.5943734e-05  -4.0133677e-04  -3.8710496e-01  -1.4718022e-01   1.8211010e-04   2.5570195e-05
   7.8000000e-01   6.4864804e+00  -2.3062844e+00   9.1143599e-02   1.4112966e-02  -3.8933340e-02   9.3225522e-01   5.8769099e-06  -3.9864261e-04  -3.9446396e-01  -3.7956076e-02   1.8338861e-04  -2.0004512e-05
   7.8250000e-01   6.3706831e+00  -2.3254809e+00   9.1848910e-02   1.4097597e-02   7.6793885e-03   9.2945166e-01  -1.4055207e-05  -3.9066606e-04  -3.9636176e-01   7.1490310e-02   1.8238838e-04  -6.4541316e-05
   7.8500000e-01   6.2540115e+00  -2.3417849e+00   9.2553233e-02   1.4072126e-02   5.4151939e-02   9.1385861e-01  -3.3588496e-05  -3.7762422e-04  -3.9278725e-01   1.7964057e-01   1.7916132e-04  -1.0741971e-04
   7.8750000e-01   6.1365579e+00  -2.3549819e+00   9.3255915e-02   1.4035865e-02   9.9844837e-02   8.8575694e-01  -5.2469694e-05  -3.5980791e-04  -3.8380523e-01   2.8500540e-01   1.7379034e-04  -1.4805745e-04
   7.9000000e-01   6.0185381e+00  -2.3653844e+00   9.3956602e-02   1.3989941e-02   1.4413265e-01   8.4560025e-01  -7.0460076e-05  -3.3757497e-04  -3.6955497e-01   3.8614606e-01   1.6638747e-04  -1.8592035e-04
   7.9250000e-01   5.9000778e+00  -2.3730114e+00   9.4654836e-02   1.3934457e-02   1.8641264e-01   7.9400663e-01  -8.7338813e-05  -3.1134287e-04  -3.5024768e-01   4.8169402e-01   1.5709146e-04  -2.2052929e-04
   7.9500000e-01   5.7812930e+00  -2.3776790e+00   9.5349885e-02   1.3868812e-02   2.2611294e-01   7.3174817e-01  -1.0290595e-04  -2.8158043e-04  -3.2616300e-01   5.7036948e-01   1.4606500e-04  -2.5146666e-04
   7.9750000e-01   5.6623485e+00  -2.3796251e+00   9.6041446e-02   1.3793848e-02   2.6270032e-01   6.5973820e-01  -1.1698496e-04  -2.4879849e-04  -2.9764454e-01   6.5099878e-01   1.3349168e-04  -2.7838209e-04
   8.0000000e-01   5.5433726e+00  -2.3789578e+00   9.6729156e-02   1.3709952e-02   2.9568721e-01   5.7901675e-01  -1.2942487e-04  -2.1354048e-04  -2.6509463e-01   7.2252951e-01   1.1957258e-04  -3.0099616e-04
   8.0250000e-01   5.4244966e+00  -2.3756154e+00   9.7412370e-02   1.3616927e-02   3.2463803e-01   4.9073454e-01  -1.4010189e-04  -1.7637254e-04  -2.2896818e-01   7.8404380e-01   1.0452279e-04  -3.1910289e-04
   8.0500000e-01   5.3058606e+00  -2.3696696e+00   9.8090597e-02   1.3515023e-02   3.4917474e-01   3.9613545e-01  -1.4892051e-04  -1.3787353e-04  -1.8976601e-01   8.3476955e-01   8.8567654e-05  -3.3257101e-04
   8.0750000e-01   5.1875681e+00  -2.3613480e+00   9.8763729e-02   1.3405018e-02   3.6898149e-01   2.9653805e-01  -1.5581418e-04  -9.8625171e-05  -1.4802756e-01   8.7408924e-01   7.1939115e-05  -3.4134376e-04
   8.1000000e-01   5.0697607e+00  -2.3505891e+00   9.9431040e-02   1.3286701e-02   3.8380839e-01   1.9331639e-01  -1.6074544e-04  -5.9202414e-05  -1.0432313e-01   9.0154648e-01   5.4871939e-05  -3.4543743e-04
   8.1250000e-01   4.9525636e+00  -2.3374961e+00   1.0009212e-01   1.3160412e-02   3.9347420e-01   8.7880259e-02  -1.6370556e-04  -2.0164265e-05  -5.9245842e-02   9.1685018e-01   3.7600080e-05  -3.4493861e-04
   8.1500000e-01   4.8360239e+00  -2.3223434e+00   1.0074714e-01   1.3027079e-02   3.9786821e-01  -1.8344448e-02  -1.6471377e-04   1.7954409e-05  -1.3403365e-02   9.1987627e-01   2.0353161e-05  -3.4000035e-04
   8.1750000e-01   4.7203748e+00  -2.3048935e+00   1.0139466e-01   1.2885871e-02   3.9695099e-01  -1.2393582e-01  -1.6381605e-04   5.4651515e-05   3.2590416e-02   9.1066706e-01   3.3531561e-06  -3.3083729e-04
   8.2000000e-01   4.6055576e+00  -2.2856272e+00   1.0203565e-01   1.2738416e-02   3.9075420e-01  -2.2749456e-01  -1.6108347e-04   8.9463326e-05   7.8123737e-02   8.8942839e-01  -1.3188697e-05  -3.1772000e-04
   8.2250000e-01   4.4918630e+00  -2.2642631e+00   1.0266829e-01   1.2583719e-02   3.7937948e-01  -3.2766340e-01  -1.5661031e-04   1.2197219e-04   1.2259513e-01   8.5652439e-01  -2.9074686e-05  -3.0096822e-04
   8.2500000e-01   4.3791942e+00  -2.2412415e+00   1.0329366e-01   1.2423274e-02   3.6299632e-01  -4.2314377e-01  -1.5051171e-04   1.5180953e-04   1.6542131e-01   8.1247048e-01  -4.4123086e-05  -2.8094423e-04
   8.2750000e-01   4.2677452e+00  -2.2164947e+00   1.0391068e-01   1.2256815e-02   3.4183915e-01  -5.1271313e-01  -1.4292124e-04   1.7866123e-04   2.0604481e-01   7.5792408e-01  -5.8170288e-05  -2.5804496e-04
   8.3000000e-01   4.1576037e+00  -2.1901269e+00   1.0451904e-01   1.2084668e-02   3.1620351e-01  -5.9523975e-01  -1.3398818e-04   2.0226992e-04   2.4394099e-01   6.9367383e-01  -7.1072526e-05  -2.3269425e-04
   8.3250000e-01   4.0487101e+00  -2.1623938e+00   1.0511934e-01   1.1907697e-02   2.8644154e-01  -6.6969610e-01  -1.2387469e-04   2.2243597e-04   2.7862465e-01   6.2062746e-01  -8.2707230e-05  -2.0533563e-04
   8.3500000e-01   3.9413850e+00  -2.1331523e+00   1.0570976e-01   1.1725350e-02   2.5295676e-01  -7.3517163e-01  -1.1275290e-04   2.3901985e-04   3.0965601e-01   5.3979732e-01  -9.2974005e-05  -1.7642289e-04
   8.3750000e-01   3.8354330e+00  -2.1027479e+00   1.0629168e-01   1.1538816e-02   2.1619821e-01  -7.9088183e-01  -1.0080192e-04   2.5193954e-04   3.3664585e-01   4.5228663e-01  -1.0179514e-04  -1.4641460e-04
   8.4000000e-01   3.7311258e+00  -2.0711174e+00   1.0686360e-01   1.1347818e-02   1.7665414e-01  -8.3617754e-01  -8.8204948e-05   2.6117100e-04   3.5926017e-01   3.5927264e-01  -1.0911587e-04  -1.1576453e-04
   8.4250000e-01   3.6283544e+00  -2.0384790e+00   1.0742630e-01   1.1153101e-02   1.3484529e-01  -8.7055058e-01  -7.5146407e-05   2.6674460e-04   3.7722379e-01   2.6199124e-01  -1.1490409e-04  -8.4916662e-05
   8.4500000e-01   3.5272856e+00  -2.0048646e+00   1.0797890e-01   1.0954728e-02   9.1317796e-02  -8.9363863e-01  -6.1809186e-05   2.6874284e-04   3.9032334e-01   1.6171934e-01  -1.1914992e-04  -5.4297198e-05
   8.4750000e-01   3.4279022e+00  -1.9704069e+00   1.0852160e-01   1.0753137e-02   4.6635896e-02  -9.0522742e-01  -4.8372054e-05   2.6729618e-04   3.9840930e-01   5.9758434e-02  -1.2186478e-04  -2.4309839e-05
   8.5000000e-01   3.3302348e+00  -1.9352086e+00   1.0905430e-01   1.0548660e-02   1.3745568e-03  -9.0525132e-01  -3.5007254e-05   2.6257875e-04   4.0139722e-01  -4.2582490e-02  -1.2308027e-04   4.6696480e-06
   8.5250000e-01   3.2344117e+00  -1.8993274e+00   1.0957631e-01   1.0341450e-02  -4.3887977e-02  -8.9379192e-01  -2.1878326e-05   2.5480352e-04   3.9926810e-01  -1.4400405e-01  -1.2284679e-04   3.2298541e-05
   8.5500000e-01   3.1402511e+00  -1.8629250e+00   1.1008875e-01   1.0132089e-02  -8.8577542e-02  -8.7107486e-01  -9.1381591e-06   2.4421716e-04   3.9206790e-01  -2.4323164e-01  -1.2123186e-04   5.8268622e-05
   8.5750000e-01   3.0481374e+00  -1.8259929e+00   1.1058943e-01   9.9204483e-03  -1.3213125e-01  -8.3746457e-01   3.0726902e-06   2.3109390e-04   3.7990633e-01  -3.3903303e-01  -1.1831843e-04   8.2313037e-05
   8.6000000e-01   2.9577510e+00  -1.7887022e+00   1.1108023e-01   9.7071762e-03  -1.7400445e-01  -7.9345815e-01   1.4627377e-05   2.1573097e-04   3.6295469e-01  -4.3023069e-01  -1.1420278e-04   1.0420339e-04
   8.6250000e-01   2.8691657e+00  -1.7511141e+00   1.1156073e-01   9.4924569e-03  -2.1367733e-01  -7.3967702e-01   2.5413918e-05   1.9844237e-04   3.4144317e-01  -5.1571703e-01  -1.0899262e-04   1.2375388e-04
   8.6500000e-01   2.7826500e+00  -1.7132783e+00   1.1202942e-01   9.2763882e-03  -2.5066116e-01  -6.7685692e-01   3.5336029e-05   1.7955214e-04   3.1565733e-01  -5.9446764e-01  -1.0280493e-04   1.4082297e-04
   8.6750000e-01   2.6979859e+00  -1.6753000e+00   1.1248753e-01   9.0593776e-03  -2.8450398e-01  -6.0583808e-01   4.4313630e-05   1.5939074e-04   2.8593397e-01  -6.6555111e-01  -9.5763785e-05   1.5531005e-04
   8.7000000e-01   2.6151466e+00  -1.6372472e+00   1.1293520e-01   8.8416610e-03  -3.1479586e-01  -5.2755326e-01   5.2283161e-05   1.3828928e-04   2.5265644e-01  -7.2813987e-01  -8.7998288e-05   1.6715602e-04
   8.7250000e-01   2.5341391e+00  -1.5991813e+00   1.1337239e-01   8.6234452e-03  -3.4117351e-01  -4.4301493e-01   5.9197620e-05   1.1657436e-04   2.1624947e-01  -7.8151888e-01  -7.9640493e-05   1.7634202e-04
   8.7500000e-01   2.4551936e+00  -1.5611740e+00   1.1379773e-01   8.4049187e-03  -3.6332424e-01  -3.5330112e-01   6.5026334e-05   9.4561858e-05   1.7717356e-01  -8.2509316e-01  -7.0823398e-05   1.8288830e-04
   8.7750000e-01   2.3781178e+00  -1.5232826e+00   1.1421231e-01   8.1863265e-03  -3.8098928e-01  -2.5954286e-01   6.9754423e-05   7.2555552e-05   1.3591893e-01  -8.5839242e-01  -6.1678989e-05   1.8684980e-04
   8.8000000e-01   2.3028376e+00  -1.4855545e+00   1.1461651e-01   7.9678531e-03  -3.9396642e-01  -1.6290955e-01   7.3382199e-05   5.0842774e-05   9.2999337e-02  -8.8107543e-01  -5.2336506e-05   1.8831417e-04
   8.8250000e-01   2.2295064e+00  -1.4480602e+00   1.1500940e-01   7.7497081e-03  -4.0211189e-01  -6.4593617e-02   7.5924335e-05   2.9689416e-05   4.8945596e-02  -8.9293263e-01  -4.2920804e-05   1.8739893e-04
   8.8500000e-01   2.1580806e+00  -1.4108477e+00   1.1539118e-01   7.5320738e-03  -4.0534157e-01   3.4203353e-02   7.7408805e-05   9.3387218e-06   4.2989960e-03  -8.9388666e-01  -3.3550864e-05   1.8424749e-04
   8.8750000e-01   2.0883806e+00  -1.3739344e+00   1.1576284e-01   7.3150609e-03  -4.0363140e-01   1.3228435e-01   7.7875741e-05  -9.9897325e-06  -4.0395305e-02  -8.8399161e-01  -2.4338496e-05   1.7902567e-04
   8.9000000e-01   2.0206572e+00  -1.3374136e+00   1.1612283e-01   7.0989428e-03  -3.9701719e-01   2.2847282e-01   7.7376255e-05  -2.8105234e-05  -8.4594855e-02  -8.6343076e-01  -1.5387219e-05   1.7191781e-04
   8.9250000e-01   1.9547024e+00  -1.3012868e+00   1.1647233e-01   6.8837836e-03  -3.8559355e-01   3.2162442e-01   7.5970994e-05  -4.4843281e-05  -1.2776636e-01  -8.3251289e-01  -6.7913341e-06   1.6312322e-04
   8.9500000e-01   1.8904399e+00  -1.2655731e+00   1.1681172e-01   6.6696794e-03  -3.6951234e-01   4.1064060e-01   7.3728832e-05  -6.0067392e-05  -1.6939198e-01  -7.9166728e-01   1.3648212e-06   1.5285260e-04
   8.9750000e-01   1.8281417e+00  -1.2303825e+00   1.1713929e-01   6.4569673e-03  -3.4898033e-01   4.9448227e-01   7.0725464e-05  -7.3671925e-05  -2.0897531e-01  -7.4143660e-01   9.0074457e-06   1.4132299e-04
   9.0000000e-01   1.7674642e+00  -1.1956581e+00   1.1745702e-01   6.2455388e-03  -3.2425623e-01   5.7217886e-01   6.7041870e-05  -8.5577098e-05  -2.4604712e-01  -6.8247038e-01   1.6073590e-05   1.2875648e-04
   9.0250000e-01   1.7085121e+00  -1.1614623e+00   1.1776420e-01   6.0356063e-03  -2.9564731e-01   6.4284053e-01   6.2763018e-05  -9.5731760e-05  -2.8017061e-01  -6.1551544e-01   2.2511410e-05   1.1537512e-04
   9.0500000e-01   1.6513414e+00  -1.1278461e+00   1.1806040e-01   5.8273567e-03  -2.6350531e-01   7.0566736e-01   5.7976434e-05  -1.0411180e-04  -3.1094636e-01  -5.4140615e-01   2.8280162e-05   1.0139770e-04
   9.0750000e-01   1.5957261e+00  -1.0947641e+00   1.1834692e-01   5.6206931e-03  -2.2822196e-01   7.5995678e-01   5.2770847e-05  -1.1071718e-04  -3.3801665e-01  -4.6105475e-01   3.3350043e-05   8.7038675e-05
   9.1000000e-01   1.5418143e+00  -1.0622960e+00   1.1862275e-01   5.4158902e-03  -1.9022415e-01   8.0511169e-01   4.7234992e-05  -1.1557240e-04  -3.6106937e-01  -3.7543886e-01   3.7701974e-05   7.2503113e-05
   9.1250000e-01   1.4895402e+00  -1.0304455e+00   1.1888820e-01   5.2129962e-03  -1.4996859e-01   8.4064567e-01   4.1456376e-05  -1.1872339e-04  -3.7984130e-01  -2.8559022e-01   4.1327127e-05   5.7985725e-05
   9.1500000e-01   1.4387512e+00  -9.9917813e-01   1.1914414e-01   5.0119362e-03  -1.0793634e-01   8.6618738e-01   3.5520211e-05  -1.2023537e-04  -3.9412080e-01  -1.9258283e-01   4.4226411e-05   4.3669685e-05
   9.1750000e-01   1.3895652e+00  -9.6856412e-01   1.1938972e-01   4.8129663e-03  -6.4627002e-02   8.8148410e-01   2.9508447e-05  -1.2019145e-04  -4.0374994e-01  -9.7519083e-02   4.6409894e-05   2.9722694e-05
   9.2000000e-01   1.3419379e+00  -9.3860852e-01   1.1962512e-01   4.6161382e-03  -2.0552828e-02   8.8640321e-01   2.3498878e-05  -1.1868974e-04  -4.0862589e-01  -1.5176641e-03   4.7896028e-05   1.6296928e-05
   9.2250000e-01   1.2957207e+00  -9.0926796e-01   1.1985120e-01   4.4213424e-03   2.3767302e-02   8.8093264e-01   1.7564395e-05  -1.1584107e-04  -4.0870177e-01   9.4298879e-02   4.8710873e-05   3.5289527e-06
   9.2500000e-01   1.2509086e+00  -8.8055785e-01   1.2006790e-01   4.2286599e-03   6.7813902e-02   8.6518007e-01   1.1772346e-05  -1.1176687e-04  -4.0398683e-01   1.8881752e-01   4.8887321e-05  -8.4623111e-06
   9.2750000e-01   1.2076618e+00  -8.5257077e-01   1.2027404e-01   4.0384394e-03   1.1107288e-01   8.3937046e-01   6.1840062e-06  -1.0659628e-04  -3.9454596e-01   2.8094800e-01   4.8464206e-05  -1.9577477e-05
   9.3000000e-01   1.1657450e+00  -8.2521516e-01   1.2047108e-01   3.8504026e-03   1.5304137e-01   8.0384278e-01   8.5419609e-07  -1.0046451e-04  -3.8049857e-01   3.6963322e-01   4.7485332e-05  -2.9733316e-05
   9.3250000e-01   1.1251241e+00  -7.9848894e-01   1.2065916e-01   3.6645718e-03   1.9323348e-01   7.5904529e-01  -4.1690257e-06  -9.3510479e-05  -3.6201692e-01   4.5386176e-01   4.5998668e-05  -3.8864506e-05
   9.3500000e-01   1.0857810e+00  -7.7239666e-01   1.2083831e-01   3.4809930e-03   2.3118572e-01   7.0552956e-01  -8.8445464e-06  -8.5874639e-05  -3.3932385e-01   5.3267904e-01   4.4055444e-05  -4.6923443e-05
   9.3750000e-01   1.0478690e+00  -7.4703063e-01   1.2100732e-01   3.3000334e-03   2.6646217e-01   6.4394297e-01  -1.3138275e-05  -7.7695900e-05  -3.1268992e-01   6.0519818e-01   4.1709273e-05  -5.3880851e-05
   9.4000000e-01   1.0111712e+00  -7.2229399e-01   1.2116761e-01   3.1213781e-03   2.9865930e-01   5.7502168e-01  -1.7023068e-05  -6.9111735e-05  -2.8243003e-01   6.7060805e-01   3.9015233e-05  -5.9722194e-05
   9.4250000e-01   9.7566958e-01  -6.9818865e-01   1.2131920e-01   2.9450654e-03   3.2741036e-01   4.9958136e-01  -2.0478652e-05  -6.0255595e-05  -2.4889965e-01   7.2818265e-01   3.6029125e-05  -6.4448348e-05
   9.4500000e-01   9.4133396e-01  -6.7470911e-01   1.2146221e-01   2.7711067e-03   3.5238941e-01   4.1850751e-01  -2.3491430e-05  -5.1255475e-05  -2.1249054e-01   7.7728855e-01   3.2806710e-05  -6.8074434e-05
   9.4750000e-01   9.0815671e-01  -6.5186147e-01   1.2159659e-01   2.5995578e-03   3.7331477e-01   3.3274500e-01  -2.6054201e-05  -4.2232397e-05  -1.7362614e-01   8.1739146e-01   2.9402991e-05  -7.0628721e-05
   9.5000000e-01   8.7609033e-01  -6.2962921e-01   1.2172257e-01   2.4303886e-03   3.8995201e-01   2.4328734e-01  -2.8165820e-05  -3.3299614e-05  -1.3275660e-01   8.4806142e-01   2.5871557e-05  -7.2151139e-05
   9.5250000e-01   8.4511314e-01  -6.0800903e-01   1.2184021e-01   2.2636195e-03   4.0211637e-01   1.5116519e-01  -2.9830799e-05  -2.4561456e-05  -9.0353558e-02   8.6897704e-01   2.2264003e-05  -7.2692047e-05
   9.5500000e-01   8.1528054e-01  -5.8704154e-01   1.2194895e-01   2.0994485e-03   4.0967462e-01   5.7434287e-02  -3.1058871e-05  -1.6111876e-05  -4.6904736e-02   8.7992842e-01   1.8629403e-05  -7.2310891e-05
   9.5750000e-01   7.8644416e-01  -5.6664973e-01   1.2204984e-01   1.9376030e-03   4.1254634e-01  -3.6835465e-02  -3.1864465e-05  -8.0357847e-06  -2.9083461e-03   8.8081872e-01   1.5013861e-05  -7.1074437e-05
   9.6000000e-01   7.5861248e-01  -5.4684541e-01   1.2214270e-01   1.7781643e-03   4.1070456e-01  -1.3057268e-01  -3.2266253e-05  -4.0723352e-07   4.1132559e-02   8.7166474e-01   1.1460141e-05  -6.9055696e-05
   9.6250000e-01   7.3175638e-01  -5.2761810e-01   1.2222764e-01   1.6211238e-03   4.0417593e-01  -2.2271623e-01  -3.2286615e-05   6.7104414e-06   8.4715765e-02   8.5259611e-01   8.0073590e-06  -6.6332467e-05
   9.6500000e-01   7.0585483e-01  -5.0896155e-01   1.2230473e-01   1.4664909e-03   3.9304013e-01  -3.1222696e-01  -3.1951093e-05   1.3264738e-05   1.2734554e-01   8.2385328e-01   4.6907380e-06  -6.2985965e-05
   9.6750000e-01   6.8081196e-01  -4.9082317e-01   1.2237467e-01   1.3140732e-03   3.7742879e-01  -3.9809877e-01  -3.1287857e-05   1.9213230e-05   1.6853818e-01   7.8578441e-01   1.5414420e-06  -5.9099797e-05
   9.7000000e-01   6.5676771e-01  -4.7329365e-01   1.2243614e-01   1.1643004e-03   3.5752387e-01  -4.7937066e-01  -3.0327196e-05   2.4525390e-05   2.0782737e-01   7.3884063e-01  -1.4135458e-06  -5.4757870e-05
   9.7250000e-01   6.3357047e-01  -4.5628568e-01   1.2249031e-01   1.0168316e-03   3.3355535e-01  -5.5513581e-01  -2.9100927e-05   2.9179654e-05   2.4476937e-01   6.8357104e-01  -4.1514374e-06  -5.0044301e-05
   9.7500000e-01   6.1119549e-01  -4.3978802e-01   1.2253729e-01   8.7165027e-04   3.0579858e-01  -6.2455200e-01  -2.7641946e-05   3.3164123e-05   2.7894790e-01   6.2061609e-01  -6.6536506e-06  -4.5041991e-05
   9.7750000e-01   5.8963144e-01  -4.2379745e-01   1.2257708e-01   7.2877608e-04   2.7457100e-01  -6.8685065e-01  -2.5983741e-05   3.6476104e-05   3.0997868e-01   5.5070004e-01  -8.9057486e-06  -3.9831557e-05
   9.8000000e-01   5.6881947e-01  -4.0828038e-01   1.2261010e-01   5.8808815e-04   2.4022849e-01  -7.4134487e-01  -2.4159937e-05   3.9121181e-05   3.3751367e-01   4.7462281e-01  -1.0897325e-05  -3.4490814e-05
   9.8250000e-01   5.4874675e-01  -3.9323161e-01   1.2263637e-01   4.4959299e-04   2.0316128e-01  -7.8743690e-01  -2.2203879e-05   4.1112858e-05   3.6124479e-01   3.9325067e-01  -1.2621865e-05  -2.9093712e-05
   9.8500000e-01   5.2939201e-01  -3.7864033e-01   1.2265600e-01   3.1327123e-04   1.6378946e-01  -8.2462435e-01  -2.0148238e-05   4.2471758e-05   3.8090731e-01   3.0750652e-01  -1.4076549e-05  -2.3709731e-05
   9.8750000e-01   5.1084392e-01  -3.6456639e-01   1.2266802e-01   1.7945105e-04   1.2255827e-01  -8.5250552e-01  -1.8024651e-05   4.3225157e-05   3.9628263e-01   2.1835897e-01  -1.5262035e-05  -1.8402322e-05
   9.9000000e-01   4.9301337e-01  -3.5095555e-01   1.2267316e-01   4.7913627e-05   7.9933025e-02  -8.7078315e-01  -1.5863395e-05   4.3405418e-05   4.0720057e-01   1.2681228e-01  -1.6182150e-05  -1.3230048e-05
   9.9250000e-01   4.7581829e-01  -3.3775678e-01   1.2267210e-01  -8.1559261e-05   3.6393898e-02  -8.7926746e-01  -1.3693126e-05   4.3049452e-05   4.1354118e-01   3.3895247e-02  -1.6843652e-05  -8.2462753e-06
   9.9500000e-01   4.5924231e-01  -3.2496095e-01   1.2266493e-01  -2.0898402e-04  -7.5694435e-03  -8.7787800e-01  -1.1540655e-05   4.2198158e-05   4.1523594e-01  -5.9350555e-02  -1.7255966e-05  -3.4983351e-06
   9.9750000e-01   4.4326789e-01  -3.1255805e-01   1.2265172e-01  -3.3438218e-04  -5.1463313e-02  -8.6664427e-01  -9.4307482e-06   4.0895612e-05   4.1226841e-01  -1.5188225e-01  -1.7430882e-05   9.7261753e-07
   1.0000000e+00   4.2787787e-01  -3.0053809e-01   1.2263257e-01  -4.5777560e-04  -9.4795496e-02  -8.4570502e-01  -7.3859690e-06   3.9188292e-05   4.0467430e-01  -2.4266715e-01  -1.7382252e-05   5.1316685e-06
