   0.0000000e+00   4.2787787e-01  -3.0053809e-01   1.2263257e-01  -4.5777560e-04  -1.2918328e-01  -1.4212316e-01  -1.0398784e-02   1.0337557e-04  -6.7679876e-01  -1.1930430e-01  -9.5131708e-03  -6.6923190e-05
   2.5000000e-03   4.1324398e-01  -2.8901554e-01   1.2260558e-01  -5.7850856e-04  -1.3628943e-01  -1.4331804e-01  -1.0393615e-02   9.9339195e-05  -6.8276397e-01  -1.1350618e-01  -9.5165170e-03  -7.3074557e-05
   5.0000000e-03   3.9910284e-01  -2.7781823e-01   1.2257337e-01  -6.9746231e-04  -1.4345533e-01  -1.4452129e-01  -1.0388649e-02   9.5365187e-05  -6.8843928e-01  -1.0782664e-01  -9.5201707e-03  -7.8925414e-05
   7.5000000e-03   3.8544471e-01  -2.6694008e-01   1.2253599e-01  -8.1465149e-04  -1.5068139e-01  -1.4573223e-01  -1.0383880e-02   9.1454244e-05  -6.9383060e-01  -1.0226315e-01  -9.5241170e-03  -8.4483276e-05
   1.0000000e-02   3.7230350e-01  -2.5640402e-01   1.2249302e-01  -9.2992428e-04  -1.5796799e-01  -1.4695009e-01  -1.0379308e-02   8.7606757e-05  -6.9894376e-01  -9.6812672e-02  -9.5283411e-03  -8.9756603e-05
   1.2500000e-02   3.5981620e-01  -2.4630150e-01   1.2244282e-01  -1.0427090e-03  -1.6531549e-01  -1.4817371e-01  -1.0374927e-02   8.3822310e-05  -7.0378439e-01  -9.1470758e-02  -9.5328289e-03  -9.4756515e-05
   1.5000000e-02   3.4779948e-01  -2.3651126e-01   1.2238731e-01  -1.1536584e-03  -1.7272417e-01  -1.4940230e-01  -1.0370736e-02   8.0101119e-05  -7.0835792e-01  -8.6234348e-02  -9.5375668e-03  -9.9491279e-05
   1.7500000e-02   3.3608794e-01  -2.2692358e-01   1.2232834e-01  -1.2634145e-03  -1.8019428e-01  -1.5063541e-01  -1.0366731e-02   7.6444040e-05  -7.1266964e-01  -8.1101638e-02  -9.5425413e-03  -1.0396658e-04
   2.0000000e-02   3.2510227e-01  -2.1781768e-01   1.2226095e-01  -1.3702507e-03  -1.8772605e-01  -1.5187154e-01  -1.0362909e-02   7.2849707e-05  -7.1672472e-01  -7.6067001e-02  -9.5477397e-03  -1.0819563e-04
   2.2500000e-02   3.1438654e-01  -2.0889078e-01   1.2219036e-01  -1.4759724e-03  -1.9531962e-01  -1.5311025e-01  -1.0359266e-02   6.9318846e-05  -7.2052806e-01  -7.1128641e-02  -9.5531494e-03  -1.1218388e-04
   2.5000000e-02   3.0415388e-01  -2.0028416e-01   1.2211403e-01  -1.5796926e-03  -2.0297513e-01  -1.5435052e-01  -1.0355800e-02   6.5850949e-05  -7.2408449e-01  -6.6282762e-02  -9.5587586e-03  -1.1594073e-04
   2.7500000e-02   2.9439935e-01  -1.9199378e-01   1.2203186e-01  -1.6813734e-03  -2.1069265e-01  -1.5559129e-01  -1.0352508e-02   6.2445356e-05  -7.2739863e-01  -6.1525486e-02  -9.5645557e-03  -1.1947562e-04
   3.0000000e-02   2.8489282e-01  -1.8386733e-01   1.2194665e-01  -1.7819912e-03  -2.1847221e-01  -1.5683209e-01  -1.0349386e-02   5.9102528e-05  -7.3047490e-01  -5.6854861e-02  -9.5705294e-03  -1.2279408e-04
   3.2500000e-02   2.7594118e-01  -1.7610660e-01   1.2185451e-01  -1.8801777e-03  -2.2631380e-01  -1.5807153e-01  -1.0346430e-02   5.5821046e-05  -7.3331764e-01  -5.2266115e-02  -9.5766691e-03  -1.2590719e-04
   3.5000000e-02   2.6735198e-01  -1.6858366e-01   1.2175773e-01  -1.9767358e-03  -2.3421738e-01  -1.5930872e-01  -1.0343639e-02   5.2600433e-05  -7.3593095e-01  -4.7756099e-02  -9.5829645e-03  -1.2882269e-04
   3.7500000e-02   2.5907919e-01  -1.6126779e-01   1.2165686e-01  -2.0718563e-03  -2.4218281e-01  -1.6054286e-01  -1.0341009e-02   4.9440353e-05  -7.3831875e-01  -4.3321999e-02  -9.5894056e-03  -1.3154759e-04
   4.0000000e-02   2.5115402e-01  -1.5417875e-01   1.2155146e-01  -2.1653787e-03  -2.5020994e-01  -1.6177305e-01  -1.0338537e-02   4.6340153e-05  -7.4048485e-01  -3.8960646e-02  -9.5959830e-03  -1.3408954e-04
   4.2500000e-02   2.4367171e-01  -1.4737682e-01   1.2144015e-01  -2.2568188e-03  -2.5829859e-01  -1.6299798e-01  -1.0336220e-02   4.3298425e-05  -7.4243288e-01  -3.4667967e-02  -9.6026875e-03  -1.3645791e-04
   4.5000000e-02   2.3647297e-01  -1.4075749e-01   1.2132499e-01  -2.3468997e-03  -2.6644848e-01  -1.6421684e-01  -1.0334055e-02   4.0314651e-05  -7.4416628e-01  -3.0441262e-02  -9.6095104e-03  -1.3865926e-04
   4.7500000e-02   2.2955649e-01  -1.3431931e-01   1.2120598e-01  -2.4356167e-03  -2.7465932e-01  -1.6542879e-01  -1.0332040e-02   3.7388208e-05  -7.4568834e-01  -2.6277794e-02  -9.6164433e-03  -1.4070017e-04
   5.0000000e-02   2.2300428e-01  -1.2811335e-01   1.2108192e-01  -2.5225454e-03  -2.8293075e-01  -1.6663265e-01  -1.0330170e-02   3.4517789e-05  -7.4700223e-01  -2.2174054e-02  -9.6234783e-03  -1.4258869e-04
   5.2500000e-02   2.1678182e-01  -1.2211542e-01   1.2095319e-01  -2.6078214e-03  -2.9126238e-01  -1.6782732e-01  -1.0328444e-02   3.1702190e-05  -7.4811093e-01  -1.8126816e-02  -9.6306077e-03  -1.4433223e-04
   5.5000000e-02   2.1081298e-01  -1.1627625e-01   1.2082083e-01  -2.6918097e-03  -2.9965374e-01  -1.6901192e-01  -1.0326859e-02   2.8940636e-05  -7.4901727e-01  -1.4133508e-02  -9.6378244e-03  -1.4593686e-04
   5.7500000e-02   2.0509356e-01  -1.1059246e-01   1.2068487e-01  -2.7745214e-03  -3.0810433e-01  -1.7018557e-01  -1.0325412e-02   2.6232285e-05  -7.4972394e-01  -1.0191576e-02  -9.6451212e-03  -1.4740855e-04
   6.0000000e-02   1.9974629e-01  -1.0513754e-01   1.2054346e-01  -2.8552933e-03  -3.1661360e-01  -1.7134687e-01  -1.0324101e-02   2.3575245e-05  -7.5023352e-01  -6.2973481e-03  -9.6524916e-03  -1.4875544e-04
   6.2500000e-02   1.9463683e-01  -9.9826638e-02   1.2039849e-01  -2.9348024e-03  -3.2518094e-01  -1.7249487e-01  -1.0322922e-02   2.0968540e-05  -7.5054839e-01  -2.4483561e-03  -9.6599294e-03  -1.4998322e-04
   6.5000000e-02   1.8974682e-01  -9.4647781e-02   1.2025022e-01  -3.0131381e-03  -3.3380568e-01  -1.7362870e-01  -1.0321874e-02   1.8411244e-05  -7.5067081e-01   1.3577158e-03  -9.6674285e-03  -1.5109723e-04
   6.7500000e-02   1.8513488e-01  -8.9634403e-02   1.2009772e-01  -3.0899702e-03  -3.4248711e-01  -1.7474718e-01  -1.0320953e-02   1.5901862e-05  -7.5060292e-01   5.1237099e-03  -9.6749834e-03  -1.5210382e-04
   7.0000000e-02   1.8080654e-01  -8.4786533e-02   1.1994085e-01  -3.1652425e-03  -3.5122446e-01  -1.7584908e-01  -1.0320158e-02   1.3438739e-05  -7.5034674e-01   8.8525109e-03  -9.6825886e-03  -1.5300936e-04
   7.2500000e-02   1.7667920e-01  -8.0054188e-02   1.1978083e-01  -3.2393967e-03  -3.6001691e-01  -1.7693346e-01  -1.0319486e-02   1.1020822e-05  -7.4990411e-01   1.2546260e-02  -9.6902390e-03  -1.5381874e-04
   7.5000000e-02   1.7274798e-01  -7.5433803e-02   1.1961774e-01  -3.3124546e-03  -3.6886357e-01  -1.7799941e-01  -1.0318935e-02   8.6470195e-06  -7.4927680e-01   1.6207050e-02  -9.6979300e-03  -1.5453666e-04
   7.7500000e-02   1.6913479e-01  -7.0990538e-02   1.1944958e-01  -3.3837072e-03  -3.7776354e-01  -1.7904539e-01  -1.0318503e-02   6.3150652e-06  -7.4846645e-01   1.9838042e-02  -9.7056568e-03  -1.5516996e-04
   8.0000000e-02   1.6569748e-01  -6.6642656e-02   1.1927858e-01  -3.4539479e-03  -3.8671580e-01  -1.8007049e-01  -1.0318187e-02   4.0238737e-06  -7.4747454e-01   2.3441114e-02  -9.7134153e-03  -1.5572285e-04
   8.2500000e-02   1.6243459e-01  -6.2388776e-02   1.1910476e-01  -3.5231820e-03  -3.9571932e-01  -1.8107377e-01  -1.0317986e-02   1.7723039e-06  -7.4630249e-01   2.7018123e-02  -9.7212014e-03  -1.5619951e-04
   8.5000000e-02   1.5944428e-01  -5.8278058e-02   1.1892648e-01  -3.5908261e-03  -4.0477300e-01  -1.8205380e-01  -1.0317897e-02  -4.4179246e-07  -7.4495158e-01   3.0571767e-02  -9.7290114e-03  -1.5660572e-04
   8.7500000e-02   1.5664546e-01  -5.4264500e-02   1.1874503e-01  -3.6573401e-03  -4.1387568e-01  -1.8300947e-01  -1.0317919e-02  -2.6198787e-06  -7.4342300e-01   3.4104000e-02  -9.7368417e-03  -1.5694579e-04
   9.0000000e-02   1.5400466e-01  -5.0330026e-02   1.1856096e-01  -3.7229179e-03  -4.2302615e-01  -1.8393983e-01  -1.0318050e-02  -4.7631593e-06  -7.4171780e-01   3.7616468e-02  -9.7446890e-03  -1.5722336e-04
   9.2500000e-02   1.5158871e-01  -4.6505362e-02   1.1837313e-01  -3.7871549e-03  -4.3222314e-01  -1.8484356e-01  -1.0318288e-02  -6.8735764e-06  -7.3983698e-01   4.1111369e-02  -9.7525501e-03  -1.5744317e-04
   9.5000000e-02   1.4937815e-01  -4.2776805e-02   1.1818183e-01  -3.8501562e-03  -4.4146531e-01  -1.8571940e-01  -1.0318632e-02  -8.9529569e-06  -7.3778141e-01   4.4590699e-02  -9.7604223e-03  -1.5760953e-04
   9.7500000e-02   1.4731450e-01  -3.9115281e-02   1.1798805e-01  -3.9122701e-03  -4.5075127e-01  -1.8656635e-01  -1.0319080e-02  -1.1002590e-05  -7.3555188e-01   4.8055918e-02  -9.7683027e-03  -1.5772566e-04
   1.0000000e-01   1.4543557e-01  -3.5536191e-02   1.1779113e-01  -3.9732646e-03  -4.6007958e-01  -1.8738320e-01  -1.0319630e-02  -1.3024224e-05  -7.3314908e-01   5.1508783e-02  -9.7761890e-03  -1.5779536e-04
   1.0250000e-01   1.4377643e-01  -3.2050112e-02   1.1759045e-01  -4.0329196e-03  -4.6944874e-01  -1.8816850e-01  -1.0320281e-02  -1.5020058e-05  -7.3057364e-01   5.4951311e-02  -9.7840788e-03  -1.5782293e-04
   1.0500000e-01   1.4224804e-01  -2.8617119e-02   1.1738754e-01  -4.0917755e-03  -4.7885715e-01  -1.8892126e-01  -1.0321032e-02  -1.6991382e-05  -7.2782608e-01   5.8384723e-02  -9.7919699e-03  -1.5781106e-04
   1.0750000e-01   1.4088258e-01  -2.5249074e-02   1.1718183e-01  -4.1496347e-03  -4.8830321e-01  -1.8964029e-01  -1.0321881e-02  -1.8939898e-05  -7.2490685e-01   6.1810482e-02  -9.7998605e-03  -1.5776294e-04
   1.1000000e-01   1.3973242e-01  -2.1961265e-02   1.1697241e-01  -4.2061740e-03  -4.9778522e-01  -1.9032406e-01  -1.0322828e-02  -2.0867963e-05  -7.2181632e-01   6.5230448e-02  -9.8077486e-03  -1.5768252e-04
   1.1250000e-01   1.3870614e-01  -1.8717131e-02   1.1676087e-01  -4.2619539e-03  -5.0730141e-01  -1.9097156e-01  -1.0323872e-02  -2.2776946e-05  -7.1855480e-01   6.8645671e-02  -9.8156327e-03  -1.5757214e-04
   1.1500000e-01   1.3782863e-01  -1.5524404e-02   1.1654677e-01  -4.3168218e-03  -5.1684998e-01  -1.9158158e-01  -1.0325011e-02  -2.4668549e-05  -7.1512252e-01   7.2057377e-02  -9.8235113e-03  -1.5743447e-04
   1.1750000e-01   1.3716456e-01  -1.2399342e-02   1.1632901e-01  -4.3703842e-03  -5.2642906e-01  -1.9215251e-01  -1.0326244e-02  -2.6545305e-05  -7.1151966e-01   7.5467274e-02  -9.8313831e-03  -1.5727316e-04
   1.2000000e-01   1.3660947e-01  -9.3063421e-03   1.1610938e-01  -4.4232822e-03  -5.3603668e-01  -1.9268333e-01  -1.0327571e-02  -2.8408538e-05  -7.0774630e-01   7.8876170e-02  -9.8392467e-03  -1.5709005e-04
   1.2250000e-01   1.3620856e-01  -6.2576179e-03   1.1588711e-01  -4.4752414e-03  -5.4567084e-01  -1.9317275e-01  -1.0328992e-02  -3.0260166e-05  -7.0380249e-01   8.2285200e-02  -9.8471012e-03  -1.5688762e-04
   1.2500000e-01   1.3599595e-01  -3.2571141e-03   1.1566165e-01  -4.5260616e-03  -5.5532947e-01  -1.9361921e-01  -1.0330505e-02  -3.2102587e-05  -6.9968823e-01   8.5695725e-02  -9.8549456e-03  -1.5666883e-04
   1.2750000e-01   1.3588878e-01  -2.8166710e-04   1.1543441e-01  -4.5762475e-03  -5.6501042e-01  -1.9402166e-01  -1.0332110e-02  -3.3937194e-05  -6.9540345e-01   8.9108393e-02  -9.8627790e-03  -1.5643520e-04
   1.3000000e-01   1.3594899e-01   2.6562525e-03   1.1520435e-01  -4.6254305e-03  -5.7471150e-01  -1.9437861e-01  -1.0333807e-02  -3.5766214e-05  -6.9094803e-01   9.2524301e-02  -9.8706008e-03  -1.5618917e-04
   1.3250000e-01   1.3617604e-01   5.5622644e-03   1.1497152e-01  -4.6736256e-03  -5.8443042e-01  -1.9468859e-01  -1.0335595e-02  -3.7591917e-05  -6.8632182e-01   9.5944487e-02  -9.8784102e-03  -1.5593304e-04
   1.3500000e-01   1.3649203e-01   8.4521406e-03   1.1473721e-01  -4.7212964e-03  -5.9416484e-01  -1.9495059e-01  -1.0337475e-02  -3.9415572e-05  -6.8152460e-01   9.9369329e-02  -9.8862069e-03  -1.5566783e-04
   1.3750000e-01   1.3701431e-01   1.1309559e-02   1.1449952e-01  -4.7677636e-03  -6.0391237e-01  -1.9516279e-01  -1.0339445e-02  -4.1240066e-05  -6.7655614e-01   1.0280007e-01  -9.8939903e-03  -1.5539628e-04
   1.4000000e-01   1.3765056e-01   1.4153001e-02   1.1425999e-01  -4.8135778e-03  -6.1367050e-01  -1.9532399e-01  -1.0341507e-02  -4.3067067e-05  -6.7141614e-01   1.0623718e-01  -9.9017601e-03  -1.5511960e-04
   1.4250000e-01   1.3840230e-01   1.6982279e-02   1.1401860e-01  -4.8587301e-03  -6.2343669e-01  -1.9543296e-01  -1.0343661e-02  -4.4898289e-05  -6.6610428e-01   1.0968109e-01  -9.9095160e-03  -1.5483895e-04
   1.4500000e-01   1.3935477e-01   1.9793913e-02   1.1377404e-01  -4.9027553e-03  -6.3320833e-01  -1.9548783e-01  -1.0345906e-02  -4.6736680e-05  -6.6062023e-01   1.1313283e-01  -9.9172580e-03  -1.5455666e-04
   1.4750000e-01   1.4039665e-01   2.2599901e-02   1.1352809e-01  -4.9462869e-03  -6.4298272e-01  -1.9548754e-01  -1.0348243e-02  -4.8583635e-05  -6.5496359e-01   1.1659253e-01  -9.9249858e-03  -1.5427332e-04
   1.5000000e-01   1.4160962e-01   2.5396895e-02   1.1327951e-01  -4.9888807e-03  -6.5275709e-01  -1.9543038e-01  -1.0350672e-02  -5.0441751e-05  -6.4913397e-01   1.2006087e-01  -9.9326995e-03  -1.5399061e-04
   1.5250000e-01   1.4295399e-01   2.8191669e-02   1.1302895e-01  -5.0307735e-03  -6.6252860e-01  -1.9531493e-01  -1.0353194e-02  -5.2313076e-05  -6.4313093e-01   1.2353818e-01  -9.9403990e-03  -1.5370955e-04
   1.5500000e-01   1.4440750e-01   3.0984599e-02   1.1277675e-01  -5.0720841e-03  -6.7229434e-01  -1.9513994e-01  -1.0355809e-02  -5.4199348e-05  -6.3695403e-01   1.2702458e-01  -9.9480845e-03  -1.5343073e-04
   1.5750000e-01   1.4605937e-01   3.3781276e-02   1.1252167e-01  -5.1123689e-03  -6.8205133e-01  -1.9490345e-01  -1.0358519e-02  -5.6103665e-05  -6.3060280e-01   1.3052075e-01  -9.9557560e-03  -1.5315592e-04
   1.6000000e-01   1.4777827e-01   3.6580086e-02   1.1226562e-01  -5.1523114e-03  -6.9179649e-01  -1.9460448e-01  -1.0361325e-02  -5.8027155e-05  -6.2407677e-01   1.3402640e-01  -9.9634138e-03  -1.5288494e-04
   1.6250000e-01   1.4971366e-01   3.9390539e-02   1.1200652e-01  -5.1911715e-03  -7.0152671e-01  -1.9424090e-01  -1.0364226e-02  -5.9973256e-05  -6.1737545e-01   1.3754220e-01  -9.9710580e-03  -1.5261957e-04
   1.6500000e-01   1.5174624e-01   4.2209608e-02   1.1174611e-01  -5.2295639e-03  -7.1123875e-01  -1.9381148e-01  -1.0367225e-02  -6.1943575e-05  -6.1049835e-01   1.4106796e-01  -9.9786890e-03  -1.5235988e-04
   1.6750000e-01   1.5393662e-01   4.5042667e-02   1.1148356e-01  -5.2671968e-03  -7.2092932e-01  -1.9331452e-01  -1.0370322e-02  -6.3940682e-05  -6.0344496e-01   1.4460382e-01  -9.9863070e-03  -1.5210661e-04
   1.7000000e-01   1.5625852e-01   4.7891931e-02   1.1121929e-01  -5.3042229e-03  -7.3059504e-01  -1.9274851e-01  -1.0373519e-02  -6.5966743e-05  -5.9621477e-01   1.4814967e-01  -9.9939123e-03  -1.5186010e-04
   1.7250000e-01   1.5871862e-01   5.0758225e-02   1.1095324e-01  -5.3406115e-03  -7.4023245e-01  -1.9211187e-01  -1.0376817e-02  -6.8024036e-05  -5.8880729e-01   1.5170540e-01  -1.0001505e-02  -1.5162063e-04
   1.7500000e-01   1.6134109e-01   5.3650038e-02   1.1068517e-01  -5.3762851e-03  -7.4983804e-01  -1.9140281e-01  -1.0380218e-02  -7.0115245e-05  -5.8122203e-01   1.5527097e-01  -1.0009086e-02  -1.5138871e-04
   1.7750000e-01   1.6407452e-01   5.6559287e-02   1.1041573e-01  -5.4114702e-03  -7.5940818e-01  -1.9061999e-01  -1.0383724e-02  -7.2242210e-05  -5.7345848e-01   1.5884596e-01  -1.0016656e-02  -1.5116408e-04
   1.8000000e-01   1.6700259e-01   5.9505363e-02   1.1014399e-01  -5.4458398e-03  -7.6893917e-01  -1.8976132e-01  -1.0387336e-02  -7.4408166e-05  -5.6551619e-01   1.6243039e-01  -1.0024214e-02  -1.5094743e-04
   1.8250000e-01   1.7001387e-01   6.2467182e-02   1.0987127e-01  -5.4798607e-03  -7.7842723e-01  -1.8882567e-01  -1.0391057e-02  -7.6614478e-05  -5.5739468e-01   1.6602352e-01  -1.0031761e-02  -1.5073795e-04
   1.8500000e-01   1.7325932e-01   6.5480444e-02   1.0959593e-01  -5.5129513e-03  -7.8786850e-01  -1.8781062e-01  -1.0394887e-02  -7.8865067e-05  -5.4909351e-01   1.6962546e-01  -1.0039298e-02  -1.5053655e-04
   1.8750000e-01   1.7656077e-01   6.8506009e-02   1.0931997e-01  -5.5458194e-03  -7.9725903e-01  -1.8671528e-01  -1.0398831e-02  -8.1160800e-05  -5.4061224e-01   1.7323519e-01  -1.0046825e-02  -1.5034191e-04
   1.9000000e-01   1.8011218e-01   7.1593680e-02   1.0904137e-01  -5.5777492e-03  -8.0659479e-01  -1.8553707e-01  -1.0402889e-02  -8.3505889e-05  -5.3195049e-01   1.7685274e-01  -1.0054342e-02  -1.5015488e-04
   1.9250000e-01   1.8371748e-01   7.4694739e-02   1.0876221e-01  -5.6094766e-03  -8.1587163e-01  -1.8427514e-01  -1.0407064e-02  -8.5901115e-05  -5.2310786e-01   1.8047693e-01  -1.0061850e-02  -1.4997389e-04
   1.9500000e-01   1.8758421e-01   7.7867794e-02   1.0848045e-01  -5.6402798e-03  -8.2508538e-01  -1.8292678e-01  -1.0411359e-02  -8.8350897e-05  -5.1408402e-01   1.8410769e-01  -1.0069349e-02  -1.4979966e-04
   1.9750000e-01   1.9150136e-01   8.1054734e-02   1.0819819e-01  -5.6709047e-03  -8.3423172e-01  -1.8149120e-01  -1.0415777e-02  -9.0855893e-05  -5.0487864e-01   1.8774367e-01  -1.0076839e-02  -1.4963038e-04
   2.0000000e-01   1.9569254e-01   8.4323887e-02   1.0791338e-01  -5.7006191e-03  -8.4330627e-01  -1.7996558e-01  -1.0420319e-02  -9.3420745e-05  -4.9549146e-01   1.9138470e-01  -1.0084320e-02  -1.4946664e-04
   2.0250000e-01   1.9993058e-01   8.7607098e-02   1.0762814e-01  -5.7301777e-03  -8.5230454e-01  -1.7834920e-01  -1.0424990e-02  -9.6045970e-05  -4.8592223e-01   1.9502927e-01  -1.0091793e-02  -1.4930639e-04
   2.0500000e-01   2.0445608e-01   9.0982969e-02   1.0734039e-01  -5.7588405e-03  -8.6122200e-01  -1.7663910e-01  -1.0429793e-02  -9.8736441e-05  -4.7617078e-01   1.9867708e-01  -1.0099259e-02  -1.4915004e-04
   2.0750000e-01   2.0902467e-01   9.4372732e-02   1.0705227e-01  -5.7873689e-03  -8.7005394e-01  -1.7483463e-01  -1.0434730e-02  -1.0149251e-04  -4.6623693e-01   2.0232646e-01  -1.0106716e-02  -1.4899532e-04
   2.1000000e-01   2.1389695e-01   9.7866495e-02   1.0676168e-01  -5.8150109e-03  -8.7879567e-01  -1.7293271e-01  -1.0439804e-02  -1.0431933e-04  -4.5612061e-01   2.0597700e-01  -1.0114166e-02  -1.4884250e-04
   2.1250000e-01   2.1880677e-01   1.0137311e-01   1.0647079e-01  -5.8425432e-03  -8.8744230e-01  -1.7093278e-01  -1.0445020e-02  -1.0721703e-04  -4.4582177e-01   2.0962685e-01  -1.0121608e-02  -1.4868904e-04
   2.1500000e-01   2.2403822e-01   1.0499567e-01   1.0617745e-01  -5.8691973e-03  -8.9598893e-01  -1.6883160e-01  -1.0450381e-02  -1.1019107e-04  -4.3534044e-01   2.1327546e-01  -1.0129043e-02  -1.4853506e-04
   2.1750000e-01   2.2930134e-01   1.0862964e-01   1.0588388e-01  -5.8957649e-03  -9.0443051e-01  -1.6662873e-01  -1.0455890e-02  -1.1324133e-04  -4.2467667e-01   2.1692083e-01  -1.0136469e-02  -1.4837777e-04
   2.2000000e-01   2.3490552e-01   1.1239200e-01   1.0558790e-01  -5.9214623e-03  -9.1276194e-01  -1.6432078e-01  -1.0461553e-02  -1.1637360e-04  -4.1383064e-01   2.2056227e-01  -1.0143888e-02  -1.4821712e-04
   2.2250000e-01   2.4053507e-01   1.1616392e-01   1.0529175e-01  -5.9470950e-03  -9.2097797e-01  -1.6190743e-01  -1.0467371e-02  -1.1958748e-04  -4.0280253e-01   2.2419758e-01  -1.0151299e-02  -1.4805007e-04
   2.2500000e-01   2.4652794e-01   1.2007776e-01   1.0499321e-01  -5.9718622e-03  -9.2907334e-01  -1.5938511e-01  -1.0473351e-02  -1.2288912e-04  -3.9159266e-01   2.2782596e-01  -1.0158702e-02  -1.4787640e-04
   2.2750000e-01   2.5253949e-01   1.2399889e-01   1.0469455e-01  -5.9965849e-03  -9.3704259e-01  -1.5675364e-01  -1.0479495e-02  -1.2627783e-04  -3.8020137e-01   2.3144502e-01  -1.0166095e-02  -1.4769281e-04
   2.3000000e-01   2.5893288e-01   1.2807391e-01   1.0439358e-01  -6.0204589e-03  -9.4488026e-01  -1.5400933e-01  -1.0485809e-02  -1.2976002e-04  -3.6862913e-01   2.3505380e-01  -1.0173480e-02  -1.4749889e-04
   2.3250000e-01   2.6534318e-01   1.3215575e-01   1.0409250e-01  -6.0442953e-03  -9.5258072e-01  -1.5115210e-01  -1.0492297e-02  -1.3333479e-04  -3.5687645e-01   2.3864974e-01  -1.0180855e-02  -1.4729108e-04
   2.3500000e-01   2.7215390e-01   1.3640326e-01   1.0378918e-01  -6.0673017e-03  -9.6013832e-01  -1.4817813e-01  -1.0498964e-02  -1.3700879e-04  -3.4494397e-01   2.4223170e-01  -1.0188219e-02  -1.4706875e-04
   2.3750000e-01   2.7897954e-01   1.4065696e-01   1.0348577e-01  -6.0902772e-03  -9.6754723e-01  -1.4508749e-01  -1.0505814e-02  -1.4078088e-04  -3.3283239e-01   2.4579696e-01  -1.0195573e-02  -1.4682813e-04
   2.4000000e-01   2.8622545e-01   1.4508843e-01   1.0318018e-01  -6.1124401e-03  -9.7480159e-01  -1.4187622e-01  -1.0512853e-02  -1.4465797e-04  -3.2054255e-01   2.4934420e-01  -1.0202914e-02  -1.4656831e-04
   2.4250000e-01   2.9348411e-01   1.4952529e-01   1.0287452e-01  -6.1345783e-03  -9.8189540e-01  -1.3854452e-01  -1.0520086e-02  -1.4863865e-04  -3.0807535e-01   2.5287052e-01  -1.0210243e-02  -1.4628533e-04
   2.4500000e-01   3.0118138e-01   1.5415110e-01   1.0256676e-01  -6.1559249e-03  -9.8882262e-01  -1.3508835e-01  -1.0527518e-02  -1.5273003e-04  -2.9543183e-01   2.5637439e-01  -1.0217557e-02  -1.4597798e-04
   2.4750000e-01   3.0889300e-01   1.5878311e-01   1.0225893e-01  -6.1772461e-03  -9.9557703e-01  -1.3150803e-01  -1.0535154e-02  -1.5693046e-04  -2.8261312e-01   2.5985275e-01  -1.0224856e-02  -1.4564210e-04
   2.5000000e-01   3.1706620e-01   1.6361694e-01   1.0194906e-01  -6.1977891e-03  -1.0021524e+00  -1.2779937e-01  -1.0543001e-02  -1.6124736e-04  -2.6962049e-01   2.6330388e-01  -1.0232138e-02  -1.4527621e-04
   2.5250000e-01   3.2525901e-01   1.6845945e-01   1.0163911e-01  -6.2183012e-03  -1.0085424e+00  -1.2396281e-01  -1.0551063e-02  -1.6567887e-04  -2.5645531e-01   2.6672457e-01  -1.0239402e-02  -1.4487596e-04
   2.5500000e-01   3.3391844e-01   1.7350841e-01   1.0132726e-01  -6.2380773e-03  -1.0147405e+00  -1.1999423e-01  -1.0559347e-02  -1.7023230e-04  -2.4311909e-01   2.7011281e-01  -1.0246646e-02  -1.4443947e-04
   2.5750000e-01   3.4261442e-01   1.7857370e-01   1.0101526e-01  -6.2577995e-03  -1.0207402e+00  -1.1589406e-01  -1.0567859e-02  -1.7490584e-04  -2.2961346e-01   2.7346526e-01  -1.0253868e-02  -1.4396227e-04
   2.6000000e-01   3.5178183e-01   1.8384954e-01   1.0070150e-01  -6.2768255e-03  -1.0265349e+00  -1.1165827e-01  -1.0576604e-02  -1.7970663e-04  -2.1594021e-01   2.7677967e-01  -1.0261066e-02  -1.4344208e-04
   2.6250000e-01   3.6100208e-01   1.8914913e-01   1.0038755e-01  -6.2957781e-03  -1.0321178e+00  -1.0728731e-01  -1.0585589e-02  -1.8463285e-04  -2.0210123e-01   2.8005254e-01  -1.0268238e-02  -1.4287430e-04
   2.6500000e-01   3.7067963e-01   1.9465439e-01   1.0007202e-01  -6.3140963e-03  -1.0374822e+00  -1.0277747e-01  -1.0594821e-02  -1.8969104e-04  -1.8809862e-01   2.8328130e-01  -1.0275381e-02  -1.4225612e-04
   2.6750000e-01   3.8050273e-01   2.0022541e-01   9.9756024e-02  -6.3322242e-03  -1.0426211e+00  -9.8128428e-02  -1.0604306e-02  -1.9488099e-04  -1.7393456e-01   2.8646248e-01  -1.0282494e-02  -1.4158314e-04
   2.7000000e-01   3.9069135e-01   2.0596161e-01   9.9438857e-02  -6.3498743e-03  -1.0475275e+00  -9.3337639e-02  -1.0614050e-02  -2.0020692e-04  -1.5961145e-01   2.8959302e-01  -1.0289573e-02  -1.4085175e-04
   2.7250000e-01   4.0112812e-01   2.1181029e-01   9.9120956e-02  -6.3672176e-03  -1.0521944e+00  -8.8403915e-02  -1.0624060e-02  -2.0567040e-04  -1.4513181e-01   2.9266946e-01  -1.0296616e-02  -1.4005768e-04
   2.7500000e-01   4.1184929e-01   2.1778787e-01   9.8802213e-02  -6.3842093e-03  -1.0566146e+00  -8.3325802e-02  -1.0634344e-02  -2.1127354e-04  -1.3049834e-01   2.9568833e-01  -1.0303619e-02  -1.3919665e-04
   2.7750000e-01   4.2292963e-01   2.2392851e-01   9.8482490e-02  -6.4007805e-03  -1.0607809e+00  -7.8101167e-02  -1.0644907e-02  -2.1701984e-04  -1.1571394e-01   2.9864612e-01  -1.0310579e-02  -1.3826445e-04
   2.8000000e-01   4.3420576e-01   2.3015803e-01   9.8162232e-02  -6.4171224e-03  -1.0646859e+00  -7.2729761e-02  -1.0655758e-02  -2.2290907e-04  -1.0078164e-01   3.0153898e-01  -1.0317492e-02  -1.3725623e-04
   2.8250000e-01   4.4596213e-01   2.3660561e-01   9.7840765e-02  -6.4329305e-03  -1.0683224e+00  -6.7208419e-02  -1.0666904e-02  -2.2894685e-04  -8.5704703e-02   3.0436335e-01  -1.0324355e-02  -1.3616776e-04
   2.8500000e-01   4.5781884e-01   2.4309874e-01   9.7519045e-02  -6.4486271e-03  -1.0716828e+00  -6.1538202e-02  -1.0678351e-02  -2.3513040e-04  -7.0486546e-02   3.0711503e-01  -1.0331163e-02  -1.3499367e-04
   2.8750000e-01   4.7028025e-01   2.4986613e-01   9.7195922e-02  -6.4636841e-03  -1.0747597e+00  -5.5714898e-02  -1.0690108e-02  -2.4146751e-04  -5.5130805e-02   3.0979031e-01  -1.0337913e-02  -1.3372963e-04
   2.9000000e-01   4.8285176e-01   2.5668333e-01   9.6872565e-02  -6.4786301e-03  -1.0775455e+00  -4.9739784e-02  -1.0702181e-02  -2.4795504e-04  -3.9641301e-02   3.1238482e-01  -1.0344599e-02  -1.3237005e-04
   2.9250000e-01   4.9594433e-01   2.6373630e-01   9.6548096e-02  -6.4930504e-03  -1.0800325e+00  -4.3609872e-02  -1.0714579e-02  -2.5459842e-04  -2.4022071e-02   3.1489447e-01  -1.0351218e-02  -1.3091000e-04
   2.9500000e-01   5.0926544e-01   2.7089230e-01   9.6223179e-02  -6.5072502e-03  -1.0822129e+00  -3.7325506e-02  -1.0727309e-02  -2.6139645e-04  -8.2773587e-03   3.1731481e-01  -1.0357763e-02  -1.2934389e-04
   2.9750000e-01   5.2301574e-01   2.7824181e-01   9.5897422e-02  -6.5210359e-03  -1.0840792e+00  -3.0885047e-02  -1.0740378e-02  -2.6835198e-04   7.5883706e-03   3.1964141e-01  -1.0364230e-02  -1.2766628e-04
   3.0000000e-01   5.3709976e-01   2.8574112e-01   9.5571063e-02  -6.5345121e-03  -1.0856235e+00  -2.4288077e-02  -1.0753796e-02  -2.7546543e-04   2.3570430e-02   3.2186969e-01  -1.0370614e-02  -1.2587147e-04
   3.0250000e-01   5.5149122e-01   2.9337843e-01   9.5244151e-02  -6.5477032e-03  -1.0868379e+00  -1.7534660e-02  -1.0767569e-02  -2.8273635e-04   3.9663903e-02   3.2399494e-01  -1.0376907e-02  -1.2395364e-04
   3.0500000e-01   5.6645594e-01   3.0127173e-01   9.4916286e-02  -6.5603813e-03  -1.0877146e+00  -1.0622206e-02  -1.0781706e-02  -2.9016963e-04   5.5863639e-02   3.2601241e-01  -1.0383105e-02  -1.2190692e-04
   3.0750000e-01   5.8167801e-01   3.0927942e-01   9.4588021e-02  -6.5728347e-03  -1.0882457e+00  -3.5517522e-03  -1.0796214e-02  -2.9776296e-04   7.2164248e-02   3.2791719e-01  -1.0389200e-02  -1.1972521e-04
   3.1000000e-01   5.9733395e-01   3.1747974e-01   9.4259090e-02  -6.5849118e-03  -1.0884233e+00   3.6773426e-03  -1.0811103e-02  -3.0551747e-04   8.8560096e-02   3.2970428e-01  -1.0395187e-02  -1.1740233e-04
   3.1250000e-01   6.1347546e-01   3.2589423e-01   9.3929473e-02  -6.5965794e-03  -1.0882394e+00   1.1066033e-02  -1.0826378e-02  -3.1343498e-04   1.0504530e-01   3.3136855e-01  -1.0401057e-02  -1.1493193e-04
   3.1500000e-01   6.2988424e-01   3.3442633e-01   9.3599487e-02  -6.6080235e-03  -1.0876861e+00   1.8612686e-02  -1.0842050e-02  -3.2151221e-04   1.2161371e-01   3.3290486e-01  -1.0406803e-02  -1.1230770e-04
   3.1750000e-01   6.4686481e-01   3.4320885e-01   9.3268757e-02  -6.6189974e-03  -1.0867555e+00   2.6318682e-02  -1.0858126e-02  -3.2975197e-04   1.3825895e-01   3.3430786e-01  -1.0412419e-02  -1.0952298e-04
   3.2000000e-01   6.6428575e-01   3.5218275e-01   9.2937498e-02  -6.6296171e-03  -1.0854396e+00   3.4183711e-02  -1.0874613e-02  -3.3815377e-04   1.5497433e-01   3.3557214e-01  -1.0417895e-02  -1.0657110e-04
   3.2250000e-01   6.8206701e-01   3.6131273e-01   9.2605821e-02  -6.6399492e-03  -1.0837304e+00   4.2206342e-02  -1.0891521e-02  -3.4671498e-04   1.7175292e-01   3.3669230e-01  -1.0423223e-02  -1.0344547e-04
   3.2500000e-01   7.0036245e-01   3.7066438e-01   9.2273575e-02  -6.6498752e-03  -1.0816201e+00   5.0386499e-02  -1.0908857e-02  -3.5543576e-04   1.8858753e-01   3.3766272e-01  -1.0428396e-02  -1.0013917e-04
   3.2750000e-01   7.1919485e-01   3.8024552e-01   9.1940783e-02  -6.6593843e-03  -1.0791007e+00   5.8724035e-02  -1.0926629e-02  -3.6431619e-04   2.0547065e-01   3.3847768e-01  -1.0433403e-02  -9.6645147e-05
   3.3000000e-01   7.3840514e-01   3.8998728e-01   9.1607625e-02  -6.6686022e-03  -1.0761645e+00   6.7216816e-02  -1.0944844e-02  -3.7335250e-04   2.2239452e-01   3.3913159e-01  -1.0438235e-02  -9.2956637e-05
   3.3250000e-01   7.5807639e-01   3.9992425e-01   9.1274038e-02  -6.6774669e-03  -1.0728037e+00   7.5863276e-02  -1.0963512e-02  -3.8254217e-04   2.3935109e-01   3.3961870e-01  -1.0442883e-02  -8.9066693e-05
   3.3500000e-01   7.7841251e-01   4.1014008e-01   9.0939882e-02  -6.6858279e-03  -1.0690105e+00   8.4663652e-02  -1.0982639e-02  -3.9188635e-04   2.5633201e-01   3.3993292e-01  -1.0447336e-02  -8.4967770e-05
   3.3750000e-01   7.9920072e-01   4.2054372e-01   9.0605373e-02  -6.6938494e-03  -1.0647774e+00   9.3615594e-02  -1.1002233e-02  -4.0138114e-04   2.7332865e-01   3.4006844e-01  -1.0451584e-02  -8.0652880e-05
   3.4000000e-01   8.2044676e-01   4.3113662e-01   9.0270521e-02  -6.7015280e-03  -1.0600966e+00   1.0271648e-01  -1.1022302e-02  -4.1102221e-04   2.9033206e-01   3.4001939e-01  -1.0455617e-02  -7.6115073e-05
   3.4250000e-01   8.4222798e-01   4.4194938e-01   8.9935289e-02  -6.7088075e-03  -1.0549608e+00   1.1196412e-01  -1.1042854e-02  -4.2080624e-04   3.0733301e-01   3.3977978e-01  -1.0459423e-02  -7.1347181e-05
   3.4500000e-01   8.6466351e-01   4.5302796e-01   8.9599639e-02  -6.7156013e-03  -1.0493626e+00   1.2135718e-01  -1.1063894e-02  -4.3073171e-04   3.2432199e-01   3.3934336e-01  -1.0462990e-02  -6.6341619e-05
   3.4750000e-01   8.8761538e-01   4.6431421e-01   8.9263687e-02  -6.7220127e-03  -1.0432947e+00   1.3089252e-01  -1.1085430e-02  -4.4079359e-04   3.4128915e-01   3.3870416e-01  -1.0466307e-02  -6.1091364e-05
   3.5000000e-01   9.1108979e-01   4.7580912e-01   8.8927450e-02  -6.7280374e-03  -1.0367501e+00   1.4056664e-01  -1.1107470e-02  -4.5098634e-04   3.5822434e-01   3.3785618e-01  -1.0469362e-02  -5.5589480e-05
   3.5250000e-01   9.3509478e-01   4.8751436e-01   8.8590941e-02  -6.7336697e-03  -1.0297218e+00   1.5037578e-01  -1.1130019e-02  -4.6130395e-04   3.7511714e-01   3.3679347e-01  -1.0472141e-02  -4.9829122e-05
   3.5500000e-01   9.5982869e-01   4.9950512e-01   8.8254102e-02  -6.7387623e-03  -1.0222030e+00   1.6031771e-01  -1.1153085e-02  -4.7174368e-04   3.9195680e-01   3.3550964e-01  -1.0474633e-02  -4.3802653e-05
   3.5750000e-01   9.8514093e-01   5.1171945e-01   8.7917034e-02  -6.7434257e-03  -1.0141871e+00   1.7038825e-01  -1.1176672e-02  -4.8229900e-04   4.0873227e-01   3.3399869e-01  -1.0476823e-02  -3.7503260e-05
   3.6000000e-01   1.0110406e+00   5.2415873e-01   8.7579755e-02  -6.7476517e-03  -1.0056677e+00   1.8058289e-01  -1.1200787e-02  -4.9296287e-04   4.2543219e-01   3.3225465e-01  -1.0478698e-02  -3.0924275e-05
   3.6250000e-01   1.0375335e+00   5.3682293e-01   8.7242285e-02  -6.7514348e-03  -9.9663856e-01   1.9089672e-01  -1.1225435e-02  -5.0372764e-04   4.4204492e-01   3.3027165e-01  -1.0480244e-02  -2.4059213e-05
   3.6500000e-01   1.0646292e+00   5.4971343e-01   8.6904645e-02  -6.7547658e-03  -9.8709373e-01   2.0132450e-01  -1.1250621e-02  -5.1458511e-04   4.5855849e-01   3.2804387e-01  -1.0481447e-02  -1.6901781e-05
   3.6750000e-01   1.0924812e+00   5.6288391e-01   8.6566827e-02  -6.7575260e-03  -9.7702751e-01   2.1186197e-01  -1.1276350e-02  -5.2552926e-04   4.7496067e-01   3.2556518e-01  -1.0482292e-02  -9.4450669e-06
   3.7000000e-01   1.1209987e+00   5.7629694e-01   8.6228886e-02  -6.7597797e-03  -9.6643442e-01   2.2250352e-01  -1.1302627e-02  -5.3655151e-04   4.9123892e-01   3.2282981e-01  -1.0482765e-02  -1.6829394e-06
   3.7250000e-01   1.1501714e+00   5.8994572e-01   8.5890849e-02  -6.7615309e-03  -9.5530925e-01   2.3324295e-01  -1.1329454e-02  -5.4764225e-04   5.0738039e-01   3.1983216e-01  -1.0482849e-02   6.3903538e-06
   3.7500000e-01   1.1800076e+00   6.0383017e-01   8.5552741e-02  -6.7627694e-03  -9.4364711e-01   2.4407364e-01  -1.1356836e-02  -5.5879127e-04   5.2337199e-01   3.1656681e-01  -1.0482529e-02   1.4780260e-05
   3.7750000e-01   1.2105181e+00   6.1795094e-01   8.5214584e-02  -6.7634822e-03  -9.3144344e-01   2.5498858e-01  -1.1384776e-02  -5.6998775e-04   5.3920032e-01   3.1302844e-01  -1.0481790e-02   2.3491905e-05
   3.8000000e-01   1.2417128e+00   6.3230827e-01   8.4876404e-02  -6.7636568e-03  -9.1869402e-01   2.6598035e-01  -1.1413275e-02  -5.8122024e-04   5.5485173e-01   3.0921195e-01  -1.0480616e-02   3.2530057e-05
   3.8250000e-01   1.2737037e+00   6.4693614e-01   8.4538230e-02  -6.7631977e-03  -9.0539501e-01   2.7704205e-01  -1.1442336e-02  -5.9247849e-04   5.7031232e-01   3.0511207e-01  -1.0478989e-02   4.1899792e-05
   3.8500000e-01   1.3064690e+00   6.6182208e-01   8.4200098e-02  -6.7621137e-03  -8.9154292e-01   2.8816601e-01  -1.1471960e-02  -6.0375097e-04   5.8556791e-01   3.0072382e-01  -1.0476894e-02   5.1605571e-05
   3.8750000e-01   1.3399668e+00   6.7694778e-01   8.3862035e-02  -6.7604306e-03  -8.7713463e-01   2.9934368e-01  -1.1502148e-02  -6.1502452e-04   6.0060409e-01   2.9604266e-01  -1.0474314e-02   6.1651045e-05
   3.9000000e-01   1.3742086e+00   6.9231271e-01   8.3524071e-02  -6.7581316e-03  -8.6216745e-01   3.1056605e-01  -1.1532899e-02  -6.2628534e-04   6.1540621e-01   2.9106429e-01  -1.0471231e-02   7.2039377e-05
   3.9250000e-01   1.4092011e+00   7.0791483e-01   8.3186233e-02  -6.7552028e-03  -8.4663916e-01   3.2182366e-01  -1.1564213e-02  -6.3751893e-04   6.2995942e-01   2.8578470e-01  -1.0467629e-02   8.2773173e-05
   3.9500000e-01   1.4449713e+00   7.2375792e-01   8.2848556e-02  -6.7516125e-03  -8.3054799e-01   3.3310676e-01  -1.1596089e-02  -6.4871039e-04   6.4424864e-01   2.8020013e-01  -1.0463491e-02   9.3854593e-05
   3.9750000e-01   1.4815250e+00   7.3983895e-01   8.2511070e-02  -6.7473458e-03  -8.1389266e-01   3.4440510e-01  -1.1628525e-02  -6.5984409e-04   6.5825864e-01   2.7430717e-01  -1.0458798e-02   1.0528516e-04
   4.0000000e-01   1.5188737e+00   7.5615635e-01   8.2173808e-02  -6.7423824e-03  -7.9667242e-01   3.5570800e-01  -1.1661517e-02  -6.7090376e-04   6.7197399e-01   2.6810274e-01  -1.0453534e-02   1.1706575e-04
   4.0250000e-01   1.5571184e+00   7.7273353e-01   8.1836838e-02  -6.7366197e-03  -7.7888703e-01   3.6700508e-01  -1.1695062e-02  -6.8187391e-04   6.8537912e-01   2.6158379e-01  -1.0447680e-02   1.2919729e-04
   4.0500000e-01   1.5962132e+00   7.8955039e-01   8.1500182e-02  -6.7300841e-03  -7.6053679e-01   3.7828501e-01  -1.1729156e-02  -6.9273745e-04   6.9845830e-01   2.5474789e-01  -1.0441220e-02   1.4167950e-04
   4.0750000e-01   1.6361444e+00   8.0659703e-01   8.1163869e-02  -6.7227740e-03  -7.4162255e-01   3.8953583e-01  -1.1763793e-02  -7.0347621e-04   7.1119568e-01   2.4759313e-01  -1.0434136e-02   1.5451117e-04
   4.1000000e-01   1.6769226e+00   8.2387014e-01   8.0827939e-02  -6.7146659e-03  -7.2214578e-01   4.0074514e-01  -1.1798966e-02  -7.1407138e-04   7.2357533e-01   2.4011806e-01  -1.0426411e-02   1.6769027e-04
   4.1250000e-01   1.7185585e+00   8.4136622e-01   8.0492429e-02  -6.7057347e-03  -7.0210853e-01   4.1190010e-01  -1.1834670e-02  -7.2450357e-04   7.3558122e-01   2.3232171e-01  -1.0418026e-02   1.8121390e-04
   4.1500000e-01   1.7610617e+00   8.5908106e-01   8.0157380e-02  -6.6959556e-03  -6.8151354e-01   4.2298745e-01  -1.1870895e-02  -7.3475271e-04   7.4719730e-01   2.2420365e-01  -1.0408966e-02   1.9507827e-04
   4.1750000e-01   1.8044469e+00   8.7701144e-01   7.9822836e-02  -6.6852976e-03  -6.6036419e-01   4.3399354e-01  -1.1907633e-02  -7.4479827e-04   7.5840748e-01   2.1576393e-01  -1.0399212e-02   2.0927866e-04
   4.2000000e-01   1.8487228e+00   8.9515224e-01   7.9488839e-02  -6.6737342e-03  -6.3866452e-01   4.4490431e-01  -1.1944873e-02  -7.5461907e-04   7.6919567e-01   2.0700320e-01  -1.0388748e-02   2.2380938e-04
   4.2250000e-01   1.8938997e+00   9.1349830e-01   7.9155434e-02  -6.6612367e-03  -6.1641932e-01   4.5570529e-01  -1.1982603e-02  -7.6419343e-04   7.7954582e-01   1.9792271e-01  -1.0377557e-02   2.3866367e-04
   4.2500000e-01   1.9399874e+00   9.3204403e-01   7.8822668e-02  -6.6477753e-03  -5.9363408e-01   4.6638163e-01  -1.2020813e-02  -7.7349913e-04   7.8944195e-01   1.8852432e-01  -1.0365624e-02   2.5383372e-04
   4.2750000e-01   1.9871067e+00   9.5080553e-01   7.8490677e-02  -6.6331958e-03  -5.7031501e-01   4.7691890e-01  -1.2059488e-02  -7.8251498e-04   7.9886816e-01   1.7881008e-01  -1.0352933e-02   2.6931155e-04
   4.3000000e-01   2.0351631e+00   9.6975311e-01   7.8159439e-02  -6.6175755e-03  -5.4646908e-01   4.8730155e-01  -1.2098614e-02  -7.9121783e-04   8.0780865e-01   1.6878315e-01  -1.0339467e-02   2.8508712e-04
   4.3250000e-01   2.0841586e+00   9.8887817e-01   7.7828999e-02  -6.6008888e-03  -5.2210402e-01   4.9751363e-01  -1.2138175e-02  -7.9958400e-04   8.1624781e-01   1.5844746e-01  -1.0325213e-02   3.0114912e-04
   4.3500000e-01   2.1341017e+00   1.0081730e+00   7.7499412e-02  -6.5831019e-03  -4.9722836e-01   5.0753890e-01  -1.2178154e-02  -8.0758943e-04   8.2417017e-01   1.4780765e-01  -1.0310155e-02   3.1748498e-04
   4.3750000e-01   2.1849992e+00   1.0276293e+00   7.7170729e-02  -6.5641815e-03  -4.7185143e-01   5.1736081e-01  -1.2218533e-02  -8.1520967e-04   8.3156055e-01   1.3686916e-01  -1.0294281e-02   3.3408087e-04
   4.4000000e-01   2.2368617e+00   1.0472387e+00   7.6843009e-02  -6.5440884e-03  -4.4598341e-01   5.2696257e-01  -1.2259294e-02  -8.2242004e-04   8.3840400e-01   1.2563818e-01  -1.0277577e-02   3.5092162e-04
   4.4250000e-01   2.2896956e+00   1.0669918e+00   7.6516310e-02  -6.5227868e-03  -4.1963530e-01   5.3632713e-01  -1.2300415e-02  -8.2919556e-04   8.4468591e-01   1.1412174e-01  -1.0260031e-02   3.6799074e-04
   4.4500000e-01   2.3435075e+00   1.0868788e+00   7.6190690e-02  -6.5002392e-03  -3.9281896e-01   5.4543723e-01  -1.2341874e-02  -8.3551109e-04   8.5039199e-01   1.0232772e-01  -1.0241631e-02   3.8527031e-04
   4.4750000e-01   2.3983035e+00   1.1068892e+00   7.5866211e-02  -6.4764073e-03  -3.6554712e-01   5.5427543e-01  -1.2383650e-02  -8.4134129e-04   8.5550837e-01   9.0264839e-02  -1.0222368e-02   4.0274101e-04
   4.5000000e-01   2.4541197e+00   1.1270149e+00   7.5542975e-02  -6.4512095e-03  -3.3783337e-01   5.6282432e-01  -1.2425717e-02  -8.4666110e-04   8.6002161e-01   7.7942599e-02  -1.0202231e-02   4.2038232e-04
   4.5250000e-01   2.5110264e+00   1.1472488e+00   7.5221142e-02  -6.4245094e-03  -3.0969217e-01   5.7106672e-01  -1.2468050e-02  -8.5144612e-04   8.6391874e-01   6.5371125e-02  -1.0181212e-02   4.3817279e-04
   4.5500000e-01   2.5689362e+00   1.1675676e+00   7.4900669e-02  -6.3963878e-03  -2.8113885e-01   5.7898481e-01  -1.2510622e-02  -8.5567090e-04   8.6718729e-01   5.2561867e-02  -1.0159303e-02   4.5608867e-04
   4.5750000e-01   2.6278527e+00   1.1879584e+00   7.4581625e-02  -6.3668015e-03  -2.5218963e-01   5.8656075e-01  -1.2553406e-02  -8.5931008e-04   8.6981538e-01   3.9527217e-02  -1.0136499e-02   4.7410471e-04
   4.6000000e-01   2.6877863e+00   1.2084076e+00   7.4264094e-02  -6.3356954e-03  -2.2286162e-01   5.9377674e-01  -1.2596371e-02  -8.6233858e-04   8.7179174e-01   2.6280498e-02  -1.0112793e-02   4.9219418e-04
   4.6250000e-01   2.7487238e+00   1.2288999e+00   7.3948128e-02  -6.3030481e-03  -1.9317280e-01   6.0061495e-01  -1.2639488e-02  -8.6473137e-04   8.7310577e-01   1.2836065e-02  -1.0088184e-02   5.1032870e-04
   4.6500000e-01   2.8106705e+00   1.2494207e+00   7.3633808e-02  -6.2688092e-03  -1.6314207e-01   6.0705763e-01  -1.2682725e-02  -8.6646384e-04   8.7374757e-01  -7.9076278e-04  -1.0062667e-02   5.2847837e-04
   4.6750000e-01   2.8736274e+00   1.2699545e+00   7.3321210e-02  -6.2329326e-03  -1.3278921e-01   6.1308721e-01  -1.2726048e-02  -8.6751177e-04   8.7370803e-01  -1.4583683e-02  -1.0036243e-02   5.4661177e-04
   4.7000000e-01   2.9376012e+00   1.2904851e+00   7.3010428e-02  -6.1953601e-03  -1.0213488e-01   6.1868631e-01  -1.2769423e-02  -8.6785150e-04   8.7297885e-01  -2.8525428e-02  -1.0008913e-02   5.6469598e-04
   4.7250000e-01   3.0025765e+00   1.3109963e+00   7.2701513e-02  -6.1560710e-03  -7.1200582e-02   6.2383775e-01  -1.2812816e-02  -8.6745983e-04   8.7155258e-01  -4.2597683e-02  -9.9806781e-03   5.8269646e-04
   4.7500000e-01   3.0687335e+00   1.3314596e+00   7.2394927e-02  -6.1146832e-03  -4.0008716e-02   6.2852539e-01  -1.2856189e-02  -8.6631575e-04   8.6942270e-01  -5.6781829e-02  -9.9515433e-03   6.0057855e-04
   4.7750000e-01   3.1358697e+00   1.3518619e+00   7.2090377e-02  -6.0714937e-03  -8.5824692e-03   6.3273254e-01  -1.2899505e-02  -8.6439725e-04   8.6658361e-01  -7.1057487e-02  -9.9215144e-03   6.1830453e-04
   4.8000000e-01   3.2039821e+00   1.3721858e+00   7.1787947e-02  -6.0264567e-03   2.3054136e-02   6.3644295e-01  -1.2942725e-02  -8.6168319e-04   8.6303073e-01  -8.5403312e-02  -9.8905992e-03   6.3583528e-04
   4.8250000e-01   3.2730558e+00   1.3924147e+00   7.1487694e-02  -5.9795478e-03   5.4876261e-02   6.3964076e-01  -1.2985809e-02  -8.5815333e-04   8.5876057e-01  -9.9796963e-02  -9.8588075e-03   6.5313019e-04
   4.8500000e-01   3.3431379e+00   1.4125234e+00   7.1189830e-02  -5.9306140e-03   8.6858276e-02   6.4231088e-01  -1.3028716e-02  -8.5378888e-04   8.5377073e-01  -1.1421535e-01  -9.8261510e-03   6.7014768e-04
   4.8750000e-01   3.4142023e+00   1.4324930e+00   7.0894405e-02  -5.8796426e-03   1.1897380e-01   6.4443868e-01  -1.3071406e-02  -8.4857206e-04   8.4805996e-01  -1.2863438e-01  -9.7926436e-03   6.8684472e-04
   4.9000000e-01   3.4863284e+00   1.4522854e+00   7.0601759e-02  -5.8263881e-03   1.5119571e-01   6.4601047e-01  -1.3113834e-02  -8.4248689e-04   8.4162825e-01  -1.4302936e-01  -9.7583014e-03   7.0317761e-04
   4.9250000e-01   3.5594923e+00   1.4718740e+00   7.0311985e-02  -5.7708107e-03   1.8349621e-01   6.4701315e-01  -1.3155959e-02  -8.3551853e-04   8.3447679e-01  -1.5737464e-01  -9.7231426e-03   7.1910129e-04
   4.9500000e-01   3.6335913e+00   1.4912529e+00   7.0024939e-02  -5.7130612e-03   2.1584684e-01   6.4743406e-01  -1.3197734e-02  -8.2765294e-04   8.2660806e-01  -1.7164344e-01  -9.6871875e-03   7.3456899e-04
   4.9750000e-01   3.7086500e+00   1.5103905e+00   6.9740831e-02  -5.6530031e-03   2.4821853e-01   6.4726146e-01  -1.3239117e-02  -8.1887782e-04   8.1802589e-01  -1.8580827e-01  -9.6504591e-03   7.4953315e-04
   5.0000000e-01   3.7846507e+00   1.5292624e+00   6.9459760e-02  -5.5905922e-03   2.8058158e-01   6.4648446e-01  -1.3280061e-02  -8.0918244e-04   8.0873549e-01  -1.9984088e-01  -9.6129825e-03   7.6394519e-04
   5.0250000e-01   3.8615796e+00   1.5478428e+00   6.9181843e-02  -5.5257716e-03   3.1290578e-01   6.4509306e-01  -1.3320520e-02  -7.9855774e-04   7.9874345e-01  -2.1371228e-01  -9.5747852e-03   7.7775572e-04
   5.0500000e-01   3.9394179e+00   1.5661065e+00   6.8907183e-02  -5.4584958e-03   3.4516041e-01   6.4307827e-01  -1.3360448e-02  -7.8699643e-04   7.8805784e-01  -2.2739285e-01  -9.5358975e-03   7.9091456e-04
   5.0750000e-01   4.0181623e+00   1.5840212e+00   6.8635955e-02  -5.3886700e-03   3.7731430e-01   6.4043212e-01  -1.3399798e-02  -7.7449313e-04   7.7668821e-01  -2.4085235e-01  -9.4963518e-03   8.0337097e-04
   5.1000000e-01   4.0977891e+00   1.6015604e+00   6.8368262e-02  -5.3162523e-03   4.0933588e-01   6.3714772e-01  -1.3438522e-02  -7.6104435e-04   7.6464560e-01  -2.5405999e-01  -9.4561832e-03   8.1507369e-04
   5.1250000e-01   4.1782789e+00   1.6186952e+00   6.8104235e-02  -5.2411843e-03   4.4119324e-01   6.3321933e-01  -1.3476575e-02  -7.4664860e-04   7.5194261e-01  -2.6698450e-01  -9.4154296e-03   8.2597104e-04
   5.1500000e-01   4.2596088e+00   1.6353974e+00   6.7843995e-02  -5.1634159e-03   4.7285419e-01   6.2864236e-01  -1.3513907e-02  -7.3130647e-04   7.3859339e-01  -2.7959419e-01  -9.3741311e-03   8.3601109e-04
   5.1750000e-01   4.3417782e+00   1.6516232e+00   6.7587787e-02  -5.0828122e-03   5.0428628e-01   6.2341349e-01  -1.3550472e-02  -7.1502075e-04   7.2461369e-01  -2.9185706e-01  -9.3323305e-03   8.4514191e-04
   5.2000000e-01   4.4247462e+00   1.6673500e+00   6.7335676e-02  -4.9993684e-03   5.3545694e-01   6.1753065e-01  -1.3586223e-02  -6.9779633e-04   7.1002085e-01  -3.0374083e-01  -9.2900735e-03   8.5331151e-04
   5.2250000e-01   4.5084873e+00   1.6825458e+00   6.7087804e-02  -4.9130259e-03   5.6633345e-01   6.1099305e-01  -1.3621113e-02  -6.7964038e-04   6.9483382e-01  -3.1521301e-01  -9.2474079e-03   8.6046810e-04
   5.2500000e-01   4.5929740e+00   1.6971783e+00   6.6844318e-02  -4.8237274e-03   5.9688308e-01   6.0380128e-01  -1.3655095e-02  -6.6056233e-04   6.7907318e-01  -3.2624101e-01  -9.2043846e-03   8.6656025e-04
   5.2750000e-01   4.6781842e+00   1.7112076e+00   6.6605415e-02  -4.7313833e-03   6.2707312e-01   5.9595729e-01  -1.3688123e-02  -6.4057393e-04   6.6276114e-01  -3.3679228e-01  -9.1610566e-03   8.7153709e-04
   5.3000000e-01   4.7640803e+00   1.7246056e+00   6.6371205e-02  -4.6359644e-03   6.5687096e-01   5.8746445e-01  -1.3720152e-02  -6.1968931e-04   6.4592154e-01  -3.4683430e-01  -9.1174798e-03   8.7534839e-04
   5.3250000e-01   4.8506299e+00   1.7373379e+00   6.6141843e-02  -4.5374141e-03   6.8624417e-01   5.7832755e-01  -1.3751136e-02  -5.9792493e-04   6.2857984e-01  -3.5633476e-01  -9.0737124e-03   8.7794484e-04
   5.3500000e-01   4.9377988e+00   1.7493697e+00   6.5917488e-02  -4.4356768e-03   7.1516052e-01   5.6855284e-01  -1.3781032e-02  -5.7529967e-04   6.1076311e-01  -3.6526162e-01  -9.0298152e-03   8.7927815e-04
   5.3750000e-01   5.0255518e+00   1.7606651e+00   6.5698306e-02  -4.3306935e-03   7.4358815e-01   5.5814806e-01  -1.3809797e-02  -5.5183480e-04   5.9250004e-01  -3.7358323e-01  -8.9858513e-03   8.7930132e-04
   5.4000000e-01   5.1138522e+00   1.7711864e+00   6.5484474e-02  -4.2224030e-03   7.7149553e-01   5.4712241e-01  -1.3837389e-02  -5.2755395e-04   5.7382090e-01  -3.8126846e-01  -8.9418862e-03   8.7796878e-04
   5.4250000e-01   5.2026586e+00   1.7809002e+00   6.5276140e-02  -4.1107630e-03   7.9885163e-01   5.3548658e-01  -1.3863767e-02  -5.0248314e-04   5.5475749e-01  -3.8828674e-01  -8.8979878e-03   8.7523660e-04
   5.4500000e-01   5.2919297e+00   1.7897700e+00   6.5073473e-02  -3.9957225e-03   8.2562594e-01   5.2325276e-01  -1.3888891e-02  -4.7665074e-04   5.3534316e-01  -3.9460825e-01  -8.8542260e-03   8.7106269e-04
   5.4750000e-01   5.3816281e+00   1.7977457e+00   6.4876734e-02  -3.8771791e-03   8.5178856e-01   5.1043460e-01  -1.3912723e-02  -4.5008739e-04   5.1561276e-01  -4.0020400e-01  -8.8106729e-03   8.6540700e-04
   5.5000000e-01   5.4717014e+00   1.8048040e+00   6.4686005e-02  -3.7551396e-03   8.7731027e-01   4.9704725e-01  -1.3935228e-02  -4.2282602e-04   4.9560258e-01  -4.0504592e-01  -8.7674026e-03   8.5823173e-04
   5.5250000e-01   5.5621026e+00   1.8109077e+00   6.4501462e-02  -3.6295570e-03   9.0216262e-01   4.8310731e-01  -1.3956369e-02  -3.9490180e-04   4.7535030e-01  -4.0910702e-01  -8.7244911e-03   8.4950148e-04
   5.5500000e-01   5.6527834e+00   1.8160196e+00   6.4323282e-02  -3.5003864e-03   9.2631797e-01   4.6863283e-01  -1.3976114e-02  -3.6635205e-04   4.5489496e-01  -4.1236147e-01  -8.6820160e-03   8.3918351e-04
   5.5750000e-01   5.7436913e+00   1.8201140e+00   6.4151574e-02  -3.3676250e-03   9.4974959e-01   4.5364330e-01  -1.3994432e-02  -3.3721624e-04   4.3427690e-01  -4.1478472e-01  -8.6400569e-03   8.2724789e-04
   5.6000000e-01   5.8347775e+00   1.8231396e+00   6.3986608e-02  -3.2311820e-03   9.7243174e-01   4.3815957e-01  -1.4011293e-02  -3.0753576e-04   4.1353768e-01  -4.1635366e-01  -8.5986945e-03   8.1366776e-04
   5.6250000e-01   5.9259874e+00   1.8250607e+00   6.3828557e-02  -3.0910255e-03   9.9433970e-01   4.2220381e-01  -1.4026669e-02  -2.7735392e-04   3.9272001e-01  -4.1704668e-01  -8.5580111e-03   7.9841948e-04
   5.6500000e-01   6.0172648e+00   1.8258397e+00   6.3677607e-02  -2.9471189e-03   1.0154499e+00   4.0579951e-01  -1.4040537e-02  -2.4671582e-04   3.7186769e-01  -4.1684386e-01  -8.5180902e-03   7.8148285e-04
   5.6750000e-01   6.1085532e+00   1.8254856e+00   6.3533663e-02  -2.7995745e-03   1.0357398e+00   3.8897157e-01  -1.4052873e-02  -2.1566862e-04   3.5102551e-01  -4.1572692e-01  -8.4790161e-03   7.6284116e-04
   5.7000000e-01   6.1997956e+00   1.8239161e+00   6.3397192e-02  -2.6482130e-03   1.0551884e+00   3.7174595e-01  -1.4063656e-02  -1.8426071e-04   3.3023918e-01  -4.1367954e-01  -8.4408740e-03   7.4248160e-04
   5.7250000e-01   6.2909194e+00   1.8210142e+00   6.3268874e-02  -2.4927666e-03   1.0737757e+00   3.5414938e-01  -1.4072869e-02  -1.5254124e-04   3.0955522e-01  -4.1068750e-01  -8.4037500e-03   7.2039559e-04
   5.7500000e-01   6.3818656e+00   1.8168251e+00   6.3148398e-02  -2.3334654e-03   1.0914831e+00   3.3620997e-01  -1.4080496e-02  -1.2056132e-04   2.8902086e-01  -4.0673857e-01  -8.3677302e-03   6.9657848e-04
   5.7750000e-01   6.4725669e+00   1.8113033e+00   6.3036013e-02  -2.1702612e-03   1.1082936e+00   3.1795681e-01  -1.4086524e-02  -8.8373139e-05   2.6868395e-01  -4.0182271e-01  -8.3329013e-03   6.7102996e-04
   5.8000000e-01   6.5629638e+00   1.8044430e+00   6.2931732e-02  -2.0032208e-03   1.1241915e+00   2.9942005e-01  -1.4090943e-02  -5.6030163e-05   2.4859282e-01  -3.9593216e-01  -8.2993499e-03   6.4375411e-04
   5.8250000e-01   6.6529906e+00   1.7962105e+00   6.2835741e-02  -1.8323301e-03   1.1391625e+00   2.8063073e-01  -1.4093745e-02  -2.3586770e-05   2.2879623e-01  -3.8906152e-01  -8.2671622e-03   6.1475959e-04
   5.8500000e-01   6.7425872e+00   1.7865929e+00   6.2748105e-02  -1.6576329e-03   1.1531940e+00   2.6162074e-01  -1.4094924e-02   8.9017151e-06   2.0934317e-01  -3.8120784e-01  -8.2364242e-03   5.8405972e-04
   5.8750000e-01   6.8316538e+00   1.7754732e+00   6.2669519e-02  -1.4788965e-03   1.1662750e+00   2.4242225e-01  -1.4094479e-02   4.1380329e-05   1.9028279e-01  -3.7237096e-01  -8.2072213e-03   5.5167312e-04
   5.9000000e-01   6.9200863e+00   1.7627556e+00   6.2600555e-02  -1.2959620e-03   1.1783961e+00   2.2306761e-01  -1.4092410e-02   7.3794519e-05   1.7166426e-01  -3.6255356e-01  -8.1796376e-03   5.1762379e-04
   5.9250000e-01   7.0078700e+00   1.7485604e+00   6.2540490e-02  -1.1092313e-03   1.1895495e+00   2.0359054e-01  -1.4088720e-02   1.0608782e-04   1.5353659e-01  -3.5176070e-01  -8.1537565e-03   4.8194008e-04
   5.9500000e-01   7.0949320e+00   1.7328532e+00   6.2489537e-02  -9.1869547e-04   1.1997290e+00   1.8402519e-01  -1.4083416e-02   1.3820373e-04   1.3594857e-01  -3.4000026e-01  -8.1296595e-03   4.4465557e-04
   5.9750000e-01   7.1811834e+00   1.7155760e+00   6.2448057e-02  -7.2429199e-04   1.2089303e+00   1.6440583e-01  -1.4076506e-02   1.7008624e-04   1.1894857e-01  -3.2728310e-01  -8.1074267e-03   4.0580932e-04
   6.0000000e-01   7.2664448e+00   1.6965264e+00   6.2417292e-02  -5.2562277e-04   1.2171505e+00   1.4476581e-01  -1.4068001e-02   2.0168202e-04   1.0258442e-01  -3.1362363e-01  -8.0871362e-03   3.6544697e-04
   6.0250000e-01   7.3507574e+00   1.6758960e+00   6.2396109e-02  -3.2323763e-04   1.2243888e+00   1.2514001e-01  -1.4057917e-02   2.3293536e-04   8.6903253e-02  -2.9903857e-01  -8.0688639e-03   3.2361817e-04
   6.0500000e-01   7.4340584e+00   1.6536780e+00   6.2384576e-02  -1.1719817e-04   1.2306458e+00   1.0556353e-01  -1.4046270e-02   2.6379087e-04   7.1951335e-02  -2.8354758e-01  -8.0526830e-03   2.8037786e-04
   6.0750000e-01   7.5161107e+00   1.6296194e+00   6.2384275e-02   9.2978014e-05   1.2359240e+00   8.6069684e-02  -1.4033081e-02   2.9419743e-04   5.7773966e-02  -2.6717439e-01  -8.0386641e-03   2.3578840e-04
   6.1000000e-01   7.5969335e+00   1.6038539e+00   6.2394438e-02   3.0689743e-04   1.2402275e+00   6.6692733e-02  -1.4018371e-02   3.2410265e-04   4.4415256e-02  -2.4994524e-01  -8.0268747e-03   1.8991645e-04
   6.1250000e-01   7.6765147e+00   1.5764522e+00   6.2414678e-02   5.2432331e-04   1.2435621e+00   4.7467415e-02  -1.4002166e-02   3.5345388e-04   3.1918003e-02  -2.3188911e-01  -8.0173789e-03   1.4283337e-04
   6.1500000e-01   7.7545621e+00   1.5471355e+00   6.2446785e-02   7.4575032e-04   1.2459355e+00   2.8425945e-02  -1.3984493e-02   3.8220407e-04   2.0323555e-02  -2.1303944e-01  -8.0102372e-03   9.4618605e-05
   6.1750000e-01   7.8311393e+00   1.5160762e+00   6.2489764e-02   9.7072397e-04   1.2473568e+00   9.6016044e-03  -1.3965383e-02   4.1030461e-04   9.6715908e-03  -1.9343195e-01  -8.0055063e-03   4.5355272e-05
   6.2000000e-01   7.9062183e+00   1.4833220e+00   6.2543388e-02   1.1990614e-03   1.2478369e+00  -8.9723163e-03  -1.3944868e-02   4.3770744e-04  -0.0000000e+00  -1.7310518e-01  -8.0032386e-03  -4.8687716e-06
   6.2250000e-01   7.9794281e+00   1.4485545e+00   6.2609765e-02   1.4312832e-03   1.2473882e+00  -2.7266012e-02  -1.3922982e-02   4.6437190e-04  -8.6552529e-03  -1.5210264e-01  -8.0034820e-03  -5.5956720e-05
   6.2500000e-01   8.0509949e+00   1.4121002e+00   6.2686927e-02   1.6666652e-03   1.2460249e+00  -4.5247334e-02  -1.3899764e-02   4.9025312e-04  -1.6260379e-02  -1.3046901e-01  -8.0062798e-03  -1.0781041e-04
   6.2750000e-01   8.1206389e+00   1.3737584e+00   6.2776275e-02   1.9054810e-03   1.2437626e+00  -6.2886852e-02  -1.3875251e-02   5.1531202e-04  -2.2783825e-02  -1.0825333e-01  -8.0116703e-03  -1.6032407e-04
   6.3000000e-01   8.1883011e+00   1.3335564e+00   6.2877763e-02   2.1475759e-03   1.2406182e+00  -8.0155792e-02  -1.3849486e-02   5.3951123e-04  -2.8196488e-02  -8.5507515e-02  -8.0196865e-03  -2.1338720e-04
   6.3250000e-01   8.2540336e+00   1.2916211e+00   6.2990695e-02   2.3926275e-03   1.2366105e+00  -9.7025057e-02  -1.3822510e-02   5.6281302e-04  -3.2471861e-02  -6.2285583e-02  -8.0303559e-03  -2.6688626e-04
   6.3500000e-01   8.3174148e+00   1.2476665e+00   6.3117139e-02   2.6410019e-03   1.2317592e+00  -1.1346981e-01  -1.3794369e-02   5.8518839e-04  -3.5586138e-02  -3.8646698e-02  -8.0437002e-03  -3.2069859e-04
   6.3750000e-01   8.3787572e+00   1.2020374e+00   6.3254948e-02   2.8920275e-03   1.2260857e+00  -1.2946261e-01  -1.3765110e-02   6.0660338e-04  -3.7518471e-02  -1.4650202e-02  -8.0597351e-03  -3.7470234e-04
   6.4000000e-01   8.4375980e+00   1.1544428e+00   6.3406306e-02   3.1460402e-03   1.2196126e+00  -1.4498079e-01  -1.3734780e-02   6.2703364e-04  -3.8250981e-02   9.6392832e-03  -8.0784702e-03  -4.2876635e-04
   6.4250000e-01   8.4941218e+00   1.1051068e+00   6.3569871e-02   3.4025837e-03   1.2123636e+00  -1.6000044e-01  -1.3703428e-02   6.4645253e-04  -3.7769017e-02   3.4156351e-02  -8.0999085e-03  -4.8275912e-04
   6.4500000e-01   8.5481168e+00   1.0539542e+00   6.3746407e-02   3.6616413e-03   1.2043635e+00  -1.7450023e-01  -1.3671106e-02   6.6483848e-04  -3.6061201e-02   5.8832238e-02  -8.1240465e-03  -5.3654374e-04
   6.4750000e-01   8.5994492e+00   1.0009733e+00   6.3936257e-02   3.9230967e-03   1.1956385e+00  -1.8846070e-01  -1.3637864e-02   6.8217369e-04  -3.3119591e-02   8.3595498e-02  -8.1508736e-03  -5.8997918e-04
   6.5000000e-01   8.6482593e+00   9.4633880e-01   6.4138410e-02   4.1865939e-03   1.1862155e+00  -2.0186183e-01  -1.3603755e-02   6.9843917e-04  -2.8939819e-02   1.0837409e-01  -8.1803726e-03  -6.4292456e-04
   6.5250000e-01   8.6940292e+00   8.8980486e-01   6.4355036e-02   4.4522787e-03   1.1761224e+00  -2.1468910e-01  -1.3568833e-02   7.1362669e-04  -2.3521118e-02   1.3309089e-01  -8.2125188e-03  -6.9523016e-04
   6.5500000e-01   8.7371686e+00   8.3170709e-01   6.4583894e-02   4.7196248e-03   1.1653880e+00  -2.2692514e-01  -1.3533152e-02   7.2772221e-04  -1.6866578e-02   1.5767050e-01  -8.2472803e-03  -7.4675103e-04
   6.5750000e-01   8.7772016e+00   7.7185324e-01   6.4826874e-02   4.9886710e-03   1.1540417e+00  -2.3855778e-01  -1.3496766e-02   7.4072172e-04  -8.9830590e-03   1.8203312e-01  -8.2846178e-03  -7.9733472e-04
   6.6000000e-01   8.8142228e+00   7.1038459e-01   6.5083248e-02   5.2591130e-03   1.1421138e+00  -2.4957494e-01  -1.3459730e-02   7.5262114e-04   1.1859066e-04   2.0609887e-01  -8.3244845e-03  -8.4682998e-04
   6.6250000e-01   8.8483465e+00   6.4744141e-01   6.5352248e-02   5.5306715e-03   1.1296351e+00  -2.5996461e-01  -1.3422099e-02   7.6341610e-04   1.0423527e-02   2.2978818e-01  -8.3668260e-03  -8.9508752e-04
   6.6500000e-01   8.8789376e+00   5.8280463e-01   6.5636314e-02   5.8032944e-03   1.1166369e+00  -2.6972139e-01  -1.3383928e-02   7.7311496e-04   2.1912928e-02   2.5301663e-01  -8.4115803e-03  -9.4194960e-04
   6.6750000e-01   8.9063969e+00   5.1675820e-01   6.5933459e-02   6.0766003e-03   1.1031508e+00  -2.7883750e-01  -1.3345272e-02   7.8172084e-04   3.4563750e-02   2.7570273e-01  -8.4586777e-03  -9.8726573e-04
   6.7000000e-01   8.9306798e+00   4.4936514e-01   6.6243629e-02   6.3503641e-03   1.0892090e+00  -2.8730673e-01  -1.3306186e-02   7.8923943e-04   4.8348877e-02   2.9776506e-01  -8.5080410e-03  -1.0308867e-03
   6.7250000e-01   8.9514510e+00   3.8058151e-01   6.6567925e-02   6.6243575e-03   1.0748436e+00  -2.9512694e-01  -1.3266724e-02   7.9568395e-04   6.3237120e-02   3.1912031e-01  -8.5595853e-03  -1.0726610e-03
   6.7500000e-01   8.9686158e+00   3.1047426e-01   6.6906450e-02   6.8982932e-03   1.0600873e+00  -3.0229803e-01  -1.3226940e-02   8.0107092e-04   7.9193124e-02   3.3968550e-01  -8.6132183e-03  -1.1124387e-03
   6.7750000e-01   8.9825090e+00   2.3925693e-01   6.7257651e-02   7.1719230e-03   1.0449724e+00  -3.0881832e-01  -1.3186886e-02   8.0541304e-04   9.6177387e-02   3.5938142e-01  -8.6688402e-03  -1.1500788e-03
   6.8000000e-01   8.9925869e+00   1.6685313e-01   6.7623372e-02   7.4448943e-03   1.0295315e+00  -3.1469198e-01  -1.3146616e-02   8.0873388e-04   1.1414645e-01   3.7812654e-01  -8.7263441e-03  -1.1854367e-03
   6.8250000e-01   8.9991130e+00   9.3446281e-02   6.8002371e-02   7.7169702e-03   1.0137969e+00  -3.1992229e-01  -1.3106179e-02   8.1105434e-04   1.3305276e-01   3.9584329e-01  -8.7856159e-03  -1.2183769e-03
   6.8500000e-01   9.0019442e+00   1.9103598e-02   6.8394943e-02   7.9878156e-03   9.9780081e-01  -3.2451502e-01  -1.3065626e-02   8.1239946e-04   1.5284491e-01   4.1245550e-01  -8.8465347e-03  -1.2487677e-03
   6.8750000e-01   9.0010020e+00  -5.6088443e-02   6.8801150e-02   8.2571094e-03   9.8157507e-01  -3.2847790e-01  -1.3025007e-02   8.1279724e-04   1.7346767e-01   4.2788920e-01  -8.9089730e-03  -1.2764826e-03
   6.9000000e-01   8.9963318e+00  -1.3200632e-01   6.9220595e-02   8.5245566e-03   9.6515118e-01  -3.3181966e-01  -1.2984367e-02   8.1227663e-04   1.9486212e-01   4.4207397e-01  -8.9727971e-03  -1.3014034e-03
   6.9250000e-01   8.9878001e+00  -2.0856501e-01   6.9653534e-02   8.7897839e-03   9.4856021e-01  -3.3455141e-01  -1.2943753e-02   8.1087035e-04   2.1696580e-01   4.5494197e-01  -9.0378672e-03  -1.3234178e-03
   6.9500000e-01   8.9754529e+00  -2.8563647e-01   7.0099579e-02   9.0524847e-03   9.3183265e-01  -3.3668523e-01  -1.2903209e-02   8.0861196e-04   2.3971288e-01   4.6642970e-01  -9.1040381e-03  -1.3424227e-03
   6.9750000e-01   8.9592575e+00  -3.6311195e-01   7.0558640e-02   9.3123247e-03   9.1499840e-01  -3.3823477e-01  -1.2862779e-02   8.0553711e-04   2.6303435e-01   4.7647777e-01  -9.1711592e-03  -1.3583242e-03
   7.0000000e-01   8.9391124e+00  -4.4087210e-01   7.1030836e-02   9.5688688e-03   8.9808668e-01  -3.3921579e-01  -1.2822502e-02   8.0168445e-04   2.8685822e-01   4.8503081e-01  -9.2390753e-03  -1.3710368e-03
   7.0250000e-01   8.9151807e+00  -5.1878912e-01   7.1515430e-02   9.8219320e-03   8.8112590e-01  -3.3964406e-01  -1.2782418e-02   7.9709154e-04   3.1110975e-01   4.9203973e-01  -9.3076271e-03  -1.3804882e-03
   7.0500000e-01   8.8872285e+00  -5.9673593e-01   7.2012971e-02   1.0070920e-02   8.6414371e-01  -3.3953842e-01  -1.2742563e-02   7.9180083e-04   3.3571171e-01   4.9745926e-01  -9.3766515e-03  -1.3866140e-03
   7.0750000e-01   8.8555014e+00  -6.7458831e-01   7.2522479e-02   1.0315743e-02   8.4716680e-01  -3.3891705e-01  -1.2702973e-02   7.8585233e-04   3.6058466e-01   5.0125164e-01  -9.4459821e-03  -1.3893653e-03
   7.1000000e-01   8.8197775e+00  -7.5219890e-01   7.3044449e-02   1.0555761e-02   8.3022096e-01  -3.3780101e-01  -1.2663681e-02   7.7929050e-04   3.8564722e-01   5.0338373e-01  -9.5154504e-03  -1.3887024e-03
   7.1250000e-01   8.7802612e+00  -8.2945009e-01   7.3578056e-02   1.0790857e-02   8.1333092e-01  -3.3621099e-01  -1.2624716e-02   7.7215787e-04   4.1081639e-01   5.0383017e-01  -9.5848854e-03  -1.3846013e-03
   7.1500000e-01   8.7368982e+00  -9.0619470e-01   7.4123271e-02   1.1020565e-02   7.9652038e-01  -3.3416918e-01  -1.2586108e-02   7.6449876e-04   4.3600788e-01   5.0257191e-01  -9.6541154e-03  -1.3770507e-03
   7.1750000e-01   8.6895480e+00  -9.8226433e-01   7.4680317e-02   1.1244266e-02   7.7981194e-01  -3.3169982e-01  -1.2547883e-02   7.5636030e-04   4.6113646e-01   4.9959594e-01  -9.7229679e-03  -1.3660510e-03
   7.2000000e-01   8.6386669e+00  -1.0576012e+00   7.5247663e-02   1.1462268e-02   7.6322696e-01  -3.2882493e-01  -1.2510065e-02   7.4778400e-04   4.8611624e-01   4.9489916e-01  -9.7912704e-03  -1.3516224e-03
   7.2250000e-01   8.5838822e+00  -1.1319737e+00   7.5826200e-02   1.1673533e-02   7.4678572e-01  -3.2557007e-01  -1.2472676e-02   7.3881723e-04   5.1086118e-01   4.8848345e-01  -9.8588515e-03  -1.3337945e-03
   7.2500000e-01   8.5255853e+00  -1.2053390e+00   7.6414635e-02   1.1878341e-02   7.3050723e-01  -3.2195902e-01  -1.2435735e-02   7.2950257e-04   5.3528534e-01   4.8036031e-01  -9.9255412e-03  -1.3126157e-03
   7.2750000e-01   8.4633816e+00  -1.2774096e+00   7.7013865e-02   1.2075467e-02   7.1440929e-01  -3.1801899e-01  -1.2399260e-02   7.1988828e-04   5.5930334e-01   4.7054643e-01  -9.9911719e-03  -1.2881441e-03
   7.3000000e-01   8.3977954e+00  -1.3482054e+00   7.7622258e-02   1.2265502e-02   6.9850835e-01  -3.1377440e-01  -1.2363266e-02   7.1001595e-04   5.8283064e-01   4.5906882e-01  -1.0055579e-02  -1.2604578e-03
   7.3250000e-01   8.3286607e+00  -1.4175086e+00   7.8240083e-02   1.2447649e-02   6.8281964e-01  -3.0925147e-01  -1.2327765e-02   6.9992959e-04   6.0578407e-01   4.4596095e-01  -1.0118602e-02  -1.2296468e-03
   7.3500000e-01   8.2560225e+00  -1.4851588e+00   7.8867011e-02   1.2621487e-02   6.6735708e-01  -3.0447666e-01  -1.2292769e-02   6.8967264e-04   6.2808210e-01   4.3126382e-01  -1.0180084e-02  -1.1958156e-03
   7.3750000e-01   8.1801524e+00  -1.5511228e+00   7.9502151e-02   1.2787189e-02   6.5213326e-01  -2.9947521e-01  -1.2258285e-02   6.7928507e-04   6.4964527e-01   4.1502685e-01  -1.0239875e-02  -1.1590840e-03
   7.4000000e-01   8.1010433e+00  -1.6152326e+00   8.0145333e-02   1.2944253e-02   6.3715951e-01  -2.9427287e-01  -1.2224321e-02   6.6880685e-04   6.7039660e-01   3.9730630e-01  -1.0297829e-02  -1.1195847e-03
   7.4250000e-01   8.0186368e+00  -1.6772594e+00   8.0796479e-02   1.3091943e-02   6.2244587e-01  -2.8889603e-01  -1.2190881e-02   6.5827829e-04   6.9026190e-01   3.7816488e-01  -1.0353808e-02  -1.0774618e-03
   7.4500000e-01   7.9332685e+00  -1.7372357e+00   8.1454575e-02   1.3230678e-02   6.0800108e-01  -2.8336929e-01  -1.2157967e-02   6.4773531e-04   7.0917013e-01   3.5767304e-01  -1.0407681e-02  -1.0328738e-03
   7.4750000e-01   7.8450380e+00  -1.7950618e+00   8.2119195e-02   1.3360251e-02   5.9383263e-01  -2.7771691e-01  -1.2125580e-02   6.3721223e-04   7.2705377e-01   3.3590751e-01  -1.0459325e-02  -9.8599004e-04
   7.5000000e-01   7.7538286e+00  -1.8504447e+00   8.2790367e-02   1.3479665e-02   5.7994679e-01  -2.7196386e-01  -1.2093719e-02   6.2674411e-04   7.4384914e-01   3.1295018e-01  -1.0508624e-02  -9.3698900e-04
   7.5250000e-01   7.6599382e+00  -1.9034236e+00   8.3467201e-02   1.3589309e-02   5.6634861e-01  -2.6613344e-01  -1.2062382e-02   6.1636189e-04   7.5949663e-01   2.8888907e-01  -1.0555474e-02  -8.8605973e-04
   7.5500000e-01   7.5635525e+00  -1.9539815e+00   8.4149089e-02   1.3689293e-02   5.5304195e-01  -2.6024786e-01  -1.2031564e-02   6.0609381e-04   7.7394108e-01   2.6381730e-01  -1.0599777e-02  -8.3339993e-04
   7.5750000e-01   7.4646141e+00  -2.0018481e+00   8.4835893e-02   1.3778727e-02   5.4002956e-01  -2.5432951e-01  -1.2001259e-02   5.9596786e-04   7.8713193e-01   2.3783187e-01  -1.0641447e-02  -7.7921342e-04
   7.6000000e-01   7.3633524e+00  -2.0470380e+00   8.5526898e-02   1.3857848e-02   5.2731310e-01  -2.4839934e-01  -1.1971461e-02   5.8600868e-04   7.9902352e-01   2.1103387e-01  -1.0680407e-02  -7.2371049e-04
   7.6250000e-01   7.2600177e+00  -2.0896449e+00   8.6221414e-02   1.3927150e-02   5.1489314e-01  -2.4247678e-01  -1.1942161e-02   5.7623747e-04   8.0957520e-01   1.8352771e-01  -1.0716593e-02  -6.6710646e-04
   7.6500000e-01   7.1544212e+00  -2.1291639e+00   8.6919426e-02   1.3984880e-02   5.0276931e-01  -2.3658179e-01  -1.1913349e-02   5.6667620e-04   8.1875158e-01   1.5541976e-01  -1.0749948e-02  -6.0961881e-04
   7.6750000e-01   7.0470945e+00  -2.1660999e+00   8.7619833e-02   1.4033048e-02   4.9094023e-01  -2.3073142e-01  -1.1885015e-02   5.5734073e-04   8.2652256e-01   1.2681879e-01  -1.0780429e-02  -5.5146817e-04
   7.7000000e-01   6.9378865e+00  -2.1999587e+00   8.8322498e-02   1.4069948e-02   4.7940366e-01  -2.2494294e-01  -1.1857148e-02   5.4824720e-04   8.3286350e-01   9.7834331e-02  -1.0808003e-02  -4.9287497e-04
   7.7250000e-01   6.8271393e+00  -2.2310484e+00   8.9026679e-02   1.4096810e-02   4.6815652e-01  -2.1923159e-01  -1.1829736e-02   5.3940762e-04   8.3775521e-01   6.8576523e-02  -1.0832646e-02  -4.3405920e-04
   7.7500000e-01   6.7148356e+00  -2.2590261e+00   8.9731975e-02   1.4112495e-02   4.5719495e-01  -2.1361212e-01  -1.1802765e-02   5.3083300e-04   8.4118404e-01   3.9155165e-02  -1.0854349e-02  -3.7523854e-04
   7.7750000e-01   6.6013036e+00  -2.2842762e+00   9.0437780e-02   1.4118462e-02   4.4651435e-01  -2.0809736e-01  -1.1776224e-02   5.2253055e-04   8.4314179e-01   9.6791211e-03  -1.0873111e-02  -3.1662718e-04
   7.8000000e-01   6.4864804e+00  -2.3062844e+00   9.1143599e-02   1.4112966e-02   4.3610949e-01  -2.0269972e-01  -1.1750097e-02   5.1450682e-04   8.4362575e-01  -1.9744291e-02  -1.0888943e-02  -2.5843470e-04
   7.8250000e-01   6.3706831e+00  -2.3254809e+00   9.1848910e-02   1.4097597e-02   4.2597451e-01  -1.9742980e-01  -1.1724372e-02   5.0676488e-04   8.4263854e-01  -4.9010080e-02  -1.0901864e-02  -2.0086453e-04
   7.8500000e-01   6.2540115e+00  -2.3417849e+00   9.2553233e-02   1.4072126e-02   4.1610303e-01  -1.9229716e-01  -1.1699034e-02   4.9930606e-04   8.4018803e-01  -7.8016126e-02  -1.0911907e-02  -1.4411293e-04
   7.8750000e-01   6.1365579e+00  -2.3549819e+00   9.3255915e-02   1.4035865e-02   4.0648818e-01  -1.8731034e-01  -1.1674068e-02   4.9212995e-04   8.3628723e-01  -1.0666362e-01  -1.0919113e-02  -8.8368215e-05
   7.9000000e-01   6.0185381e+00  -2.3653844e+00   9.3956602e-02   1.3989941e-02   3.9712267e-01  -1.8247654e-01  -1.1649462e-02   4.8523383e-04   8.3095405e-01  -1.3485788e-01  -1.0923532e-02  -3.3809163e-05
   7.9250000e-01   5.9000778e+00  -2.3730114e+00   9.4654836e-02   1.3934457e-02   3.8799885e-01  -1.7780186e-01  -1.1625200e-02   4.7861332e-04   8.2421116e-01  -1.6250870e-01  -1.0925222e-02   1.9395565e-05
   7.9500000e-01   5.7812930e+00  -2.3776790e+00   9.5349885e-02   1.3868812e-02   3.7910876e-01  -1.7329135e-01  -1.1601269e-02   4.7226241e-04   8.1608573e-01  -1.8953065e-01  -1.0924252e-02   7.1087922e-05
   7.9750000e-01   5.6623485e+00  -2.3796251e+00   9.6041446e-02   1.3793848e-02   3.7044420e-01  -1.6894900e-01  -1.1577656e-02   4.6617348e-04   8.0660921e-01  -2.1584371e-01  -1.0920698e-02   1.2112170e-04
   8.0000000e-01   5.5433726e+00  -2.3789578e+00   9.6729156e-02   1.3709952e-02   3.6199676e-01  -1.6477780e-01  -1.1554348e-02   4.6033764e-04   7.9581703e-01  -2.4137357e-01  -1.0914642e-02   1.6936295e-04
   8.0250000e-01   5.4244966e+00  -2.3756154e+00   9.7412370e-02   1.3616927e-02   3.5375787e-01  -1.6077978e-01  -1.1531331e-02   4.5474463e-04   7.8374836e-01  -2.6605174e-01  -1.0906174e-02   2.1569016e-04
   8.0500000e-01   5.3058606e+00  -2.3696696e+00   9.8090597e-02   1.3515023e-02   3.4571889e-01  -1.5695604e-01  -1.1508594e-02   4.4938305e-04   7.7044578e-01  -2.8981589e-01  -1.0895389e-02   2.5999482e-04
   8.0750000e-01   5.1875681e+00  -2.3613480e+00   9.8763729e-02   1.3405018e-02   3.3787109e-01  -1.5330696e-01  -1.1486124e-02   4.4424080e-04   7.5595500e-01  -3.1261011e-01  -1.0882389e-02   3.0218179e-04
   8.1000000e-01   5.0697607e+00  -2.3505891e+00   9.9431040e-02   1.3286701e-02   3.3020575e-01  -1.4983203e-01  -1.1463912e-02   4.3930473e-04   7.4032450e-01  -3.3438481e-01  -1.0867280e-02   3.4216909e-04
   8.1250000e-01   4.9525636e+00  -2.3374961e+00   1.0009212e-01   1.3160412e-02   3.2271415e-01  -1.4653004e-01  -1.1441947e-02   4.3456103e-04   7.2360527e-01  -3.5509693e-01  -1.0850172e-02   3.7988809e-04
   8.1500000e-01   4.8360239e+00  -2.3223434e+00   1.0074714e-01   1.3027079e-02   3.1538766e-01  -1.4339934e-01  -1.1420219e-02   4.2999584e-04   7.0585044e-01  -3.7470995e-01  -1.0831177e-02   4.1528354e-04
   8.1750000e-01   4.7203748e+00  -2.3048935e+00   1.0139466e-01   1.2885871e-02   3.0821770e-01  -1.4043726e-01  -1.1398719e-02   4.2559405e-04   6.8711496e-01  -3.9319367e-01  -1.0810413e-02   4.4831293e-04
   8.2000000e-01   4.6055576e+00  -2.2856272e+00   1.0203565e-01   1.2738416e-02   3.0119584e-01  -1.3764116e-01  -1.1377440e-02   4.2134141e-04   6.6745529e-01  -4.1052434e-01  -1.0787998e-02   4.7894677e-04
   8.2250000e-01   4.4918630e+00  -2.2642631e+00   1.0266829e-01   1.2583719e-02   2.9431378e-01  -1.3500732e-01  -1.1356373e-02   4.1722232e-04   6.4692908e-01  -4.2668431e-01  -1.0764050e-02   5.0716770e-04
   8.2500000e-01   4.3791942e+00  -2.2412415e+00   1.0329366e-01   1.2423274e-02   2.8756342e-01  -1.3253221e-01  -1.1335512e-02   4.1322239e-04   6.2559488e-01  -4.4166202e-01  -1.0738692e-02   5.3297039e-04
   8.2750000e-01   4.2677452e+00  -2.2164947e+00   1.0391068e-01   1.2256815e-02   2.8093682e-01  -1.3021164e-01  -1.1314850e-02   4.0932670e-04   6.0351180e-01  -4.5545167e-01  -1.0712043e-02   5.5636084e-04
   8.3000000e-01   4.1576037e+00  -2.1901269e+00   1.0451904e-01   1.2084668e-02   2.7442624e-01  -1.2804113e-01  -1.1294384e-02   4.0552055e-04   5.8073923e-01  -4.6805297e-01  -1.0684225e-02   5.7735582e-04
   8.3250000e-01   4.0487101e+00  -2.1623938e+00   1.0511934e-01   1.1907697e-02   2.6802419e-01  -1.2601631e-01  -1.1274108e-02   4.0179027e-04   5.5733660e-01  -4.7947092e-01  -1.0655358e-02   5.9598223e-04
   8.3500000e-01   3.9413850e+00  -2.1331523e+00   1.0570976e-01   1.1725350e-02   2.6172338e-01  -1.2413201e-01  -1.1254019e-02   3.9812137e-04   5.3336307e-01  -4.8971547e-01  -1.0625559e-02   6.1227648e-04
   8.3750000e-01   3.8354330e+00  -2.1027479e+00   1.0629168e-01   1.1538816e-02   2.5551678e-01  -1.2238357e-01  -1.1234113e-02   3.9450110e-04   5.0887731e-01  -4.9880114e-01  -1.0594945e-02   6.2628369e-04
   8.4000000e-01   3.7311258e+00  -2.0711174e+00   1.0686360e-01   1.1347818e-02   2.4939761e-01  -1.2076576e-01  -1.1214388e-02   3.9091633e-04   4.8393727e-01  -5.0674680e-01  -1.0563631e-02   6.3805703e-04
   8.4250000e-01   3.6283544e+00  -2.0384790e+00   1.0742630e-01   1.1153101e-02   2.4335932e-01  -1.1927365e-01  -1.1194842e-02   3.8735527e-04   4.5859995e-01  -5.1357519e-01  -1.0531728e-02   6.4765690e-04
   8.4500000e-01   3.5272856e+00  -2.0048646e+00   1.0797890e-01   1.0954728e-02   2.3739564e-01  -1.1790207e-01  -1.1175474e-02   3.8380630e-04   4.3292121e-01  -5.1931267e-01  -1.0499345e-02   6.5515023e-04
   8.4750000e-01   3.4279022e+00  -1.9704069e+00   1.0852160e-01   1.0753137e-02   2.3150055e-01  -1.1664599e-01  -1.1156284e-02   3.8025878e-04   4.0695559e-01  -5.2398877e-01  -1.0466587e-02   6.6060968e-04
   8.5000000e-01   3.3302348e+00  -1.9352086e+00   1.0905430e-01   1.0548660e-02   2.2566825e-01  -1.1550047e-01  -1.1137271e-02   3.7670284e-04   3.8075617e-01  -5.2763590e-01  -1.0433557e-02   6.6411290e-04
   8.5250000e-01   3.2344117e+00  -1.8993274e+00   1.0957631e-01   1.0341450e-02   2.1989323e-01  -1.1446046e-01  -1.1118436e-02   3.7312906e-04   3.5437440e-01  -5.3028892e-01  -1.0400351e-02   6.6574180e-04
   8.5500000e-01   3.1402511e+00  -1.8629250e+00   1.1008875e-01   1.0132089e-02   2.1417021e-01  -1.1352139e-01  -1.1099779e-02   3.6952950e-04   3.2785997e-01  -5.3198489e-01  -1.0367064e-02   6.6558186e-04
   8.5750000e-01   3.0481374e+00  -1.8259929e+00   1.1058943e-01   9.9204483e-03   2.0849415e-01  -1.1267825e-01  -1.1081303e-02   3.6589591e-04   3.0126075e-01  -5.3276257e-01  -1.0333785e-02   6.6372126e-04
   8.6000000e-01   2.9577510e+00  -1.7887022e+00   1.1108023e-01   9.7071762e-03   2.0286024e-01  -1.1192668e-01  -1.1063008e-02   3.6222187e-04   2.7462264e-01  -5.3266230e-01  -1.0300599e-02   6.6025050e-04
   8.6250000e-01   2.8691657e+00  -1.7511141e+00   1.1156073e-01   9.4924569e-03   1.9726391e-01  -1.1126239e-01  -1.1044897e-02   3.5850153e-04   2.4798954e-01  -5.3172555e-01  -1.0267587e-02   6.5526165e-04
   8.6500000e-01   2.7826500e+00  -1.7132783e+00   1.1202942e-01   9.2763882e-03   1.9170079e-01  -1.1068092e-01  -1.1026972e-02   3.5472919e-04   2.2140328e-01  -5.2999451e-01  -1.0234824e-02   6.4884739e-04
   8.6750000e-01   2.6979859e+00  -1.6753000e+00   1.1248753e-01   9.0593776e-03   1.8616675e-01  -1.1017830e-01  -1.1009235e-02   3.5090052e-04   1.9490357e-01  -5.2751205e-01  -1.0202381e-02   6.4110102e-04
   8.7000000e-01   2.6151466e+00  -1.6372472e+00   1.1293520e-01   8.8416610e-03   1.8065784e-01  -1.0975075e-01  -1.0991690e-02   3.4701197e-04   1.6852799e-01  -5.2432139e-01  -1.0170326e-02   6.3211578e-04
   8.7250000e-01   2.5341391e+00  -1.5991813e+00   1.1337239e-01   8.6234452e-03   1.7517030e-01  -1.0939467e-01  -1.0974340e-02   3.4306069e-04   1.4231194e-01  -5.2046583e-01  -1.0138720e-02   6.2198432e-04
   8.7500000e-01   2.4551936e+00  -1.5611740e+00   1.1379773e-01   8.4049187e-03   1.6970057e-01  -1.0910641e-01  -1.0957187e-02   3.3904405e-04   1.1628866e-01  -5.1598821e-01  -1.0107621e-02   6.1079769e-04
   8.7750000e-01   2.3781178e+00  -1.5232826e+00   1.1421231e-01   8.1863265e-03   1.6424526e-01  -1.0888269e-01  -1.0940235e-02   3.3496046e-04   9.0489272e-02  -5.1093121e-01  -1.0077081e-02   5.9864583e-04
   8.8000000e-01   2.3028376e+00  -1.4855545e+00   1.1461651e-01   7.9678531e-03   1.5880113e-01  -1.0872049e-01  -1.0923487e-02   3.3080910e-04   6.4942730e-02  -5.0533705e-01  -1.0047149e-02   5.8561712e-04
   8.8250000e-01   2.2295064e+00  -1.4480602e+00   1.1500940e-01   7.7497081e-03   1.5336511e-01  -1.0861682e-01  -1.0906946e-02   3.2658942e-04   3.9675895e-02  -4.9924694e-01  -1.0017868e-02   5.7179728e-04
   8.8500000e-01   2.1580806e+00  -1.4108477e+00   1.1539118e-01   7.5320738e-03   1.4793427e-01  -1.0856890e-01  -1.0890617e-02   3.2230151e-04   1.4713565e-02  -4.9270123e-01  -9.9892785e-03   5.5726963e-04
   8.8750000e-01   2.0883806e+00  -1.3739344e+00   1.1576284e-01   7.3150609e-03   1.4250583e-01  -1.0857426e-01  -1.0874502e-02   3.1794625e-04  -9.9214791e-03  -4.8573957e-01  -9.9614150e-03   5.4211551e-04
   8.9000000e-01   2.0206572e+00  -1.3374136e+00   1.1612283e-01   7.0989428e-03   1.3707712e-01  -1.0863037e-01  -1.0858604e-02   3.1352455e-04  -3.4208441e-02  -4.7839991e-01  -9.9343093e-03   5.2641223e-04
   8.9250000e-01   1.9547024e+00  -1.3012868e+00   1.1647233e-01   6.8837836e-03   1.3164560e-01  -1.0873501e-01  -1.0842928e-02   3.0903809e-04  -5.8128419e-02  -4.7071933e-01  -9.9079887e-03   5.1023490e-04
   8.9500000e-01   1.8904399e+00  -1.2655731e+00   1.1681172e-01   6.6696794e-03   1.2620886e-01  -1.0888618e-01  -1.0827476e-02   3.0448901e-04  -8.1664369e-02  -4.6273377e-01  -9.8824769e-03   4.9365574e-04
   8.9750000e-01   1.8281417e+00  -1.2303825e+00   1.1713929e-01   6.4569673e-03   1.2076455e-01  -1.0908179e-01  -1.0812252e-02   2.9987941e-04  -1.0480104e-01  -4.5447699e-01  -9.8577942e-03   4.7674213e-04
   9.0000000e-01   1.7674642e+00  -1.1956581e+00   1.1745702e-01   6.2455388e-03   1.1531047e-01  -1.0932010e-01  -1.0797258e-02   2.9521217e-04  -1.2752488e-01  -4.4598216e-01  -9.8339571e-03   4.5955984e-04
   9.0250000e-01   1.7085121e+00  -1.1614623e+00   1.1776420e-01   6.0356063e-03   1.0984447e-01  -1.0959945e-01  -1.0782497e-02   2.9049027e-04  -1.4982397e-01  -4.3728059e-01  -9.8109791e-03   4.4217048e-04
   9.0500000e-01   1.6513414e+00  -1.1278461e+00   1.1806040e-01   5.8273567e-03   1.0436450e-01  -1.0991820e-01  -1.0767973e-02   2.8571685e-04  -1.7168798e-01  -4.2840182e-01  -9.7888706e-03   4.2463169e-04
   9.0750000e-01   1.5957261e+00  -1.0947641e+00   1.1834692e-01   5.6206931e-03   9.8868591e-02  -1.1027497e-01  -1.0753687e-02   2.8089552e-04  -1.9310806e-01  -4.1937449e-01  -9.7676390e-03   4.0699899e-04
   9.1000000e-01   1.5418143e+00  -1.0622960e+00   1.1862275e-01   5.4158902e-03   9.3354846e-02  -1.1066839e-01  -1.0739642e-02   2.7602988e-04  -2.1407677e-01  -4.1022511e-01  -9.7472891e-03   3.8932325e-04
   9.1250000e-01   1.4895402e+00  -1.0304455e+00   1.1888820e-01   5.2129962e-03   8.7821430e-02  -1.1109718e-01  -1.0725841e-02   2.7112369e-04  -2.3458801e-01  -4.0097875e-01  -9.7278230e-03   3.7165217e-04
   9.1500000e-01   1.4387512e+00  -9.9917813e-01   1.1914414e-01   5.0119362e-03   8.2266575e-02  -1.1156024e-01  -1.0712284e-02   2.6618105e-04  -2.5463693e-01  -3.9165947e-01  -9.7092404e-03   3.5403112e-04
   9.1750000e-01   1.3895652e+00  -9.6856412e-01   1.1938972e-01   4.8129663e-03   7.6688567e-02  -1.1205644e-01  -1.0698975e-02   2.6120592e-04  -2.7421989e-01  -3.8228919e-01  -9.6915388e-03   3.3650099e-04
   9.2000000e-01   1.3419379e+00  -9.3860852e-01   1.1962512e-01   4.6161382e-03   7.1085749e-02  -1.1258475e-01  -1.0685915e-02   2.5620239e-04  -2.9333434e-01  -3.7288842e-01  -9.6747138e-03   3.1909954e-04
   9.2250000e-01   1.2957207e+00  -9.0926796e-01   1.1985120e-01   4.4213424e-03   6.5456515e-02  -1.1314426e-01  -1.0673105e-02   2.5117473e-04  -3.1197875e-01  -3.6347671e-01  -9.6587588e-03   3.0186248e-04
   9.2500000e-01   1.2509086e+00  -8.8055785e-01   1.2006790e-01   4.2286599e-03   5.9799306e-02  -1.1373412e-01  -1.0660546e-02   2.4612720e-04  -3.3015257e-01  -3.5407212e-01  -9.6436657e-03   2.8482233e-04
   9.2750000e-01   1.2076618e+00  -8.5257077e-01   1.2027404e-01   4.0384394e-03   5.4112604e-02  -1.1435339e-01  -1.0648240e-02   2.4106382e-04  -3.4785616e-01  -3.4469041e-01  -9.6294246e-03   2.6800683e-04
   9.3000000e-01   1.1657450e+00  -8.2521516e-01   1.2047108e-01   3.8504026e-03   4.8394939e-02  -1.1500131e-01  -1.0636187e-02   2.3598887e-04  -3.6509067e-01  -3.3534698e-01  -9.6160243e-03   2.5144288e-04
   9.3250000e-01   1.1251241e+00  -7.9848894e-01   1.2065916e-01   3.6645718e-03   4.2644878e-02  -1.1567717e-01  -1.0624387e-02   2.3090658e-04  -3.8185801e-01  -3.2605598e-01  -9.6034521e-03   2.3515479e-04
   9.3500000e-01   1.0857810e+00  -7.7239666e-01   1.2083831e-01   3.4809930e-03   3.6861023e-02  -1.1638028e-01  -1.0612842e-02   2.2582114e-04  -3.9816080e-01  -3.1683029e-01  -9.5916944e-03   2.1916420e-04
   9.3750000e-01   1.0478690e+00  -7.4703063e-01   1.2100732e-01   3.3000334e-03   3.1042013e-02  -1.1710985e-01  -1.0601551e-02   2.2073638e-04  -4.1400230e-01  -3.0768057e-01  -9.5807362e-03   2.0348828e-04
   9.4000000e-01   1.0111712e+00  -7.2229399e-01   1.2116761e-01   3.1213781e-03   2.5186525e-02  -1.1786523e-01  -1.0590514e-02   2.1565633e-04  -4.2938632e-01  -2.9861738e-01  -9.5705618e-03   1.8814389e-04
   9.4250000e-01   9.7566958e-01  -6.9818865e-01   1.2131920e-01   2.9450654e-03   1.9293268e-02  -1.1864580e-01  -1.0579731e-02   2.1058492e-04  -4.4431717e-01  -2.8965013e-01  -9.5611546e-03   1.7314560e-04
   9.4500000e-01   9.4133396e-01  -6.7470911e-01   1.2146221e-01   2.7711067e-03   1.3360982e-02  -1.1945094e-01  -1.0569202e-02   2.0552597e-04  -4.5879967e-01  -2.8078722e-01  -9.5524973e-03   1.5850588e-04
   9.4750000e-01   9.0815671e-01  -6.5186147e-01   1.2159659e-01   2.5995578e-03   7.3884390e-03  -1.2028005e-01  -1.0558926e-02   2.0048315e-04  -4.7283902e-01  -2.7203593e-01  -9.5445720e-03   1.4423501e-04
   9.5000000e-01   8.7609033e-01  -6.2962921e-01   1.2172257e-01   2.4303886e-03   1.3744408e-03  -1.2113251e-01  -1.0548902e-02   1.9546005e-04  -4.8644081e-01  -2.6340274e-01  -9.5373603e-03   1.3034165e-04
   9.5250000e-01   8.4511314e-01  -6.0800903e-01   1.2184021e-01   2.2636195e-03  -4.6821806e-03  -1.2200774e-01  -1.0539129e-02   1.9046011e-04  -4.9961094e-01  -2.5489323e-01  -9.5308432e-03   1.1683262e-04
   9.5500000e-01   8.1528054e-01  -5.8704154e-01   1.2194895e-01   2.0994485e-03  -1.0782564e-02  -1.2290506e-01  -1.0529606e-02   1.8548647e-04  -5.1235559e-01  -2.4651158e-01  -9.5250016e-03   1.0371207e-04
   9.5750000e-01   7.8644416e-01  -5.6664973e-01   1.2204984e-01   1.9376030e-03  -1.6927812e-02  -1.2382390e-01  -1.0520331e-02   1.8054238e-04  -5.2468116e-01  -2.3826201e-01  -9.5198160e-03   9.0984173e-05
   9.6000000e-01   7.5861248e-01  -5.4684541e-01   1.2214270e-01   1.7781643e-03  -2.3119003e-02  -1.2476367e-01  -1.0511304e-02   1.7563086e-04  -5.3659425e-01  -2.3014776e-01  -9.5152668e-03   7.8651262e-05
   9.6250000e-01   7.3175638e-01  -5.2761810e-01   1.2222764e-01   1.6211238e-03  -2.9357182e-02  -1.2572374e-01  -1.0502523e-02   1.7075478e-04  -5.4810163e-01  -2.2217143e-01  -9.5113342e-03   6.6714394e-05
   9.6500000e-01   7.0585483e-01  -5.0896155e-01   1.2230473e-01   1.4664909e-03  -3.5643365e-02  -1.2670351e-01  -1.0493985e-02   1.6591686e-04  -5.5921020e-01  -2.1433494e-01  -9.5079985e-03   5.5173355e-05
   9.6750000e-01   6.8081196e-01  -4.9082317e-01   1.2237467e-01   1.3140732e-03  -4.1978536e-02  -1.2770242e-01  -1.0485689e-02   1.6111982e-04  -5.6992694e-01  -2.0664013e-01  -9.5052398e-03   4.4027833e-05
   9.7000000e-01   6.5676771e-01  -4.7329365e-01   1.2243614e-01   1.1643004e-03  -4.8363652e-02  -1.2871972e-01  -1.0477633e-02   1.5636586e-04  -5.8025893e-01  -1.9908711e-01  -9.5030384e-03   3.3274126e-05
   9.7250000e-01   6.3357047e-01  -4.5628568e-01   1.2249031e-01   1.0168316e-03  -5.4799634e-02  -1.2975480e-01  -1.0469815e-02   1.5165729e-04  -5.9021328e-01  -1.9167639e-01  -9.5013747e-03   2.2909440e-05
   9.7500000e-01   6.1119549e-01  -4.3978802e-01   1.2253729e-01   8.7165027e-04  -6.1287369e-02  -1.3080701e-01  -1.0462232e-02   1.4699630e-04  -5.9979710e-01  -1.8440804e-01  -9.5002293e-03   1.2930159e-05
   9.7750000e-01   5.8963144e-01  -4.2379745e-01   1.2257708e-01   7.2877608e-04  -6.7827715e-02  -1.3187572e-01  -1.0454882e-02   1.4238488e-04  -6.0901749e-01  -1.7728160e-01  -9.4995828e-03   3.3317235e-06
   9.8000000e-01   5.6881947e-01  -4.0828038e-01   1.2261010e-01   5.8808815e-04  -7.4421497e-02  -1.3296028e-01  -1.0447763e-02   1.3782498e-04  -6.1788157e-01  -1.7029652e-01  -9.4994162e-03  -5.8905616e-06
   9.8250000e-01   5.4874675e-01  -3.9323161e-01   1.2263637e-01   4.4959299e-04  -8.1069506e-02  -1.3406007e-01  -1.0440872e-02   1.3331837e-04  -6.2639639e-01  -1.6345180e-01  -9.4997107e-03  -1.4742149e-05
   9.8500000e-01   5.2939201e-01  -3.7864033e-01   1.2265600e-01   3.1327123e-04  -8.7772505e-02  -1.3517441e-01  -1.0434206e-02   1.2886670e-04  -6.3456897e-01  -1.5674613e-01  -9.5004478e-03  -2.3229047e-05
   9.8750000e-01   5.1084392e-01  -3.6456639e-01   1.2266802e-01   1.7945105e-04  -9.4531220e-02  -1.3630247e-01  -1.0427762e-02   1.2447111e-04  -6.4240627e-01  -1.5017701e-01  -9.5016093e-03  -3.1359488e-05
   9.9000000e-01   4.9301337e-01  -3.5095555e-01   1.2267316e-01   4.7913627e-05  -1.0134634e-01  -1.3744347e-01  -1.0421539e-02   1.2013279e-04  -6.4991512e-01  -1.4374225e-01  -9.5031772e-03  -3.9141060e-05
   9.9250000e-01   4.7581829e-01  -3.3775678e-01   1.2267210e-01  -8.1559261e-05  -1.0821851e-01  -1.3859675e-01  -1.0415532e-02   1.1585301e-04  -6.5710222e-01  -1.3743989e-01  -9.5051343e-03  -4.6580731e-05
   9.9500000e-01   4.5924231e-01  -3.2496095e-01   1.2266493e-01  -2.0898402e-04  -1.1514834e-01  -1.3976160e-01  -1.0409740e-02   1.1163290e-04  -6.6397421e-01  -1.3126773e-01  -9.5074633e-03  -5.3685842e-05
   9.9750000e-01   4.4326789e-01  -3.1255805e-01   1.2265172e-01  -3.3438218e-04  -1.2213642e-01  -1.4093731e-01  -1.0404158e-02   1.0747347e-04  -6.7053759e-01  -1.2522339e-01  -9.5101476e-03  -6.0464031e-05
   1.0000000e+00   4.2787787e-01  -3.0053809e-01   1.2263257e-01  -4.5777560e-04  -1.2918328e-01  -1.4212316e-01  -1.0398784e-02   1.0337557e-04  -6.7679876e-01  -1.1930430e-01  -9.5131708e-03  -6.6923190e-05
