   0.0000000e+00   4.2787787e-01  -3.0053809e-01   1.2263257e-01  -4.5777560e-04  -5.2201440e-01   2.2539842e-01   3.2002525e-05   4.7983407e-07  -1.4088612e-01  -7.5589898e-01   1.0278403e-05   7.0791552e-05
   2.5000000e-03   4.1324398e-01  -2.8901554e-01   1.2260558e-01  -5.7850856e-04  -5.1074448e-01   2.7993613e-01   3.2026517e-05  -4.6159755e-06  -1.7868104e-01  -7.3737452e-01   1.3817978e-05   6.7742429e-05
   5.0000000e-03   3.9910284e-01  -2.7781823e-01   1.2257337e-01  -6.9746231e-04  -4.9674769e-01   3.3293499e-01   3.1795718e-05  -9.3107634e-06  -2.1554974e-01  -7.1495642e-01   1.7205097e-05   6.4454606e-05
   7.5000000e-03   3.8544471e-01  -2.6694008e-01   1.2253599e-01  -8.1465149e-04  -4.8010095e-01   3.8412131e-01   3.1330180e-05  -1.3602217e-05  -2.5129754e-01  -6.8877189e-01   2.0427825e-05   6.0965190e-05
   1.0000000e-02   3.7230350e-01  -2.5640402e-01   1.2249302e-01  -9.2992428e-04  -4.6089490e-01   4.3323196e-01   3.0650070e-05  -1.7491321e-05  -2.8573611e-01  -6.5896679e-01   2.3476083e-05   5.7309735e-05
   1.2500000e-02   3.5981620e-01  -2.4630150e-01   1.2244282e-01  -1.0427090e-03  -4.3923331e-01   4.8001612e-01   2.9775505e-05  -2.0983098e-05  -3.1868442e-01  -6.2570436e-01   2.6341567e-05   5.3521190e-05
   1.5000000e-02   3.4779948e-01  -2.3651126e-01   1.2238731e-01  -1.1536584e-03  -4.1523252e-01   5.2423475e-01   2.8726350e-05  -2.4082934e-05  -3.4996962e-01  -5.8916547e-01   2.9017625e-05   4.9631957e-05
   1.7500000e-02   3.3608794e-01  -2.2692358e-01   1.2232834e-01  -1.2634145e-03  -3.8902081e-01   5.6566197e-01   2.7522205e-05  -2.6796913e-05  -3.7942787e-01  -5.4954780e-01   3.1499221e-05   4.5674124e-05
   2.0000000e-02   3.2510227e-01  -2.1781768e-01   1.2226095e-01  -1.3702507e-03  -3.6073773e-01   6.0408879e-01   2.6182360e-05  -2.9136951e-05  -4.0690524e-01  -5.0706220e-01   3.3782926e-05   4.1674206e-05
   2.2500000e-02   3.1438654e-01  -2.0889078e-01   1.2219036e-01  -1.4759724e-03  -3.3053331e-01   6.3932013e-01   2.4725513e-05  -3.1112592e-05  -4.3225834e-01  -4.6193553e-01   3.5866635e-05   3.7660894e-05
   2.5000000e-02   3.0415388e-01  -2.0028416e-01   1.2211403e-01  -1.5796926e-03  -2.9856732e-01   6.7117869e-01   2.3169885e-05  -3.2736777e-05  -4.5535510e-01  -4.1440642e-01   3.7749678e-05   3.3658899e-05
   2.7500000e-02   2.9439935e-01  -1.9199378e-01   1.2203186e-01  -1.6813734e-03  -2.6500841e-01   6.9950474e-01   2.1533047e-05  -3.4023590e-05  -4.7607540e-01  -3.6472502e-01   3.9432622e-05   2.9690897e-05
   3.0000000e-02   2.8489282e-01  -1.8386733e-01   1.2194665e-01  -1.7819912e-03  -2.3003320e-01   7.2415625e-01   1.9831869e-05  -3.4986832e-05  -4.9431164e-01  -3.1315308e-01   4.0917165e-05   2.5780123e-05
   3.2500000e-02   2.7594118e-01  -1.7610660e-01   1.2185451e-01  -1.8801777e-03  -1.9382541e-01   7.4501114e-01   1.8082529e-05  -3.5643005e-05  -5.0996928e-01  -2.5995951e-01   4.2206171e-05   2.1944313e-05
   3.5000000e-02   2.6735198e-01  -1.6858366e-01   1.2175773e-01  -1.9767358e-03  -1.5657488e-01   7.6196635e-01   1.6300380e-05  -3.6008205e-05  -5.2296725e-01  -2.0542195e-01   4.3303386e-05   1.8201424e-05
   3.7500000e-02   2.5907919e-01  -1.6126779e-01   1.2165686e-01  -2.0718563e-03  -1.1847659e-01   7.7493883e-01   1.4499971e-05  -3.6099006e-05  -5.3323834e-01  -1.4982452e-01   4.4213456e-05   1.4568055e-05
   4.0000000e-02   2.5115402e-01  -1.5417875e-01   1.2155146e-01  -2.1653787e-03  -7.9729677e-02   7.8386604e-01   1.2695022e-05  -3.5932574e-05  -5.4072956e-01  -9.3455968e-02   4.4941858e-05   1.1058539e-05
   4.2500000e-02   2.4367171e-01  -1.4737682e-01   1.2144015e-01  -2.2568188e-03  -4.0536403e-02   7.8870617e-01   1.0898394e-05  -3.5526437e-05  -5.4540236e-01  -3.6607751e-02   4.5494785e-05   7.6841573e-06
   4.5000000e-02   2.3647297e-01  -1.4075749e-01   1.2132499e-01  -2.3468997e-03  -1.1011225e-03   7.8943811e-01   9.1220735e-06  -3.4897958e-05  -5.4723274e-01   2.0425753e-02   4.5878993e-05   4.4564488e-06
   4.7500000e-02   2.2955649e-01  -1.3431931e-01   1.2120598e-01  -2.4356167e-03   3.8370755e-02   7.8606175e-01   7.3771768e-06  -3.4064625e-05  -5.4621146e-01   7.7349728e-02   4.6101815e-05   1.3852651e-06
   5.0000000e-02   2.2300428e-01  -1.2811335e-01   1.2108192e-01  -2.5225454e-03   7.7673815e-02   7.7859781e-01   5.6739467e-06  -3.3043762e-05  -5.4234397e-01   1.3387092e-01   4.6171078e-05  -1.5222101e-06
   5.2500000e-02   2.1678182e-01  -1.2211542e-01   1.2095319e-01  -2.6078214e-03   1.1660368e-01   7.6708771e-01   4.0217598e-06  -3.1852414e-05  -5.3565043e-01   1.8969833e-01   4.6094968e-05  -4.2598690e-06
   5.5000000e-02   2.1081298e-01  -1.1627625e-01   1.2082083e-01  -2.6918097e-03   1.5495804e-01   7.5159350e-01   2.4291402e-06  -3.0507510e-05  -5.2616552e-01   2.4454443e-01   4.5881974e-05  -6.8220971e-06
   5.7500000e-02   2.0509356e-01  -1.1059246e-01   1.2068487e-01  -2.7745214e-03   1.9253769e-01   7.3219742e-01   9.0376580e-07  -2.9025698e-05  -5.1393831e-01   2.9812700e-01   4.5540870e-05  -9.2046235e-06
   6.0000000e-02   1.9974629e-01  -1.0513754e-01   1.2054346e-01  -2.8552933e-03   2.2914753e-01   7.0900116e-01  -5.4751806e-07  -2.7422591e-05  -4.9903197e-01   3.5017134e-01   4.5080639e-05  -1.1405902e-05
   6.2500000e-02   1.9463683e-01  -9.9826638e-02   1.2039849e-01  -2.9348024e-03   2.6459756e-01   6.8212590e-01  -1.9186467e-06  -2.5713862e-05  -4.8152341e-01   4.0041003e-01   4.4510344e-05  -1.3423933e-05
   6.5000000e-02   1.8974682e-01  -9.4647781e-02   1.2025022e-01  -3.0131381e-03   2.9870384e-01   6.5171149e-01  -3.2043389e-06  -2.3914799e-05  -4.6150293e-01   4.4858501e-01   4.3839148e-05  -1.5257642e-05
   6.7500000e-02   1.8513488e-01  -8.9634403e-02   1.2009772e-01  -3.0899702e-03   3.3128939e-01   6.1791545e-01  -4.4000780e-06  -2.2039712e-05  -4.3907369e-01   4.9444927e-01   4.3076266e-05  -1.6907607e-05
   7.0000000e-02   1.8080654e-01  -8.4786533e-02   1.1994085e-01  -3.1652425e-03   3.6218514e-01   5.8091231e-01  -5.5020628e-06  -2.0102159e-05  -4.1435124e-01   5.3776773e-01   4.2230887e-05  -1.8375310e-05
   7.2500000e-02   1.7667920e-01  -8.0054188e-02   1.1978083e-01  -3.2393967e-03   3.9123073e-01   5.4089311e-01  -6.5071700e-06  -1.8115694e-05  -3.8746288e-01   5.7831800e-01   4.1312122e-05  -1.9662232e-05
   7.5000000e-02   1.7274798e-01  -7.5433803e-02   1.1961774e-01  -3.3124546e-03   4.1827537e-01   4.9806413e-01  -7.4129541e-06  -1.6093297e-05  -3.5854700e-01   6.1589191e-01   4.0329011e-05  -2.0770619e-05
   7.7500000e-02   1.6913479e-01  -7.0990538e-02   1.1944958e-01  -3.3837072e-03   4.4317856e-01   4.5264527e-01  -8.2176184e-06  -1.4046064e-05  -3.2775242e-01   6.5029705e-01   3.9290481e-05  -2.1704365e-05
   8.0000000e-02   1.6569748e-01  -6.6642656e-02   1.1927858e-01  -3.4539479e-03   4.6581081e-01   4.0487013e-01  -8.9199211e-06  -1.1985779e-05  -2.9523759e-01   6.8135657e-01   3.8205263e-05  -2.2466754e-05
   8.2500000e-02   1.6243459e-01  -6.2388776e-02   1.1910476e-01  -3.5231820e-03   4.8605430e-01   3.5498429e-01  -9.5192096e-06  -9.9236063e-06  -2.6116979e-01   7.0891077e-01   3.7081926e-05  -2.3061664e-05
   8.5000000e-02   1.5944428e-01  -5.8278058e-02   1.1892648e-01  -3.5908261e-03   5.0380350e-01   3.0324340e-01  -1.0015390e-05  -7.8689373e-06  -2.2572428e-01   7.3281809e-01   3.5928844e-05  -2.3494014e-05
   8.7500000e-02   1.5664546e-01  -5.4264500e-02   1.1874503e-01  -3.6573401e-03   5.1896566e-01   2.4991295e-01  -1.0408836e-05  -5.8313965e-06  -1.8908340e-01   7.5295530e-01   3.4754144e-05  -2.3768572e-05
   9.0000000e-02   1.5400466e-01  -5.0330026e-02   1.1856096e-01  -3.7229179e-03   5.3146130e-01   1.9526668e-01  -1.0700406e-05  -3.8203757e-06  -1.5143566e-01   7.6921832e-01   3.3565716e-05  -2.3890332e-05
   9.2500000e-02   1.5158871e-01  -4.6505362e-02   1.1837313e-01  -3.7871549e-03   5.4122463e-01   1.3958460e-01  -1.0891424e-05  -1.8438347e-06  -1.1297477e-01   7.8152288e-01   3.2371200e-05  -2.3864826e-05
   9.5000000e-02   1.4937815e-01  -4.2776805e-02   1.1818183e-01  -3.8501562e-03   5.4820385e-01   8.3152094e-02  -1.0983616e-05   9.0638756e-08  -7.3898654e-02   7.8980482e-01   3.1177960e-05  -2.3697678e-05
   9.7500000e-02   1.4731450e-01  -3.9115281e-02   1.1798805e-01  -3.9122701e-03   5.5236145e-01   2.6258755e-02  -1.0979084e-05   1.9752992e-06  -3.4408440e-02   7.9402037e-01   2.9993077e-05  -2.3394592e-05
   1.0000000e-01   1.4543557e-01  -3.5536191e-02   1.1779113e-01  -3.9732646e-03   5.5367439e-01  -3.0803690e-02  -1.0880319e-05   3.8034260e-06   5.2925504e-03   7.9414649e-01   2.8823348e-05  -2.2961499e-05
   1.0250000e-01   1.4377643e-01  -3.2050112e-02   1.1759045e-01  -4.0329196e-03   5.5213421e-01  -8.7742818e-02  -1.0690148e-05   5.5692551e-06   4.4999847e-02   7.9018092e-01   2.7675274e-05  -2.2404386e-05
   1.0500000e-01   1.4224804e-01  -2.8617119e-02   1.1738754e-01  -4.0917755e-03   5.4774707e-01  -1.4426620e-01  -1.0411686e-05   7.2663870e-06   8.4508866e-02   7.8214225e-01   2.6555055e-05  -2.1729367e-05
   1.0750000e-01   1.4088258e-01  -2.5249074e-02   1.1718183e-01  -4.1496347e-03   5.4053376e-01  -2.0008363e-01  -1.0048366e-05   8.8892980e-06   1.2361595e-01   7.7006980e-01   2.5468588e-05  -2.0942628e-05
   1.1000000e-01   1.3973242e-01  -2.1961265e-02   1.1697241e-01  -4.2061740e-03   5.3052959e-01  -2.5490872e-01  -9.6039019e-06   1.0433527e-05   1.6211941e-01   7.5402335e-01   2.4421457e-05  -2.0050217e-05
   1.1250000e-01   1.3870614e-01  -1.8717131e-02   1.1676087e-01  -4.2619539e-03   5.1778416e-01  -3.0845946e-01  -9.0822259e-06   1.1893895e-05   1.9982055e-01   7.3408311e-01   2.3418947e-05  -1.9058488e-05
   1.1500000e-01   1.3782863e-01  -1.5524404e-02   1.1654677e-01  -4.3168218e-03   5.0236120e-01  -3.6046034e-01  -8.4875316e-06   1.3265923e-05   2.3652468e-01   7.1034910e-01   2.2466023e-05  -1.7973775e-05
   1.1750000e-01   1.3716456e-01  -1.2399342e-02   1.1632901e-01  -4.3703842e-03   4.8433819e-01  -4.1064395e-01  -7.8242359e-06   1.4546199e-05   2.7204211e-01   6.8294055e-01   2.1567335e-05  -1.6802048e-05
   1.2000000e-01   1.3660947e-01  -9.3063421e-03   1.1610938e-01  -4.4232822e-03   4.6380601e-01  -4.5875143e-01  -7.0969265e-06   1.5730461e-05   3.0618912e-01   6.5199577e-01   2.0727233e-05  -1.5549872e-05
   1.2250000e-01   1.3620856e-01  -6.2576179e-03   1.1588711e-01  -4.4752414e-03   4.4086846e-01  -5.0453456e-01  -6.3104040e-06   1.6815274e-05   3.3878888e-01   6.1767105e-01   1.9949740e-05  -1.4223579e-05
   1.2500000e-01   1.3599595e-01  -3.2571141e-03   1.1566165e-01  -4.5260616e-03   4.1564175e-01  -5.4775695e-01  -5.4696408e-06   1.7797798e-05   3.6967241e-01   5.8013986e-01   1.9238562e-05  -1.2829221e-05
   1.2750000e-01   1.3588878e-01  -2.8166710e-04   1.1543441e-01  -4.5762475e-03   3.8825392e-01  -5.8819471e-01  -4.5797516e-06   1.8674672e-05   3.9867939e-01   5.3959248e-01   1.8597101e-05  -1.1373534e-05
   1.3000000e-01   1.3594899e-01   2.6562525e-03   1.1520435e-01  -4.6254305e-03   3.5884420e-01  -6.2563826e-01  -3.6460186e-06   1.9443370e-05   4.2565899e-01   4.9623448e-01   1.8028425e-05  -9.8627656e-06
   1.3250000e-01   1.3617604e-01   5.5622644e-03   1.1497152e-01  -4.6736256e-03   3.2756231e-01  -6.5989306e-01  -2.6738508e-06   2.0101566e-05   4.5047070e-01   4.5028590e-01   1.7535287e-05  -8.3031691e-06
   1.3500000e-01   1.3649203e-01   8.4521406e-03   1.1473721e-01  -4.7212964e-03   2.9456768e-01  -6.9078042e-01  -1.6687732e-06   2.0646611e-05   4.7298498e-01   4.0198057e-01   1.7120129e-05  -6.7018274e-06
   1.3750000e-01   1.3701431e-01   1.1309559e-02   1.1449952e-01  -4.7677636e-03   2.6002869e-01  -7.1813904e-01  -6.3644335e-07   2.1076895e-05   4.9308399e-01   3.5156398e-01   1.6785038e-05  -5.0646644e-06
   1.4000000e-01   1.3765056e-01   1.4153001e-02   1.1425999e-01  -4.8135778e-03   2.2412176e-01  -7.4182516e-01   4.1740065e-07   2.1390430e-05   5.1066218e-01   2.9929310e-01   1.6531805e-05  -3.3986433e-06
   1.4250000e-01   1.3840230e-01   1.6982279e-02   1.1401860e-01  -4.8587301e-03   1.8703053e-01  -7.6171367e-01   1.4869214e-06   2.1585538e-05   5.2562682e-01   2.4543464e-01   1.6361873e-05  -1.7108104e-06
   1.4500000e-01   1.3935477e-01   1.9793913e-02   1.1377404e-01  -4.9027553e-03   1.4894487e-01  -7.7769887e-01   2.5661975e-06   2.1661128e-05   5.3789855e-01   1.9026319e-01   1.6276332e-05  -7.3069810e-09
   1.4750000e-01   1.4039665e-01   2.2599901e-02   1.1352809e-01  -4.9462869e-03   1.1005995e-01  -7.8969465e-01   3.6492531e-06   2.1615930e-05   5.4741170e-01   1.3406103e-01   1.6275967e-05   1.7043226e-06
   1.5000000e-01   1.4160962e-01   2.5396895e-02   1.1327951e-01  -4.9888807e-03   7.0575249e-02  -7.9763534e-01   4.7300489e-06   2.1449196e-05   5.5411475e-01   7.7115509e-02   1.6361183e-05   3.4174033e-06
   1.5250000e-01   1.4295399e-01   2.8191669e-02   1.1302895e-01  -5.0307735e-03   3.0693510e-02  -8.0147582e-01   5.8025079e-06   2.1160340e-05   5.5797052e-01   1.9718378e-02   1.6532053e-05   5.1246688e-06
   1.5500000e-01   1.4440750e-01   3.0984599e-02   1.1277675e-01  -5.0720841e-03  -9.3802532e-03  -8.0119188e-01   6.8605242e-06   2.0749093e-05   5.5895644e-01  -3.7835810e-02   1.6788286e-05   6.8184652e-06
   1.5750000e-01   1.4605937e-01   3.3781276e-02   1.1252167e-01  -5.1123689e-03  -4.9439819e-02  -7.9678037e-01   7.8979781e-06   2.0215478e-05   5.5706465e-01  -9.5251872e-02   1.7129209e-05   8.4921096e-06
   1.6000000e-01   1.4777827e-01   3.6580086e-02   1.1226562e-01  -5.1523114e-03  -8.9278809e-02  -7.8825926e-01   8.9087513e-06   1.9559953e-05   5.5230206e-01  -1.5223413e-01   1.7553814e-05   1.0137198e-05
   1.6250000e-01   1.4971366e-01   3.9390539e-02   1.1200652e-01  -5.1911715e-03  -1.2869174e-01  -7.7566746e-01   9.8867482e-06   1.8783092e-05   5.4469036e-01  -2.0848964e-01   1.8060674e-05   1.1747021e-05
   1.6500000e-01   1.5174624e-01   4.2209608e-02   1.1174611e-01  -5.2295639e-03  -1.6747509e-01  -7.5906488e-01   1.0825902e-05   1.7886093e-05   5.3426588e-01  -2.6372803e-01   1.8648025e-05   1.3313313e-05
   1.6750000e-01   1.5393662e-01   4.5042667e-02   1.1148356e-01  -5.2671968e-03  -2.0542831e-01  -7.3853196e-01   1.1720206e-05   1.6870389e-05   5.2107949e-01  -3.1766408e-01   1.9313690e-05   1.4828432e-05
   1.7000000e-01   1.5625852e-01   4.7891931e-02   1.1121929e-01  -5.3042229e-03  -2.4235488e-01  -7.1416940e-01   1.2563725e-05   1.5737941e-05   5.0519630e-01  -3.7001865e-01   2.0055111e-05   1.6284337e-05
   1.7250000e-01   1.5871862e-01   5.0758225e-02   1.1095324e-01  -5.3406115e-03  -2.7806332e-01  -6.8609767e-01   1.3350622e-05   1.4491151e-05   4.8669538e-01  -4.2052032e-01   2.0869327e-05   1.7672994e-05
   1.7500000e-01   1.6134109e-01   5.3650038e-02   1.1068517e-01  -5.3762851e-03  -3.1236818e-01  -6.5445635e-01   1.4075179e-05   1.3132747e-05   4.6566938e-01  -4.6890687e-01   2.1752976e-05   1.8986564e-05
   1.7750000e-01   1.6407452e-01   5.6559287e-02   1.1041573e-01  -5.4114702e-03  -3.4509098e-01  -6.1940370e-01   1.4731815e-05   1.1666307e-05   4.4222405e-01  -5.1492619e-01   2.2702304e-05   2.0216655e-05
   1.8000000e-01   1.6700259e-01   5.9505363e-02   1.1014399e-01  -5.4458398e-03  -3.7606114e-01  -5.8111541e-01   1.5315130e-05   1.0095337e-05   4.1647776e-01  -5.5833834e-01   2.3713136e-05   2.1355673e-05
   1.8250000e-01   1.7001387e-01   6.2467182e-02   1.0987127e-01  -5.4798607e-03  -4.0511689e-01  -5.3978450e-01   1.5819897e-05   8.4247744e-06   3.8856086e-01  -5.9891580e-01   2.4780919e-05   2.2395033e-05
   1.8500000e-01   1.7325932e-01   6.5480444e-02   1.0959593e-01  -5.5129513e-03  -4.3210610e-01  -4.9561927e-01   1.6241135e-05   6.6588580e-06   3.5861509e-01  -6.3644584e-01   2.5900670e-05   2.3327487e-05
   1.8750000e-01   1.7656077e-01   6.8506009e-02   1.0931997e-01  -5.5458194e-03  -4.5688704e-01  -4.4884374e-01   1.6574078e-05   4.8040257e-06   3.2679282e-01  -6.7073027e-01   2.7067043e-05   2.4144471e-05
   1.9000000e-01   1.8011218e-01   7.1593680e-02   1.0904137e-01  -5.5777492e-03  -4.7932921e-01  -3.9969481e-01   1.6814279e-05   2.8654978e-06   2.9325633e-01  -7.0158793e-01   2.8274266e-05   2.4838967e-05
   1.9250000e-01   1.8371748e-01   7.4694739e-02   1.0876221e-01  -5.6094766e-03  -4.9931394e-01  -3.4842298e-01   1.6957554e-05   8.5108087e-07   2.5817696e-01  -7.2885423e-01   2.9516213e-05   2.5402850e-05
   1.9500000e-01   1.8758421e-01   7.7867794e-02   1.0848045e-01  -5.6402798e-03  -5.1673508e-01  -2.9528902e-01   1.7000108e-05  -1.2329250e-06   2.2173427e-01  -7.5238333e-01   3.0786355e-05   2.5829430e-05
   1.9750000e-01   1.9150136e-01   8.1054734e-02   1.0819819e-01  -5.6709047e-03  -5.3149952e-01  -2.4056495e-01   1.6938462e-05  -3.3772950e-06   1.8411513e-01  -7.7204779e-01   3.2077825e-05   2.6111229e-05
   2.0000000e-01   1.9569254e-01   8.4323887e-02   1.0791338e-01  -5.7006191e-03  -5.4352776e-01  -1.8453021e-01   1.6769597e-05  -5.5746150e-06   1.4551277e-01  -7.8774022e-01   3.3383386e-05   2.6242056e-05
   2.0250000e-01   1.9993058e-01   8.7607098e-02   1.0762814e-01  -5.7301777e-03  -5.5275426e-01  -1.2747287e-01   1.6490867e-05  -7.8142377e-06   1.0612579e-01  -7.9937307e-01   3.4695488e-05   2.6215320e-05
   2.0500000e-01   2.0445608e-01   9.0982969e-02   1.0734039e-01  -5.7588405e-03  -5.5912790e-01  -6.9685428e-02   1.6100155e-05  -1.0087624e-05   6.6157163e-02  -8.0687978e-01   3.6006253e-05   2.6025512e-05
   2.0750000e-01   2.0902467e-01   9.4372732e-02   1.0705227e-01  -5.7873689e-03  -5.6261217e-01  -1.1466202e-02   1.5595774e-05  -1.2382740e-05   2.5813202e-02  -8.1021468e-01   3.7307528e-05   2.5667194e-05
   2.1000000e-01   2.1389695e-01   9.7866495e-02   1.0676168e-01  -5.8150109e-03  -5.6318548e-01   4.6885170e-02   1.4976637e-05  -1.4689965e-05  -1.4697503e-02  -8.0935357e-01   3.8590886e-05   2.5135740e-05
   2.1250000e-01   2.1880677e-01   1.0137311e-01   1.0647079e-01  -5.8425432e-03  -5.6084122e-01   1.0506615e-01   1.4242140e-05  -1.6995939e-05  -5.5165153e-02  -8.0429381e-01   3.9847673e-05   2.4427131e-05
   2.1500000e-01   2.2403822e-01   1.0499567e-01   1.0617745e-01  -5.8691973e-03  -5.5558792e-01   1.6277606e-01   1.3392343e-05  -1.9290024e-05  -9.5379815e-02  -7.9505428e-01   4.1069028e-05   2.3537833e-05
   2.1750000e-01   2.2930134e-01   1.0862964e-01   1.0588388e-01  -5.8957649e-03  -5.4744912e-01   2.1971431e-01   1.2427843e-05  -2.1557669e-05  -1.3513250e-01  -7.8167566e-01   4.2245919e-05   2.2465527e-05
   2.2000000e-01   2.3490552e-01   1.1239200e-01   1.0558790e-01  -5.9214623e-03  -5.3646341e-01   2.7558533e-01   1.1349960e-05  -2.3787315e-05  -1.7421626e-01  -7.6421970e-01   4.3369195e-05   2.1207974e-05
   2.2250000e-01   2.4053507e-01   1.1616392e-01   1.0529175e-01  -5.9470950e-03  -5.2268416e-01   3.3009661e-01   1.0160595e-05  -2.5963402e-05  -2.1242721e-01  -7.4276982e-01   4.4429593e-05   1.9764833e-05
   2.2500000e-01   2.4652794e-01   1.2007776e-01   1.0499321e-01  -5.9718622e-03  -5.0617934e-01   3.8296381e-01   8.8624261e-06  -2.8073604e-05  -2.4956568e-01  -7.1742961e-01   4.5417834e-05   1.8135355e-05
   2.2750000e-01   2.5253949e-01   1.2399889e-01   1.0469455e-01  -5.9965849e-03  -4.8703116e-01   4.3390853e-01   7.4587469e-06  -3.0101587e-05  -2.8543714e-01  -6.8832380e-01   4.6324601e-05   1.6321434e-05
   2.3000000e-01   2.5893288e-01   1.2807391e-01   1.0439358e-01  -6.0204589e-03  -4.6533575e-01   4.8266349e-01   5.9536686e-06  -3.2034385e-05  -3.1985330e-01  -6.5559587e-01   4.7140672e-05   1.4324035e-05
   2.3250000e-01   2.6534318e-01   1.3215575e-01   1.0409250e-01  -6.0442953e-03  -4.4120259e-01   5.2897026e-01   4.3519505e-06  -3.3855241e-05  -3.5263307e-01  -6.1940955e-01   4.7856873e-05   1.2147491e-05
   2.3500000e-01   2.7215390e-01   1.3640326e-01   1.0378918e-01  -6.0673017e-03  -4.1475410e-01   5.7258417e-01   2.6591896e-06  -3.5550754e-05  -3.8360353e-01  -5.7994554e-01   4.8464247e-05   9.7946724e-06
   2.3750000e-01   2.7897954e-01   1.4065696e-01   1.0348577e-01  -6.0902772e-03  -3.8612491e-01   6.1327219e-01   8.8165322e-07  -3.7104085e-05  -4.1260078e-01  -5.3740343e-01   4.8953980e-05   7.2725376e-06
   2.4000000e-01   2.8622545e-01   1.4508843e-01   1.0318018e-01  -6.1124401e-03  -3.5546132e-01   6.5081742e-01  -9.7354973e-07  -3.8501668e-05  -4.3947094e-01  -4.9199763e-01   4.9317607e-05   4.5860270e-06
   2.4250000e-01   2.9348411e-01   1.4952529e-01   1.0287452e-01  -6.1345783e-03  -3.2292047e-01   6.8501717e-01  -2.8986318e-06  -3.9726974e-05  -4.6407080e-01  -4.4395976e-01   4.9546908e-05   1.7448656e-06
   2.4500000e-01   3.0118138e-01   1.5415110e-01   1.0256676e-01  -6.1559249e-03  -2.8866964e-01   7.1568694e-01  -4.8849791e-06  -4.0766556e-05  -4.8626877e-01  -3.9353373e-01   4.9634151e-05  -1.2437806e-06
   2.4750000e-01   3.0889300e-01   1.5878311e-01   1.0225893e-01  -6.1772461e-03  -2.5288532e-01   7.4265874e-01  -6.9233055e-06  -4.1604653e-05  -5.0594545e-01  -3.4097860e-01   4.9571962e-05  -4.3673714e-06
   2.5000000e-01   3.1706620e-01   1.6361694e-01   1.0194906e-01  -6.1977891e-03  -2.1575241e-01   7.6578452e-01  -9.0035366e-06  -4.2228304e-05  -5.2299436e-01  -2.8656298e-01   4.9353594e-05  -7.6164603e-06
   2.5250000e-01   3.2525901e-01   1.6845945e-01   1.0163911e-01  -6.2183012e-03  -1.7746321e-01   7.8493468e-01  -1.1114950e-05  -4.2622974e-05  -5.3732250e-01  -2.3056820e-01   4.8972771e-05  -1.0975718e-05
   2.5500000e-01   3.3391844e-01   1.7350841e-01   1.0132726e-01  -6.2380773e-03  -1.3821650e-01   8.0000082e-01  -1.3246098e-05  -4.2776494e-05  -5.4885090e-01  -1.7328226e-01   4.8423986e-05  -1.4433175e-05
   2.5750000e-01   3.4261442e-01   1.7857370e-01   1.0101526e-01  -6.2577995e-03  -9.8216488e-02   8.1089476e-01  -1.5384921e-05  -4.2676069e-05  -5.5751501e-01  -1.1500310e-01   4.7702328e-05  -1.7970898e-05
   2.6000000e-01   3.5178183e-01   1.8384954e-01   1.0070150e-01  -6.2768255e-03  -5.7671778e-02   8.1755025e-01  -1.7518723e-05  -4.2310770e-05  -5.6326516e-01  -5.6032320e-02   4.6803783e-05  -2.1574387e-05
   2.6250000e-01   3.6100208e-01   1.8914913e-01   1.0038755e-01  -6.2957781e-03  -1.6794294e-02   8.1992261e-01  -1.9634260e-05  -4.1669990e-05  -5.6606678e-01   3.3215872e-03   4.5725065e-05  -2.5223236e-05
   2.6500000e-01   3.7067963e-01   1.9465439e-01   1.0007202e-01  -6.3140963e-03   2.4201807e-02   8.1798948e-01  -2.1717758e-05  -4.0744534e-05  -5.6590070e-01   6.2749413e-02   4.4463904e-05  -2.8900280e-05
   2.6750000e-01   3.8050273e-01   2.0022541e-01   9.9756024e-02  -6.3322242e-03   6.5101253e-02   8.1175087e-01  -2.3754983e-05  -3.9526365e-05  -5.6276323e-01   1.2193882e-01   4.3018891e-05  -3.2583694e-05
   2.7000000e-01   3.9069135e-01   2.0596161e-01   9.9438857e-02  -6.3498743e-03   1.0568877e-01   8.0122919e-01  -2.5731300e-05  -3.8008645e-05  -5.5666629e-01   1.8057890e-01   4.1389707e-05  -3.6252957e-05
   2.7250000e-01   4.0112812e-01   2.1181029e-01   9.9120956e-02  -6.3672176e-03   1.4575020e-01   7.8646936e-01  -2.7631731e-05  -3.6186122e-05  -5.4763735e-01   2.3835995e-01   3.9577061e-05  -3.9885189e-05
   2.7500000e-01   4.1184929e-01   2.1778787e-01   9.8802213e-02  -6.3842093e-03   1.8507364e-01   7.6753860e-01  -2.9441036e-05  -3.4055078e-05  -5.3571936e-01   2.9497586e-01   3.7582803e-05  -4.3456947e-05
   2.7750000e-01   4.2292963e-01   2.2392851e-01   9.8482490e-02  -6.4007805e-03   2.2345054e-01   7.4452604e-01  -3.1143788e-05  -3.1613178e-05  -5.2097058e-01   3.5012599e-01   3.5409957e-05  -4.6944665e-05
   2.8000000e-01   4.3420576e-01   2.3015803e-01   9.8162232e-02  -6.4171224e-03   2.6067682e-01   7.1754286e-01  -3.2724446e-05  -2.8860569e-05  -5.0346429e-01   4.0351545e-01   3.3062725e-05  -5.0322367e-05
   2.8250000e-01   4.4596213e-01   2.3660561e-01   9.7840765e-02  -6.4329305e-03   2.9655394e-01   6.8672073e-01  -3.4167474e-05  -2.5797906e-05  -4.8328854e-01   4.5485893e-01   3.0546609e-05  -5.3566189e-05
   2.8500000e-01   4.5781884e-01   2.4309874e-01   9.7519045e-02  -6.4486271e-03   3.3088995e-01   6.5221300e-01  -3.5457368e-05  -2.2429901e-05  -4.6054561e-01   5.0387904e-01   2.7868301e-05  -5.6648183e-05
   2.8750000e-01   4.7028025e-01   2.4986613e-01   9.7195922e-02  -6.4636841e-03   3.6350057e-01   6.1419139e-01  -3.6578862e-05  -1.8760265e-05  -4.3535167e-01   5.5031180e-01   2.5035894e-05  -5.9544521e-05
   2.9000000e-01   4.8285176e-01   2.5668333e-01   9.6872565e-02  -6.4786301e-03   3.9421012e-01   5.7284835e-01  -3.7516875e-05  -1.4798081e-05  -4.0783610e-01   5.9390371e-01   2.2058670e-05  -6.2226864e-05
   2.9250000e-01   4.9594433e-01   2.6373630e-01   9.6548096e-02  -6.4930504e-03   4.2285252e-01   5.2839310e-01  -3.8256778e-05  -1.0551734e-05  -3.7814094e-01   6.3441691e-01   1.8947329e-05  -6.4670126e-05
   2.9500000e-01   5.0926544e-01   2.7089230e-01   9.6223179e-02  -6.5072502e-03   4.4927216e-01   4.8105314e-01  -3.8784365e-05  -6.0341069e-06  -3.4642011e-01   6.7162771e-01   1.5713825e-05  -6.6847077e-05
   2.9750000e-01   5.2301574e-01   2.7824181e-01   9.5897422e-02  -6.5210359e-03   4.7332480e-01   4.3107130e-01  -3.9086070e-05  -1.2587860e-06  -3.1283875e-01   7.0532963e-01   1.2371473e-05  -6.8732172e-05
   3.0000000e-01   5.3709976e-01   2.8574112e-01   9.5571063e-02  -6.5345121e-03   4.9487835e-01   3.7870570e-01  -3.9149009e-05   3.7574805e-06  -2.7757229e-01   7.3533360e-01   8.9348671e-06  -7.0299682e-05
   3.0250000e-01   5.5149122e-01   2.9337843e-01   9.5244151e-02  -6.5477032e-03   5.1381362e-01   3.2422828e-01  -3.8961135e-05   8.9952851e-06  -2.4080564e-01   7.6146927e-01   5.4198854e-06  -7.1524480e-05
   3.0500000e-01   5.6645594e-01   3.0127173e-01   9.4916286e-02  -6.5603813e-03   5.3002502e-01   2.6792196e-01  -3.8511371e-05   1.4435399e-05  -2.0273220e-01   7.8358660e-01   1.8436639e-06  -7.2383432e-05
   3.0750000e-01   5.8167801e-01   3.0927942e-01   9.4588021e-02  -6.5728347e-03   5.4342111e-01   2.1008210e-01  -3.7789602e-05   2.0053165e-05  -1.6355290e-01   8.0155552e-01  -1.7755051e-06  -7.2853073e-05
   3.1000000e-01   5.9733395e-01   3.1747974e-01   9.4259090e-02  -6.5849118e-03   5.5392521e-01   1.5101256e-01  -3.6786944e-05   2.5823316e-05  -1.2347515e-01   8.1526774e-01  -5.4181562e-06  -7.2911903e-05
   3.1250000e-01   6.1347546e-01   3.2589423e-01   9.3929473e-02  -6.5965794e-03   5.6147583e-01   9.1024793e-02  -3.5495779e-05   3.1718828e-05  -8.2711794e-02   8.2463710e-01  -9.0637488e-06  -7.2539886e-05
   3.1500000e-01   6.2988424e-01   3.3442633e-01   9.3599487e-02  -6.6080235e-03   5.6602707e-01   3.0437636e-02  -3.3909839e-05   3.7708182e-05  -4.1479968e-02   8.2959994e-01  -1.2690741e-05  -7.1718330e-05
   3.1750000e-01   6.4686481e-01   3.4320885e-01   9.3268757e-02  -6.6189974e-03   5.6754895e-01  -3.0427042e-02  -3.2024431e-05   4.3760859e-05   0.0000000e+00   8.3011594e-01  -1.6276655e-05  -7.0430776e-05
   3.2000000e-01   6.6428575e-01   3.5218275e-01   9.2937498e-02  -6.6296171e-03   5.6602759e-01  -9.1243726e-02  -2.9836390e-05   4.9842894e-05   4.1505768e-02   8.2616817e-01  -1.9798191e-05  -6.8662636e-05
   3.2250000e-01   6.8206701e-01   3.6131273e-01   9.2605821e-02  -6.6399492e-03   5.6146541e-01  -1.5168523e-01  -2.7344247e-05   5.5917560e-05   8.2814147e-02   8.1776346e-01  -2.3231320e-05  -6.6401744e-05
   3.2500000e-01   7.0036245e-01   3.7066438e-01   9.2273575e-02  -6.6498752e-03   5.5388116e-01  -2.1142564e-01  -2.4548371e-05   6.1947902e-05   1.2370229e-01   8.0493242e-01  -2.6551405e-05  -6.3638293e-05
   3.2750000e-01   7.1919485e-01   3.8024552e-01   9.1940783e-02  -6.6593843e-03   5.4330988e-01  -2.7014131e-01  -2.1450978e-05   6.7895497e-05   1.6394888e-01   7.8772936e-01  -2.9733318e-05  -6.0364992e-05
   3.3000000e-01   7.3840514e-01   3.8998728e-01   9.1607625e-02  -6.6686022e-03   5.2980282e-01  -3.2751170e-01  -1.8056206e-05   7.3718867e-05   2.0333532e-01   7.6623250e-01  -3.2751565e-05  -5.6577878e-05
   3.3250000e-01   7.5807639e-01   3.9992425e-01   9.1274038e-02  -6.6774669e-03   5.1342725e-01  -3.8322237e-01  -1.4370265e-05   7.9376110e-05   2.4164692e-01   7.4054337e-01  -3.5580457e-05  -5.2275908e-05
   3.3500000e-01   7.7841251e-01   4.1014008e-01   9.0939882e-02  -6.6858279e-03   4.9426615e-01  -4.3696710e-01  -1.0401462e-05   8.4826079e-05   2.7867407e-01   7.1078603e-01  -3.8194250e-05  -4.7460318e-05
   3.3750000e-01   7.9920072e-01   4.2054372e-01   9.0605373e-02  -6.6938494e-03   4.7241781e-01  -4.8844768e-01  -6.1601612e-06   9.0024781e-05   3.1421334e-01   6.7710750e-01  -4.0567265e-05  -4.2136625e-05
   3.4000000e-01   8.2044676e-01   4.3113662e-01   9.0270521e-02  -6.7015280e-03   4.4799544e-01  -5.3737663e-01  -1.6589253e-06   9.4927752e-05   3.4806869e-01   6.3967671e-01  -4.2674094e-05  -3.6313951e-05
   3.4250000e-01   8.4222798e-01   4.4194938e-01   8.9935289e-02  -6.7088075e-03   4.2112663e-01  -5.8347903e-01   3.0874589e-06   9.9490864e-05   3.8005251e-01   5.9868349e-01  -4.4489791e-05  -3.0004665e-05
   3.4500000e-01   8.6466351e-01   4.5302796e-01   8.9599639e-02  -6.7156013e-03   3.9195270e-01  -6.2649420e-01   8.0619986e-06   1.0367076e-04   4.0998666e-01   5.5433750e-01  -4.5990023e-05  -2.3224034e-05
   3.4750000e-01   8.8761538e-01   4.6431421e-01   8.9263687e-02  -6.7220127e-03   3.6062801e-01  -6.6617619e-01   1.3245533e-05   1.0742324e-04   4.3770352e-01   5.0686811e-01  -4.7151224e-05  -1.5992088e-05
   3.5000000e-01   9.1108979e-01   4.7580912e-01   8.8927450e-02  -6.7280374e-03   3.2731922e-01  -7.0229582e-01   1.8616691e-05   1.1070480e-04   4.6304690e-01   4.5652288e-01  -4.7950828e-05  -8.3327716e-06
   3.5250000e-01   9.3509478e-01   4.8751436e-01   8.8590941e-02  -6.7336697e-03   2.9220446e-01  -7.3464203e-01   2.4151927e-05   1.1347290e-04   4.8587303e-01   4.0356635e-01  -4.8367466e-05  -2.7396524e-07
   3.5500000e-01   9.5982869e-01   4.9950512e-01   8.8254102e-02  -6.7387623e-03   2.5547238e-01  -7.6302356e-01   2.9825568e-05   1.1568718e-04   5.0605133e-01   3.4827789e-01  -4.8381164e-05   8.1541765e-06
   3.5750000e-01   9.8514093e-01   5.1171945e-01   8.7917034e-02  -6.7434257e-03   2.1732123e-01  -7.8726922e-01   3.5609923e-05   1.1730800e-04   5.2346522e-01   2.9095181e-01  -4.7973456e-05   1.6916287e-05
   3.6000000e-01   1.0110406e+00   5.2415873e-01   8.7579755e-02  -6.7476517e-03   1.7795780e-01  -8.0722944e-01   4.1475319e-05   1.1829767e-04   5.3801280e-01   2.3189519e-01  -4.7127642e-05   2.5973138e-05
   3.6250000e-01   1.0375335e+00   5.3682293e-01   8.7242285e-02  -6.7514348e-03   1.3759635e-01  -8.2277718e-01   4.7390198e-05   1.1862081e-04   5.4960755e-01   1.7142638e-01  -4.5828986e-05   3.5281688e-05
   3.6500000e-01   1.0646292e+00   5.4971343e-01   8.6904645e-02  -6.7547658e-03   9.6457523e-02  -8.3380887e-01   5.3321235e-05   1.1824475e-04   5.5817886e-01   1.0987332e-01  -4.4064903e-05   4.4795220e-05
   3.6750000e-01   1.0924812e+00   5.6288391e-01   8.6566827e-02  -6.7575260e-03   5.4767109e-02  -8.4024518e-01   5.9233468e-05   1.1713996e-04   5.6367252e-01   4.7571142e-02  -4.1825143e-05   5.4464860e-05
   3.7000000e-01   1.1209987e+00   5.7629694e-01   8.6228886e-02  -6.7597797e-03   1.2754879e-02  -8.4203143e-01   6.5090462e-05   1.1528000e-04   5.6605108e-01  -1.5138412e-02  -3.9101902e-05   6.4237389e-05
   3.7250000e-01   1.1501714e+00   5.8994572e-01   8.5890849e-02  -6.7615309e-03  -2.9346663e-02  -8.3913819e-01   7.0854457e-05   1.1264205e-04   5.6529416e-01  -7.7909165e-02  -3.5890035e-05   7.4056206e-05
   3.7500000e-01   1.1800076e+00   6.0383017e-01   8.5552741e-02  -6.7627694e-03  -7.1303543e-02  -8.3156166e-01   7.6486556e-05   1.0920735e-04   5.6139870e-01  -1.4039246e-01  -3.2187227e-05   8.3861737e-05
   3.7750000e-01   1.2105181e+00   6.1795094e-01   8.5214584e-02  -6.7634822e-03  -1.1288160e-01  -8.1932394e-01   8.1946920e-05   1.0496146e-04   5.5437909e-01  -2.0223905e-01  -2.7994144e-05   9.3591722e-05
   3.8000000e-01   1.2417128e+00   6.3230827e-01   8.4876404e-02  -6.7636568e-03  -1.5384776e-01  -8.0247311e-01   8.7194989e-05   9.9894616e-05   5.4426714e-01  -2.6310102e-01  -2.3314561e-05   1.0318150e-04
   3.8250000e-01   1.2737037e+00   6.4693614e-01   8.4538230e-02  -6.7631977e-03  -1.9397139e-01  -7.8108300e-01   9.2189717e-05   9.4001671e-05   5.3111210e-01  -3.2263412e-01  -1.8155489e-05   1.1256526e-04
   3.8500000e-01   1.3064690e+00   6.6182208e-01   8.4200098e-02  -6.7621137e-03  -2.3302551e-01  -7.5525314e-01   9.6889797e-05   8.7282642e-05   5.1498040e-01  -3.8049909e-01  -1.2527230e-05   1.2167509e-04
   3.8750000e-01   1.3399668e+00   6.7694778e-01   8.3862035e-02  -6.7604306e-03  -2.7078815e-01  -7.2510858e-01   1.0125393e-04   7.9743129e-05   4.9595546e-01  -4.3636350e-01  -6.4434799e-06   1.3044123e-04
   3.9000000e-01   1.3742086e+00   6.9231271e-01   8.3524071e-02  -6.7581316e-03  -3.0704355e-01  -6.9079929e-01   1.0524108e-04   7.1394404e-05   4.7413730e-01  -4.8990385e-01   7.8577219e-08   1.3879303e-04
   3.9250000e-01   1.4092011e+00   7.0791483e-01   8.3186233e-02  -6.7552028e-03  -3.4158349e-01  -6.5249959e-01   1.0881080e-04   6.2253625e-05   4.4964213e-01  -5.4080749e-01   7.0182237e-06   1.4665927e-04
   3.9500000e-01   1.4449713e+00   7.2375792e-01   8.2848556e-02  -6.7516125e-03  -3.7420845e-01  -6.1040737e-01   1.1192348e-04   5.2343888e-05   4.2260177e-01  -5.8877446e-01   1.4351182e-05   1.5396887e-04
   3.9750000e-01   1.4815250e+00   7.3983895e-01   8.2511070e-02  -6.7473458e-03  -4.0472879e-01  -5.6474321e-01   1.1454067e-04   4.1694452e-05   3.9316307e-01  -6.3351925e-01   2.2049620e-05   1.6065113e-04
   4.0000000e-01   1.5188737e+00   7.5615635e-01   8.2173808e-02  -6.7423824e-03  -4.3296593e-01  -5.1574941e-01   1.1662539e-04   3.0340803e-05   3.6148713e-01  -6.7477252e-01   3.0082171e-05   1.6663634e-04
   4.0250000e-01   1.5571184e+00   7.7273353e-01   8.1836838e-02  -6.7366197e-03  -4.5875339e-01  -4.6368845e-01   1.1814243e-04   1.8324037e-05   3.2774853e-01  -7.1228300e-01   3.8413982e-05   1.7185676e-04
   4.0500000e-01   1.5962132e+00   7.8955039e-01   8.1500182e-02  -6.7300841e-03  -4.8193779e-01  -4.0884226e-01   1.1905863e-04   5.6918870e-06   2.9213440e-01  -7.4581859e-01   4.7006814e-05   1.7624628e-04
   4.0750000e-01   1.6361444e+00   8.0659703e-01   8.1163869e-02  -6.7227740e-03  -5.0237989e-01  -3.5151074e-01   1.1934322e-04  -7.5014939e-06   2.5484350e-01  -7.7516805e-01   5.5819122e-05   1.7974118e-04
   4.1000000e-01   1.6769226e+00   8.2387014e-01   8.0827939e-02  -6.7146659e-03  -5.1995541e-01  -2.9201013e-01   1.1896815e-04  -2.1195786e-05   2.1608512e-01  -8.0014239e-01   6.4806174e-05   1.8228091e-04
   4.1250000e-01   1.7185585e+00   8.4136622e-01   8.0492429e-02  -6.7057347e-03  -5.3455591e-01  -2.3067143e-01   1.1790836e-04  -3.5324645e-05   1.7607803e-01  -8.2057621e-01   7.3920214e-05   1.8380863e-04
   4.1500000e-01   1.7610617e+00   8.5908106e-01   8.0157380e-02  -6.6959556e-03  -5.4608947e-01  -1.6783863e-01   1.1614213e-04  -4.9815874e-05   1.3504925e-01  -8.3632887e-01   8.3110639e-05   1.8427176e-04
   4.1750000e-01   1.8044469e+00   8.7701144e-01   7.9822836e-02  -6.6852976e-03  -5.5448140e-01  -1.0386690e-01   1.1365134e-04  -6.4591715e-05   9.3232836e-02  -8.4728551e-01   9.2324220e-05   1.8362260e-04
   4.2000000e-01   1.8487228e+00   8.9515224e-01   7.9488839e-02  -6.6737342e-03  -5.5967474e-01  -3.9120683e-02   1.1042176e-04  -7.9569081e-05   5.0868590e-02  -8.5335802e-01   1.0150534e-04   1.8181883e-04
   4.2250000e-01   1.8938997e+00   9.1349830e-01   7.9155434e-02  -6.6612367e-03  -5.6163077e-01   2.6028264e-02   1.0644330e-04  -9.4659917e-05   8.2007190e-03  -8.5448579e-01   1.1059628e-04   1.7882409e-04
   4.2500000e-01   1.9399874e+00   9.3204403e-01   7.8822668e-02  -6.6477753e-03  -5.6032936e-01   9.1202963e-02   1.0171031e-04  -1.0977159e-04  -3.4523540e-02  -8.5063632e-01   1.1953748e-04   1.7460851e-04
   4.2750000e-01   1.9871067e+00   9.5080553e-01   7.8490677e-02  -6.6331958e-03  -5.5576922e-01   1.5602379e-01   9.6221735e-05  -1.2480833e-04  -7.7055327e-02  -8.4180573e-01   1.2826790e-04   1.6914903e-04
   4.3000000e-01   2.0351631e+00   9.6975311e-01   7.8159439e-02  -6.6175755e-03  -5.4796803e-01   2.2010968e-01   8.9981323e-05  -1.3966976e-04  -1.1914558e-01  -8.2801903e-01   1.3672534e-04   1.6243006e-04
   4.3250000e-01   2.0841586e+00   9.8887817e-01   7.7828999e-02  -6.6008888e-03  -5.3696256e-01   2.8308074e-01   8.2997840e-05  -1.5425237e-04  -1.6054651e-01  -8.0933040e-01   1.4484684e-04   1.5444391e-04
   4.3500000e-01   2.1341017e+00   1.0081730e+00   7.7499412e-02  -6.5831019e-03  -5.2280853e-01   3.4456052e-01   7.5285227e-05  -1.6845014e-04  -2.0101300e-01  -7.8582315e-01   1.5256903e-04   1.4519119e-04
   4.3750000e-01   2.1849992e+00   1.0276293e+00   7.7170729e-02  -6.5641815e-03  -5.0558051e-01   4.0417823e-01   6.6862726e-05  -1.8215522e-04  -2.4030413e-01  -7.5760957e-01   1.5982858e-04   1.3468122e-04
   4.4000000e-01   2.2368617e+00   1.0472387e+00   7.6843009e-02  -6.5440884e-03  -4.8537162e-01   4.6157098e-01   5.7754972e-05  -1.9525861e-04  -2.7818458e-01  -7.2483059e-01   1.6656264e-04   1.2293230e-04
   4.4250000e-01   2.2896956e+00   1.0669918e+00   7.6516310e-02  -6.5227868e-03  -4.6229308e-01   5.1638599e-01   4.7992048e-05  -2.0765090e-04  -3.1442608e-01  -6.8765529e-01   1.7270925e-04   1.0997199e-04
   4.4500000e-01   2.3435075e+00   1.0868788e+00   7.6190690e-02  -6.5002392e-03  -4.3647380e-01   5.6828278e-01   3.7609510e-05  -2.1922302e-04  -3.4880882e-01  -6.4628024e-01   1.7820785e-04   9.5837335e-05
   4.4750000e-01   2.3983035e+00   1.1068892e+00   7.5866211e-02  -6.4764073e-03  -4.0805968e-01   6.1693534e-01   2.6648367e-05  -2.2986703e-04  -3.8112281e-01  -6.0092860e-01   1.8299971e-04   8.0574987e-05
   4.5000000e-01   2.4541197e+00   1.1270149e+00   7.5542975e-02  -6.4512095e-03  -3.7721294e-01   6.6203428e-01   1.5155024e-05  -2.3947719e-04  -4.1116922e-01  -5.5184911e-01   1.8702846e-04   6.4241104e-05
   4.5250000e-01   2.5110264e+00   1.1472488e+00   7.5221142e-02  -6.4245094e-03  -3.4411125e-01   7.0328897e-01   3.1811728e-06  -2.4795086e-04  -4.3876166e-01  -4.9931466e-01   1.9024051e-04   4.6901080e-05
   4.5500000e-01   2.5689362e+00   1.1675676e+00   7.4900669e-02  -6.3963878e-03  -3.0894682e-01   7.4042902e-01  -9.2163613e-06  -2.5518850e-04  -4.6372737e-01  -4.4362154e-01   1.9258556e-04   2.8630507e-05
   4.5750000e-01   2.6278527e+00   1.1879584e+00   7.4581625e-02  -6.3668015e-03  -2.7192540e-01   7.7320641e-01  -2.1975777e-05  -2.6109518e-04  -4.8590843e-01  -3.8508767e-01   1.9401708e-04   9.5144918e-06
   4.6000000e-01   2.6877863e+00   1.2084076e+00   7.4264094e-02  -6.3356954e-03  -2.3326511e-01   8.0139734e-01  -3.5030527e-05  -2.6558140e-04  -5.0516280e-01  -3.2405086e-01   1.9449281e-04  -1.0352615e-05
   4.6250000e-01   2.7487238e+00   1.2288999e+00   7.3948128e-02  -6.3030481e-03  -1.9319527e-01   8.2480373e-01  -4.8309588e-05  -2.6856400e-04  -5.2136534e-01  -2.6086718e-01   1.9397518e-04  -3.0867347e-05
   4.6500000e-01   2.8106705e+00   1.2494207e+00   7.3633808e-02  -6.2688092e-03  -1.5195511e-01   8.4325489e-01  -6.1737779e-05  -2.6996704e-04  -5.3440869e-01  -1.9590890e-01   1.9243181e-04  -5.1917643e-05
   4.6750000e-01   2.8736274e+00   1.2699545e+00   7.3321210e-02  -6.2329326e-03  -1.0979240e-01   8.5660876e-01  -7.5236121e-05  -2.6972267e-04  -5.4420412e-01  -1.2956244e-01   1.8983593e-04  -7.3383291e-05
   4.7000000e-01   2.9376012e+00   1.2904851e+00   7.3010428e-02  -6.1953601e-03  -6.6961987e-02   8.6475324e-01  -8.8722245e-05  -2.6777199e-04  -5.5068224e-01  -6.2226203e-02   1.8616677e-04  -9.5136532e-05
   4.7250000e-01   3.0025765e+00   1.3109963e+00   7.2701513e-02  -6.1560710e-03  -2.3724356e-02   8.6760719e-01  -1.0211084e-04  -2.6406580e-04  -5.5379355e-01   5.6916631e-03   1.8140995e-04  -1.1704251e-04
   4.7500000e-01   3.0687335e+00   1.3314596e+00   7.2394927e-02  -6.1146832e-03   1.9655973e-02   8.6512131e-01  -1.1531412e-04  -2.5856537e-04  -5.5350897e-01   7.3776482e-02   1.7555783e-04  -1.3896166e-04
   4.7750000e-01   3.1358697e+00   1.3518619e+00   7.2090377e-02  -6.0714937e-03   6.2912009e-02   8.5727877e-01  -1.2824238e-04  -2.5124300e-04  -5.4982015e-01   1.4160788e-01   1.6860975e-04  -1.6074720e-04
   4.8000000e-01   3.2039821e+00   1.3721858e+00   7.1787947e-02  -6.0264567e-03   1.0577592e-01   8.4409587e-01  -1.4080452e-04  -2.4208290e-04  -5.4273976e-01   2.0876317e-01   1.6057239e-04  -1.8224778e-04
   4.8250000e-01   3.2730558e+00   1.3924147e+00   7.1487694e-02  -5.9795478e-03   1.4798068e-01   8.2562231e-01  -1.5290865e-04  -2.3108182e-04  -5.3230161e-01   2.7481993e-01   1.5146001e-04  -2.0330829e-04
   4.8500000e-01   3.3431379e+00   1.4125234e+00   7.1189830e-02  -5.9306140e-03   1.8926177e-01   8.0194130e-01  -1.6446274e-04  -2.1824940e-04  -5.1856062e-01   3.3935892e-01   1.4129460e-04  -2.2377140e-04
   4.8750000e-01   3.4142023e+00   1.4324930e+00   7.0894405e-02  -5.8796426e-03   2.2935880e-01   7.7316946e-01  -1.7537520e-04  -2.0360870e-04  -5.0159268e-01   4.0196640e-01   1.3010604e-04  -2.4347807e-04
   4.9000000e-01   3.4863284e+00   1.4522854e+00   7.0601759e-02  -5.8263881e-03   2.6801725e-01   7.3945637e-01  -1.8555563e-04  -1.8719624e-04  -4.8149438e-01   4.6223724e-01   1.1793215e-04  -2.6226945e-04
   4.9250000e-01   3.5594923e+00   1.4718740e+00   7.0311985e-02  -5.7708107e-03   3.0499004e-01   7.0098415e-01  -1.9491543e-04  -1.6906243e-04  -4.5838253e-01   5.1977716e-01   1.0481868e-04  -2.7998724e-04
   4.9500000e-01   3.6335913e+00   1.4912529e+00   7.0024939e-02  -5.7130612e-03   3.4003923e-01   6.5796699e-01  -2.0336855e-04  -1.4927227e-04  -4.3239369e-01   5.7420514e-01   9.0819330e-05  -2.9647438e-04
   4.9750000e-01   3.7086500e+00   1.5103905e+00   6.9740831e-02  -5.6530031e-03   3.7293755e-01   6.1064990e-01  -2.1083215e-04  -1.2790481e-04  -4.0368346e-01   6.2515641e-01   7.5995622e-05  -3.1157725e-04
   5.0000000e-01   3.7846507e+00   1.5292624e+00   6.9459760e-02  -5.5905922e-03   4.0347002e-01   5.5930764e-01  -2.1722739e-04  -1.0505330e-04  -3.7242566e-01   6.7228495e-01   6.0416770e-05  -3.2514670e-04
   5.0250000e-01   3.8615796e+00   1.5478428e+00   6.9181843e-02  -5.5257716e-03   4.3143539e-01   5.0424338e-01  -2.2248005e-04  -8.0824995e-05  -3.3881143e-01   7.1526589e-01   4.4159447e-05  -3.3703936e-04
   5.0500000e-01   3.9394179e+00   1.5661065e+00   6.8907183e-02  -5.4584958e-03   4.5664754e-01   4.4578706e-01  -2.2652130e-04  -5.5340859e-05  -3.0304816e-01   7.5379793e-01   2.7307490e-05  -3.4711892e-04
   5.0750000e-01   4.0181623e+00   1.5840212e+00   6.8635955e-02  -5.3886700e-03   4.7893688e-01   3.8429361e-01  -2.2928834e-04  -2.8735064e-05  -2.6535829e-01   7.8760559e-01   9.9515564e-06  -3.5525752e-04
   5.1000000e-01   4.0977891e+00   1.6015604e+00   6.8368262e-02  -5.3162523e-03   4.9815154e-01   3.2014098e-01  -2.3072509e-04  -1.1545722e-06  -2.2597804e-01   8.1644130e-01  -7.8113068e-06  -3.6133691e-04
   5.1250000e-01   4.1782789e+00   1.6186952e+00   6.8104235e-02  -5.2411843e-03   5.1415858e-01   2.5372801e-01  -2.3078282e-04   2.7241556e-05  -1.8515601e-01   8.4008741e-01  -2.5878140e-05  -3.6524979e-04
   5.1500000e-01   4.2596088e+00   1.6353974e+00   6.7843995e-02  -5.1634159e-03   5.2684497e-01   1.8547211e-01  -2.2942074e-04   5.6282922e-05  -1.4315166e-01   8.5835799e-01  -4.4140616e-05  -3.6690096e-04
   5.1750000e-01   4.3417782e+00   1.6516232e+00   6.7587787e-02  -5.0828122e-03   5.3611857e-01   1.1580658e-01  -2.2660660e-04   8.5788909e-05  -1.0023380e-01   8.7110047e-01  -6.2485651e-05  -3.6620856e-04
   5.2000000e-01   4.4247462e+00   1.6673500e+00   6.7335676e-02  -4.9993684e-03   5.4190890e-01   4.5178244e-02  -2.2231716e-04   1.1556935e-04  -5.6678803e-02   8.7819708e-01  -8.0796067e-05  -3.6310506e-04
   5.2250000e-01   4.5084873e+00   1.6825458e+00   6.7087804e-02  -4.9130259e-03   5.4416781e-01  -2.5955487e-02  -2.1653869e-04   1.4542579e-04  -1.2768979e-02   8.7956609e-01  -9.8951307e-05  -3.5753836e-04
   5.2500000e-01   4.5929740e+00   1.6971783e+00   6.6844318e-02  -4.8237274e-03   5.4287003e-01  -9.7129468e-02  -2.0926741e-04   1.7515275e-04   3.1209294e-02   8.7516278e-01  -1.1682821e-04  -3.4947268e-04
   5.2750000e-01   4.6781842e+00   1.7112076e+00   6.6605415e-02  -4.7313833e-03   5.3801356e-01  -1.6787387e-01  -2.0050978e-04   2.0453911e-04   7.4967402e-02   8.6498032e-01  -1.3430183e-04  -3.3888944e-04
   5.3000000e-01   4.7640803e+00   1.7246056e+00   6.6371205e-02  -4.6359644e-03   5.2961988e-01  -2.3771717e-01  -1.9028283e-04   2.3336943e-04   1.1821639e-01   8.4905020e-01  -1.5124629e-04  -3.2578798e-04
   5.3250000e-01   4.8506299e+00   1.7373379e+00   6.6141843e-02  -4.5374141e-03   5.1773403e-01  -3.0618938e-01  -1.7861437e-04   2.6142551e-04   1.6066887e-01   8.2744264e-01  -1.6753568e-04  -3.1018618e-04
   5.3500000e-01   4.9377988e+00   1.7493697e+00   6.5917488e-02  -4.4356768e-03   5.0242457e-01  -3.7282515e-01  -1.6554310e-04   2.8848800e-04   2.0204097e-01   8.0026651e-01  -1.8304498e-04  -2.9212094e-04
   5.3750000e-01   5.0255518e+00   1.7606651e+00   6.5698306e-02  -4.3306935e-03   4.8378332e-01  -4.3716708e-01  -1.5111871e-04   3.1433808e-04   2.4205427e-01   7.6766919e-01  -1.9765102e-04  -2.7164854e-04
   5.4000000e-01   5.1138522e+00   1.7711864e+00   6.5484474e-02  -4.2224030e-03   4.6192498e-01  -4.9876886e-01  -1.3540182e-04   3.3875916e-04   2.8043770e-01   7.2983602e-01  -2.1123343e-04  -2.4884482e-04
   5.4250000e-01   5.2026586e+00   1.7809002e+00   6.5276140e-02  -4.1107630e-03   4.3698656e-01  -5.5719844e-01  -1.1846387e-04   3.6153862e-04   3.1692948e-01   6.8698954e-01  -2.2367567e-04  -2.2380525e-04
   5.4500000e-01   5.2919297e+00   1.7897700e+00   6.5073473e-02  -3.9957225e-03   4.0912666e-01  -6.1204124e-01  -1.0038695e-04   3.8246962e-04   3.5127893e-01   6.3938848e-01  -2.3486592e-04  -1.9664485e-04
   5.4750000e-01   5.3816281e+00   1.7977457e+00   6.4876734e-02  -3.8771791e-03   3.7852462e-01  -6.6290318e-01  -8.1263486e-05   4.0135294e-04   3.8324833e-01   5.8732639e-01  -2.4469816e-04  -1.6749780e-04
   5.5000000e-01   5.4717014e+00   1.8048040e+00   6.4686005e-02  -3.7551396e-03   3.4537948e-01  -7.0941367e-01  -6.1195853e-05   4.1799864e-04   4.1261463e-01   5.3113016e-01  -2.5307304e-04  -1.3651719e-04
   5.5250000e-01   5.5621026e+00   1.8109077e+00   6.4501462e-02  -3.6295570e-03   3.0990882e-01  -7.5122841e-01  -4.0295936e-05   4.3222794e-04   4.3917112e-01   4.7115813e-01  -2.5989889e-04  -1.0387429e-04
   5.5500000e-01   5.6527834e+00   1.8160196e+00   6.4323282e-02  -3.5003864e-03   2.7234743e-01  -7.8803224e-01  -1.8684554e-05   4.4387495e-04   4.6272901e-01   4.0779805e-01  -2.6509261e-04  -6.9757862e-05
   5.5750000e-01   5.7436913e+00   1.8201140e+00   6.4151574e-02  -3.3676250e-03   2.3294584e-01  -8.1954158e-01   3.5091779e-06   4.5278836e-04   4.8311890e-01   3.4146474e-01  -2.6858050e-04  -3.4373189e-05
   5.6000000e-01   5.8347775e+00   1.8231396e+00   6.3986608e-02  -3.2311820e-03   1.9196879e-01  -8.4550695e-01   2.6148580e-05   4.5883311e-04   5.0019212e-01   2.7259750e-01  -2.7029915e-04   2.0590914e-06
   5.6250000e-01   5.9259874e+00   1.8250607e+00   6.3828557e-02  -3.0910255e-03   1.4969348e-01  -8.6571506e-01   4.9090219e-05   4.6189194e-04   5.1382199e-01   2.0165741e-01  -2.7019620e-04   3.9304201e-05
   5.6500000e-01   6.0172648e+00   1.8258397e+00   6.3677607e-02  -2.9471189e-03   1.0640775e-01  -8.7999080e-01   7.2184800e-05   4.6186683e-04   5.2390485e-01   1.2912430e-01  -2.6823099e-04   7.7114646e-05
   5.6750000e-01   6.1085532e+00   1.8254856e+00   6.3533663e-02  -2.7995745e-03   6.2408244e-02  -8.8819896e-01   9.5278125e-05   4.5868030e-04   5.3036106e-01   5.5493755e-02  -2.6437526e-04   1.1523162e-04
   5.7000000e-01   6.1997956e+00   1.8239161e+00   6.3397192e-02  -2.6482130e-03   1.7998327e-02  -8.9024572e-01   1.1821212e-04   4.5227677e-04   5.3313575e-01  -1.8726439e-02  -2.5861369e-04   1.5338706e-04
   5.7250000e-01   6.2909194e+00   1.8210142e+00   6.3268874e-02  -2.4927666e-03  -2.6513928e-02  -8.8607980e-01   1.4082595e-04   4.4262350e-04   5.3219943e-01  -9.3019733e-02  -2.5094434e-04   1.9130558e-04
   5.7500000e-01   6.3818656e+00   1.8168251e+00   6.3148398e-02  -2.3334654e-03  -7.0817887e-02  -8.7569335e-01   1.6295711e-04   4.2971154e-04   5.2754844e-01  -1.6686413e-01  -2.4137907e-04   2.2870584e-04
   5.7750000e-01   6.4725669e+00   1.8113033e+00   6.3036013e-02  -2.1702612e-03  -1.1460252e-01  -8.5912260e-01   1.8444267e-04   4.1355650e-04   5.1920524e-01  -2.3973600e-01  -2.2994378e-04   2.6530295e-04
   5.8000000e-01   6.5629638e+00   1.8044430e+00   6.2931732e-02  -2.0032208e-03  -1.5755862e-01  -8.3644813e-01   2.0512048e-04   3.9419918e-04   5.0721845e-01  -3.1111378e-01  -2.1667864e-04   3.0081053e-04
   5.8250000e-01   6.6529906e+00   1.7962105e+00   6.2835741e-02  -1.8323301e-03  -1.9938100e-01  -8.0779487e-01   2.2483042e-04   3.7170593e-04   4.9166277e-01  -3.8048178e-01  -2.0163813e-04   3.3494303e-04
   5.8500000e-01   6.7425872e+00   1.7865929e+00   6.2748105e-02  -1.6576329e-03  -2.3977072e-01  -7.7333172e-01   2.4341571e-04   3.4616885e-04   4.7263870e-01  -4.4733400e-01  -1.8489099e-04   3.6741796e-04
   5.8750000e-01   6.8316538e+00   1.7754732e+00   6.2669519e-02  -1.4788965e-03  -2.7843727e-01  -7.3327085e-01   2.6072414e-04   3.1770570e-04   4.5027201e-01  -5.1117796e-01  -1.6652010e-04   3.9795845e-04
   5.9000000e-01   6.9200863e+00   1.7627556e+00   6.2600555e-02  -1.2959620e-03  -3.1510079e-01  -6.8786670e-01   2.7660941e-04   2.8645963e-04   4.2471313e-01  -5.7153842e-01  -1.4662219e-04   4.2629547e-04
   5.9250000e-01   7.0078700e+00   1.7485604e+00   6.2540490e-02  -1.1092313e-03  -3.4949410e-01  -6.3741472e-01   2.9093238e-04   2.5259904e-04   3.9613623e-01  -6.2796091e-01  -1.2530744e-04   4.5216990e-04
   5.9500000e-01   7.0949320e+00   1.7328532e+00   6.2489537e-02  -9.1869547e-04  -3.8136482e-01  -5.8224970e-01   3.0356233e-04   2.1631669e-04   3.6473821e-01  -6.8001546e-01  -1.0269896e-04   4.7533517e-04
   5.9750000e-01   7.1811834e+00   1.7155760e+00   6.2448057e-02  -7.2429199e-04  -4.1047728e-01  -5.2274375e-01   3.1437815e-04   1.7782886e-04   3.3073746e-01  -7.2730002e-01  -7.8932214e-05   4.9555957e-04
   6.0000000e-01   7.2664448e+00   1.6965264e+00   6.2417292e-02  -5.2562277e-04  -4.3661445e-01  -4.5930392e-01   3.2326959e-04   1.3737405e-04   2.9437248e-01  -7.6944385e-01  -5.4154253e-05   5.1262855e-04
   6.0250000e-01   7.3507574e+00   1.6758960e+00   6.2396109e-02  -3.2323763e-04  -4.5957963e-01  -3.9236987e-01   3.3013829e-04   9.5212115e-05   2.5590032e-01  -8.0611045e-01  -2.8522844e-05   5.2634666e-04
   6.0500000e-01   7.4340584e+00   1.6536780e+00   6.2384576e-02  -1.1719817e-04  -4.7919811e-01  -3.2241088e-01   3.3489889e-04   5.1622451e-05   2.1559482e-01  -8.3700062e-01  -2.2055288e-06   5.3653984e-04
   6.0750000e-01   7.5161107e+00   1.6296194e+00   6.2384275e-02   9.2978014e-05  -4.9531864e-01  -2.4992262e-01   3.3748001e-04   6.9021759e-06   1.7374482e-01  -8.6185511e-01   2.4621444e-05   5.4305735e-04
   6.1000000e-01   7.5969335e+00   1.6038539e+00   6.2394438e-02   3.0689743e-04  -5.0781476e-01  -1.7542395e-01   3.3782512e-04  -3.8635577e-05   1.3065210e-01  -8.8045703e-01   5.1774293e-05   5.4577357e-04
   6.1250000e-01   7.6765147e+00   1.5764522e+00   6.2414678e-02   5.2432331e-04  -5.1658595e-01  -9.9453242e-02   3.3589334e-04  -8.4663852e-05   8.6629277e-02  -8.9263398e-01   7.9062952e-05   5.4458970e-04
   6.1500000e-01   7.7545621e+00   1.5471355e+00   6.2446785e-02   7.4575032e-04  -5.2155861e-01  -2.2564563e-02   3.3166015e-04  -1.3084423e-04   4.1997610e-02  -8.9825990e-01   1.0629242e-04   5.3943526e-04
   6.1750000e-01   7.8311393e+00   1.5160762e+00   6.2489764e-02   9.7072397e-04  -5.2268684e-01   5.4676288e-02   3.2511795e-04  -1.7682921e-04  -2.9153536e-03  -8.9725657e-01   1.3326416e-04   5.3026937e-04
   6.2000000e-01   7.9062183e+00   1.4833220e+00   6.2543388e-02   1.1990614e-03  -5.1995303e-01   1.3169594e-01   3.1627649e-04  -2.2226484e-04  -4.7778150e-02  -8.8959481e-01   1.5977761e-04   5.1708194e-04
   6.2250000e-01   7.9794281e+00   1.4485545e+00   6.2609765e-02   1.4312832e-03  -5.1336824e-01   2.0791762e-01   3.0516326e-04  -2.6679334e-04  -9.2257860e-02  -8.7529524e-01   1.8563169e-04   4.9989440e-04
   6.2500000e-01   8.0509949e+00   1.4121002e+00   6.2686927e-02   1.6666652e-03  -5.0297236e-01   2.8276566e-01   2.9182360e-04  -3.1005616e-04  -1.3602259e-01  -8.5442878e-01   2.1062639e-04   4.7876048e-04
   6.2750000e-01   8.1206389e+00   1.3737584e+00   6.2776275e-02   1.9054810e-03  -4.8883409e-01   3.5566976e-01   2.7632080e-04  -3.5169668e-04  -1.7874400e-01  -8.2711670e-01   2.3456440e-04   4.5376651e-04
   6.3000000e-01   8.1883011e+00   1.3335564e+00   6.2877763e-02   2.1475759e-03  -4.7105061e-01   4.2606948e-01   2.5873598e-04  -3.9136329e-04  -2.2009981e-01  -7.9353026e-01   2.5725271e-04   4.2503156e-04
   6.3250000e-01   8.2540336e+00   1.2916211e+00   6.2990695e-02   2.3926275e-03  -4.4974715e-01   4.9341877e-01   2.3916783e-04  -4.2871258e-04  -2.5977629e-01  -7.5389004e-01   2.7850427e-04   3.9270726e-04
   6.3500000e-01   8.3174148e+00   1.2476665e+00   6.3117139e-02   2.6410019e-03  -4.2507623e-01   5.5719006e-01   2.1773222e-04  -4.6341190e-04  -2.9747077e-01  -7.0846484e-01   2.9813962e-04   3.5697748e-04
   6.3750000e-01   8.3787572e+00   1.2020374e+00   6.3254948e-02   2.8920275e-03  -3.9721675e-01   6.1687903e-01   1.9456164e-04  -4.9514319e-04  -3.3289398e-01  -6.5757007e-01   3.1598848e-04   3.1805737e-04
   6.4000000e-01   8.4375980e+00   1.1544428e+00   6.3406306e-02   3.1460402e-03  -3.6637282e-01   6.7200833e-01   1.6980450e-04  -5.2360516e-04  -3.6577246e-01  -6.0156603e-01   3.3189134e-04   2.7619268e-04
   6.4250000e-01   8.4941218e+00   1.1051068e+00   6.3569871e-02   3.4025837e-03  -3.3277243e-01   7.2213202e-01   1.4362426e-04  -5.4851693e-04  -3.9585074e-01  -5.4085543e-01   3.4570097e-04   2.3165808e-04
   6.4500000e-01   8.5481168e+00   1.0539542e+00   6.3746407e-02   3.6616413e-03  -2.9666585e-01   7.6683921e-01   1.1619843e-04  -5.6962050e-04  -4.2289350e-01  -4.7588089e-01   3.5728386e-04   1.8475588e-04
   6.4750000e-01   8.5994492e+00   1.0009733e+00   6.3936257e-02   3.9230967e-03  -2.5832392e-01   8.0575777e-01   8.7717423e-05  -5.8668359e-04  -4.4668753e-01  -4.0712188e-01   3.6652165e-04   1.3581405e-04
   6.5000000e-01   8.6482593e+00   9.4633880e-01   6.4138410e-02   4.1865939e-03  -2.1803606e-01   8.3855785e-01   5.8383264e-05  -5.9950248e-04  -4.6704361e-01  -3.3509124e-01   3.7331235e-04   8.5183741e-05
   6.5250000e-01   8.6940292e+00   8.8980486e-01   6.4355036e-02   4.4522787e-03  -1.7610820e-01   8.6495469e-01   2.8408161e-05  -6.0790386e-04  -4.8379816e-01  -2.6033188e-01   3.7757153e-04   3.3237781e-05
   6.5500000e-01   8.7371686e+00   8.3170709e-01   6.4583894e-02   4.7196248e-03  -1.3286049e-01   8.8471186e-01  -1.9870106e-06  -6.1174789e-04  -4.9681474e-01  -1.8341218e-01   3.7923342e-04  -1.9633425e-05
   6.5750000e-01   8.7772016e+00   7.7185324e-01   6.4826874e-02   4.9886710e-03  -8.8624930e-02   8.9764328e-01  -3.2574384e-05  -6.1092946e-04  -5.0598534e-01  -1.0492243e-01   3.7825175e-04  -7.3023380e-05
   6.6000000e-01   8.8142228e+00   7.1038459e-01   6.5083248e-02   5.2591130e-03  -4.3742797e-02   9.0361561e-01  -6.3120836e-05  -6.0538040e-04  -5.1123146e-01  -2.5469820e-02   3.7460058e-04  -1.2651364e-04
   6.6250000e-01   8.8483465e+00   6.4744141e-01   6.5352248e-02   5.5306715e-03   1.4379517e-03   9.0254982e-01  -9.3389834e-05  -5.9507080e-04  -5.1250495e-01   5.4326297e-02   3.6827490e-04  -1.7967725e-04
   6.6500000e-01   8.8789376e+00   5.8280463e-01   6.5636314e-02   5.8032944e-03   4.6565411e-02   8.9442238e-01  -1.2314335e-04  -5.8001012e-04  -5.0978864e-01   1.3383849e-01   3.5929105e-04  -2.3208073e-04
   6.6750000e-01   8.9063969e+00   5.1675820e-01   6.5933459e-02   6.0766003e-03   9.1286498e-02   8.7926622e-01  -1.5214384e-04  -5.6024814e-04  -5.0309672e-01   2.1243741e-01   3.4768702e-04  -2.8328993e-04
   6.7000000e-01   8.9306798e+00   4.4936514e-01   6.6243629e-02   6.3503641e-03   1.3524978e-01   8.5717098e-01  -1.8015623e-04  -5.3587532e-04  -4.9247485e-01   2.8949643e-01   3.3352253e-04  -3.3287294e-04
   6.7250000e-01   8.9514510e+00   3.8058151e-01   6.6567925e-02   6.6243575e-03   1.7810830e-01   8.2828296e-01  -2.0694997e-04  -5.0702309e-04  -4.7800004e-01   3.6439646e-01   3.1687890e-04  -3.8040330e-04
   6.7500000e-01   8.9686158e+00   3.1047426e-01   6.6906450e-02   6.8982932e-03   2.1952242e-01   7.9280458e-01  -2.3230111e-04  -4.7386358e-04  -4.5978023e-01   4.3653148e-01   2.9785875e-04  -4.2546448e-04
   6.7750000e-01   8.9825090e+00   2.3925693e-01   6.7257651e-02   7.1719230e-03   2.5916262e-01   7.5099303e-01  -2.5599427e-04  -4.3660854e-04  -4.3795367e-01   5.0531417e-01   2.7658554e-04  -4.6765492e-04
   6.8000000e-01   8.9925869e+00   1.6685313e-01   6.7623372e-02   7.4448943e-03   2.9671224e-01   7.0315919e-01  -2.7782468e-04  -3.9550915e-04  -4.1268798e-01   5.7017999e-01   2.5320281e-04  -5.0658986e-04
   6.8250000e-01   8.9991130e+00   9.3446281e-02   6.8002371e-02   7.7169702e-03   3.3187018e-01   6.4966509e-01  -2.9760013e-04  -3.5085368e-04  -3.8417900e-01   6.3059312e-01   2.2787333e-04  -5.4190721e-04
   6.8500000e-01   9.0019442e+00   1.9103598e-02   6.8394943e-02   7.9878156e-03   3.6435341e-01   5.9092163e-01  -3.1514280e-04  -3.0296611e-04  -3.5264937e-01   6.8605072e-01   2.0077799e-04  -5.7327031e-04
   6.8750000e-01   9.0010020e+00  -5.6088443e-02   6.8801150e-02   8.2571094e-03   3.9389947e-01   5.2738562e-01  -3.3029109e-04  -2.5220385e-04  -3.1834686e-01   7.3608768e-01   1.7211450e-04  -6.0037181e-04
   6.9000000e-01   8.9963318e+00  -1.3200632e-01   6.9220595e-02   8.5245566e-03   4.2026873e-01   4.5955612e-01  -3.4290128e-04  -1.9895479e-04  -2.8154250e-01   7.8028099e-01   1.4209593e-04  -6.2293731e-04
   6.9250000e-01   8.9878001e+00  -2.0856501e-01   6.9653534e-02   8.7897839e-03   4.4324652e-01   3.8797086e-01  -3.5284901e-04  -1.4363470e-04  -2.4252848e-01   8.1825362e-01   1.1094908e-04  -6.4072829e-04
   6.9500000e-01   8.9754529e+00  -2.8563647e-01   7.0099579e-02   9.0524847e-03   4.6264505e-01   3.1320173e-01  -3.6003074e-04  -8.6683424e-05  -2.0161583e-01   8.4967834e-01   7.8912691e-05  -6.5354532e-04
   6.9750000e-01   8.9592575e+00  -3.6311195e-01   7.0558640e-02   9.3123247e-03   4.7830513e-01   2.3585022e-01  -3.6436491e-04  -2.8561305e-05  -1.5913194e-01   8.7428089e-01   4.6235448e-05  -6.6123062e-04
   7.0000000e-01   8.9391124e+00  -4.4087210e-01   7.1030836e-02   9.5688688e-03   4.9009763e-01   1.5654263e-01  -3.6579297e-04   3.0254544e-05  -1.1541793e-01   8.9184275e-01   1.3173940e-05  -6.6367016e-04
   7.0250000e-01   8.9151807e+00  -5.1878912e-01   7.1515430e-02   9.8219320e-03   4.9792476e-01   7.5924345e-02  -3.6428025e-04   8.9275439e-05  -7.0825819e-02   9.0220372e-01  -2.0009545e-05  -6.6079590e-04
   7.0500000e-01   8.8872285e+00  -5.9673593e-01   7.2012971e-02   1.0070920e-02   5.0172097e-01  -5.3449345e-03  -3.5981648e-04   1.4800427e-04  -2.5715665e-02   9.0526349e-01  -5.3049316e-05  -6.5258680e-04
   7.0750000e-01   8.8555014e+00  -6.7458831e-01   7.2522479e-02   1.0315743e-02   5.0145372e-01  -8.6597776e-02  -3.5241627e-04   2.0594192e-04   1.9547478e-02   9.0098319e-01  -8.5678633e-05  -6.3907011e-04
   7.1000000e-01   8.8197775e+00  -7.5219890e-01   7.3044449e-02   1.0555761e-02   4.9712384e-01  -1.6716395e-01  -3.4211918e-04   2.6259038e-04   6.4596605e-02   8.8938604e-01  -1.1763212e-04  -6.2032174e-04
   7.1250000e-01   8.7802612e+00  -8.2945009e-01   7.3578056e-02   1.0790857e-02   4.8876565e-01  -2.4637717e-01  -3.2898967e-04   3.1745930e-04   1.0906588e-01   8.7055759e-01  -1.4864818e-04  -5.9646615e-04
   7.1500000e-01   8.7368982e+00  -9.0619470e-01   7.4123271e-02   1.1020565e-02   4.7644680e-01  -3.2358054e-01  -3.1311672e-04   3.7006993e-04   1.5259372e-01   8.4464527e-01  -1.7847147e-04  -5.6767591e-04
   7.1750000e-01   8.6895480e+00  -9.8226433e-01   7.4680317e-02   1.1244266e-02   4.6026778e-01  -3.9813226e-01  -2.9461323e-04   4.1995972e-04   1.9482596e-01   8.1185764e-01  -2.0685524e-04  -5.3417079e-04
   7.2000000e-01   8.6386669e+00  -1.0576012e+00   7.5247663e-02   1.1462268e-02   4.4036118e-01  -4.6941268e-01  -2.7361526e-04   4.6668949e-04   2.3541881e-01   7.7246229e-01  -2.3356376e-04  -4.9621529e-04
   7.2250000e-01   8.5838822e+00  -1.1319737e+00   7.5826200e-02   1.1673533e-02   4.1689056e-01  -5.3682830e-01  -2.5028080e-04   5.0984484e-04   2.7404190e-01   7.2678437e-01  -2.5837451e-04  -4.5411774e-04
   7.2500000e-01   8.5255853e+00  -1.2053390e+00   7.6414635e-02   1.1878341e-02   3.9004917e-01  -5.9981869e-01  -2.2478858e-04   5.4904359e-04   3.1038109e-01   6.7520318e-01  -2.8108038e-04  -4.0822622e-04
   7.2750000e-01   8.4633816e+00  -1.2774096e+00   7.7013865e-02   1.2075467e-02   3.6005825e-01  -6.5786023e-01  -1.9733642e-04   5.8393700e-04   3.4414123e-01   6.1814984e-01  -3.0149168e-04  -3.5892732e-04
   7.3000000e-01   8.3977954e+00  -1.3482054e+00   7.7622258e-02   1.2265502e-02   3.2716527e-01  -7.1047262e-01  -1.6813959e-04   6.1421702e-04   3.7504870e-01   5.5610228e-01  -3.1943803e-04  -3.0663993e-04
   7.3250000e-01   8.3286607e+00  -1.4175086e+00   7.8240083e-02   1.2447649e-02   2.9164166e-01  -7.5722206e-01  -1.3742876e-04   6.3961724e-04   4.0285379e-01   4.8958194e-01  -3.3477002e-04  -2.5181323e-04
   7.3500000e-01   8.2560225e+00  -1.4851588e+00   7.8867011e-02   1.2621487e-02   2.5378058e-01  -7.9772572e-01  -1.0544792e-04   6.5991670e-04   4.2733287e-01   4.1914881e-01  -3.4736067e-04  -1.9492165e-04
   7.3750000e-01   8.1801524e+00  -1.5511228e+00   7.9502151e-02   1.2787189e-02   2.1389433e-01  -8.3165553e-01  -7.2452110e-05   6.7494305e-04   4.4829030e-01   3.4539586e-01  -3.5710675e-04  -1.3645910e-04
   7.4000000e-01   8.1010433e+00  -1.6152326e+00   8.0145333e-02   1.2944253e-02   1.7231158e-01  -8.5874078e-01  -3.8704981e-05   6.8457368e-04   4.6556008e-01   2.6894409e-01  -3.6392970e-04  -7.6935001e-05
   7.4250000e-01   8.0186368e+00  -1.6772594e+00   8.0796479e-02   1.3091943e-02   1.2937457e-01  -8.7877058e-01  -4.4763210e-06   6.8873727e-04   4.7900727e-01   1.9043708e-01  -3.6777644e-04  -1.6869443e-05
   7.4500000e-01   7.9332685e+00  -1.7372357e+00   8.1454575e-02   1.3230678e-02   8.5436071e-02  -8.9159605e-01   2.9960518e-05   6.8741526e-04   4.8852912e-01   1.1053400e-01  -3.6861992e-04   4.3214323e-05
   7.4750000e-01   7.8450380e+00  -1.7950618e+00   8.2119195e-02   1.3360251e-02   4.0856300e-02  -8.9713126e-01   6.4331257e-05   6.8064159e-04   4.9405582e-01   2.9904050e-02  -3.6645920e-04   1.0279424e-04
   7.5000000e-01   7.7538286e+00  -1.8504447e+00   8.2790367e-02   1.3479665e-02  -4.0002318e-03  -8.9535379e-01   9.8363313e-05   6.6850222e-04   4.9555102e-01  -5.0779076e-02  -3.6131949e-04   1.6135370e-04
   7.5250000e-01   7.6599382e+00  -1.9034236e+00   8.3467201e-02   1.3589309e-02  -4.8767890e-02  -8.8630486e-01   1.3178840e-04   6.5113443e-04   4.9301207e-01  -1.3084459e-01  -3.5325181e-04   2.1838934e-04
   7.5500000e-01   7.5635525e+00  -1.9539815e+00   8.4149089e-02   1.3689293e-02  -9.3083101e-02  -8.7008848e-01   1.6434510e-04   6.2872496e-04   4.8646984e-01  -2.0963051e-01  -3.4233235e-04   2.7341582e-04
   7.5750000e-01   7.4646141e+00  -2.0018481e+00   8.4835893e-02   1.3778727e-02  -1.3658749e-01  -8.4687024e-01   1.9578132e-04   6.0150795e-04   4.7598832e-01  -2.8648895e-01  -3.2866157e-04   3.2596941e-04
   7.6000000e-01   7.3633524e+00  -2.0470380e+00   8.5526898e-02   1.3857848e-02  -1.7893098e-01  -8.1687533e-01   2.2585670e-04   5.6976205e-04   4.6166389e-01  -3.6079289e-01  -3.1236311e-04   3.7561457e-04
   7.6250000e-01   7.2600177e+00  -2.0896449e+00   8.6221414e-02   1.3927150e-02  -2.1977471e-01  -7.8038578e-01   2.5434478e-04   5.3380674e-04   4.4362426e-01  -4.3194185e-01  -2.9358240e-04   4.2194856e-04
   7.6500000e-01   7.1544212e+00  -2.1291639e+00   8.6919426e-02   1.3984880e-02  -2.5879398e-01  -7.3773813e-01   2.8103510e-04   4.9399979e-04   4.2202718e-01  -4.9936588e-01  -2.7248498e-04   4.6460284e-04
   7.6750000e-01   7.0470945e+00  -2.1660999e+00   8.7619833e-02   1.4033048e-02  -2.9568086e-01  -6.8931865e-01   3.0573507e-04   4.5073093e-04   3.9705890e-01  -5.6253270e-01  -2.4925486e-04   5.0325103e-04
   7.7000000e-01   6.9378865e+00  -2.1999587e+00   8.8322498e-02   1.4069948e-02  -3.3014677e-01  -6.3556049e-01   3.2827160e-04   4.0441947e-04   3.6893229e-01  -6.2095013e-01  -2.2409233e-04   5.3760788e-04
   7.7250000e-01   6.8271393e+00  -2.2310484e+00   8.9026679e-02   1.4096810e-02  -3.6192477e-01  -5.7693821e-01   3.4849256e-04   3.5550753e-04   3.3788480e-01  -6.7417165e-01  -1.9721195e-04   5.6743476e-04
   7.7500000e-01   6.7148356e+00  -2.2590261e+00   8.9731975e-02   1.4112495e-02  -3.9077166e-01  -5.1396383e-01   3.6626793e-04   3.0445657e-04   3.0417624e-01  -7.2179890e-01  -1.6884023e-04   5.9253952e-04
   7.7750000e-01   6.6013036e+00  -2.2842762e+00   9.0437780e-02   1.4118462e-02  -4.1646983e-01  -4.4718066e-01   3.8149075e-04   2.5174020e-04   2.6808632e-01  -7.6348565e-01  -1.3921328e-04   6.1277971e-04
   7.8000000e-01   6.4864804e+00  -2.3062844e+00   9.1143599e-02   1.4112966e-02  -4.3882885e-01  -3.7715922e-01   3.9407775e-04   1.9784126e-04   2.2991207e-01  -7.9893922e-01  -1.0857431e-04   6.2806134e-04
   7.8250000e-01   6.3706831e+00  -2.3254809e+00   9.1848910e-02   1.4097597e-02  -4.5768680e-01  -3.0449038e-01   4.0396980e-04   1.4324389e-04   1.8996513e-01  -8.2792330e-01  -7.7171268e-05   6.3834082e-04
   7.8500000e-01   6.2540115e+00  -2.3417849e+00   9.2553233e-02   1.4072126e-02  -4.7291130e-01  -2.2978046e-01   4.1113199e-04   8.8429684e-05   1.4856900e-01  -8.5025868e-01  -4.5254249e-05   6.4362345e-04
   7.8750000e-01   6.1365579e+00  -2.3549819e+00   9.3255915e-02   1.4035865e-02  -4.8440032e-01  -1.5364564e-01   4.1555347e-04   3.3872778e-05   1.0605609e-01  -8.6582403e-01  -1.3073100e-05   6.4396236e-04
   7.9000000e-01   6.0185381e+00  -2.3653844e+00   9.3956602e-02   1.3989941e-02  -4.9208260e-01  -7.6705682e-02   4.1724711e-04  -1.9966330e-05   6.2764923e-02  -8.7455610e-01   1.9124996e-05   6.3945731e-04
   7.9250000e-01   5.9000778e+00  -2.3730114e+00   9.4654836e-02   1.3934457e-02  -4.9591788e-01   4.2124104e-04   4.1624879e-04  -7.2644655e-05   1.9037149e-02  -8.7644920e-01   5.1097839e-05   6.3025212e-04
   7.9500000e-01   5.7812930e+00  -2.3776790e+00   9.5349885e-02   1.3868812e-02  -4.9589681e-01   7.7123863e-02   4.1261656e-04  -1.2374083e-04  -2.4785281e-02  -8.7155414e-01   8.2610423e-05   6.1653217e-04
   7.9750000e-01   5.6623485e+00  -2.3796251e+00   9.6041446e-02   1.3793848e-02  -4.9204062e-01   1.5280341e-01   4.0642953e-04  -1.7285977e-04  -6.8362957e-02  -8.5997673e-01   1.1343701e-04   5.9852124e-04
   8.0000000e-01   5.5433726e+00  -2.3789578e+00   9.6729156e-02   1.3709952e-02  -4.8440046e-01   2.2687842e-01   3.9778654e-04  -2.1963584e-04  -1.1136176e-01  -8.4187573e-01   1.4336305e-04   5.7647804e-04
   8.0250000e-01   5.4244966e+00  -2.3756154e+00   9.7412370e-02   1.3616927e-02  -4.7305655e-01   2.9878935e-01   3.8680476e-04  -2.6373583e-04  -1.5345552e-01  -8.1746040e-01   1.7218693e-04   5.5069245e-04
   8.0500000e-01   5.3058606e+00  -2.3696696e+00   9.8090597e-02   1.3515023e-02  -4.5811709e-01   3.6800304e-01   3.7361798e-04  -3.0486173e-04  -1.9432851e-01  -7.8698755e-01   1.9972153e-04   5.2148139e-04
   8.0750000e-01   5.1875681e+00  -2.3613480e+00   9.8763729e-02   1.3405018e-02  -4.3971695e-01   4.3401660e-01   3.5837490e-04  -3.4275267e-04  -2.3367786e-01  -7.5075832e-01   2.2579559e-04   4.8918462e-04
   8.1000000e-01   5.0697607e+00  -2.3505891e+00   9.9431040e-02   1.3286701e-02  -4.1801613e-01   4.9636104e-01   3.4123728e-04  -3.7718652e-04  -2.7121575e-01  -7.0911459e-01   2.5025480e-04   4.5416034e-04
   8.1250000e-01   4.9525636e+00  -2.3374961e+00   1.0009212e-01   1.3160412e-02  -3.9319810e-01   5.5460442e-01   3.2237797e-04  -4.0798098e-04  -3.0667146e-01  -6.6243513e-01   2.7296280e-04   4.1678068e-04
   8.1500000e-01   4.8360239e+00  -2.3223434e+00   1.0074714e-01   1.3027079e-02  -3.6546790e-01   6.0835438e-01   3.0197893e-04  -4.3499370e-04  -3.3979319e-01  -6.1113168e-01   2.9380182e-04   3.7742756e-04
   8.1750000e-01   4.7203748e+00  -2.3048935e+00   1.0139466e-01   1.2885871e-02  -3.3505020e-01   6.5726078e-01   2.8022926e-04  -4.5812312e-04  -3.7034975e-01  -5.5564435e-01   3.1267319e-04   3.3648762e-04
   8.2000000e-01   4.6055576e+00  -2.2856272e+00   1.0203565e-01   1.2738416e-02  -3.0218719e-01   7.0101696e-01   2.5732312e-04  -4.7730681e-04  -3.9813195e-01  -4.9643793e-01   3.2949755e-04   2.9434906e-04
   8.2250000e-01   4.4918630e+00  -2.2642631e+00   1.0266829e-01   1.2583719e-02  -2.6713636e-01   7.3936175e-01   2.3345780e-04  -4.9252194e-04  -4.2295383e-01  -4.3399660e-01   3.4421500e-04   2.5139599e-04
   8.2500000e-01   4.3791942e+00  -2.2412415e+00   1.0329366e-01   1.2423274e-02  -2.3016830e-01   7.7207967e-01   2.0883172e-04  -5.0378249e-04  -4.4465364e-01  -3.6882056e-01   3.5678479e-04   2.0800642e-04
   8.2750000e-01   4.2677452e+00  -2.2164947e+00   1.0391068e-01   1.2256815e-02  -1.9156434e-01   7.9900195e-01   1.8364261e-04  -5.1113863e-04  -4.6309466e-01  -3.0142078e-01   3.6718510e-04   1.6454710e-04
   8.3000000e-01   4.1576037e+00  -2.1901269e+00   1.0451904e-01   1.2084668e-02  -1.5161428e-01   8.2000637e-01   1.5808570e-04  -5.1467425e-04  -4.7816569e-01  -2.3231498e-01   3.7541245e-04   1.2137068e-04
   8.3250000e-01   4.0487101e+00  -2.1623938e+00   1.0511934e-01   1.1907697e-02  -1.1061399e-01   8.3501683e-01   1.3235201e-04  -5.1450431e-04  -4.8978143e-01  -1.6202391e-01   3.8148098e-04   7.8813773e-05
   8.3500000e-01   3.9413850e+00  -2.1331523e+00   1.0570976e-01   1.1725350e-02  -6.8863173e-02   8.4400299e-01   1.0662681e-04  -5.1077303e-04  -4.9788262e-01  -9.1065863e-02   3.8542167e-04   3.7191459e-05
   8.3750000e-01   3.8354330e+00  -2.1027479e+00   1.0629168e-01   1.1538816e-02  -2.6663053e-02   8.4697877e-01   8.1088176e-05  -5.0365023e-04  -5.0243591e-01  -1.9954712e-02   3.8728124e-04  -3.2011950e-06
   8.4000000e-01   3.7311258e+00  -2.0711174e+00   1.0686360e-01   1.1347818e-02   1.5685855e-02   8.4400128e-01   5.5905682e-05  -4.9332890e-04  -5.0343364e-01   5.0805664e-02   3.8712118e-04  -4.2094702e-05
   8.4250000e-01   3.6283544e+00  -2.0384790e+00   1.0742630e-01   1.1153101e-02   5.7885890e-02   8.3516908e-01   3.1239254e-05  -4.8002197e-04  -5.0089336e-01   1.2072335e-01   3.8501644e-04  -7.9243745e-05
   8.4500000e-01   3.5272856e+00  -2.0048646e+00   1.0797890e-01   1.0954728e-02   9.9644314e-02   8.2062018e-01   7.2381726e-06  -4.6395917e-04  -4.9485720e-01   1.8932280e-01   3.8105426e-04  -1.1443064e-04
   8.4750000e-01   3.4279022e+00  -1.9704069e+00   1.0852160e-01   1.0753137e-02   1.4067529e-01   8.0052998e-01  -1.5959770e-05  -4.4538397e-04  -4.8539106e-01   2.5614708e-01   3.7533273e-04  -1.4746467e-04
   8.5000000e-01   3.3302348e+00  -1.9352086e+00   1.0905430e-01   1.0548660e-02   1.8070177e-01   7.7510892e-01  -3.8228953e-05  -4.2455048e-04  -4.7258372e-01   3.2076083e-01   3.6795950e-04  -1.7818306e-04
   8.5250000e-01   3.2344117e+00  -1.8993274e+00   1.0957631e-01   1.0341450e-02   2.1945718e-01   7.4459979e-01  -5.9456461e-05  -4.0172003e-04  -4.5654569e-01   3.8275312e-01   3.5905036e-04  -2.0645185e-04
   8.5500000e-01   3.1402511e+00  -1.8629250e+00   1.1008875e-01   1.0132089e-02   2.5668715e-01   7.0927562e-01  -7.9542449e-05  -3.7715937e-04  -4.3740805e-01   4.4173842e-01   3.4872777e-04  -2.3216334e-04
   8.5750000e-01   3.0481374e+00  -1.8259929e+00   1.1058943e-01   9.9204483e-03   2.9215090e-01   6.6943570e-01  -9.8400404e-05  -3.5113535e-04  -4.1532114e-01   4.9736071e-01   3.3711961e-04  -2.5524008e-04
   8.6000000e-01   2.9577510e+00  -1.7887022e+00   1.1108023e-01   9.7071762e-03   3.2562267e-01   6.2540439e-01  -1.1595716e-04  -3.2391548e-04  -3.9045312e-01   5.4929243e-01   3.2435762e-04  -2.7562867e-04
   8.6250000e-01   2.8691657e+00  -1.7511141e+00   1.1156073e-01   9.4924569e-03   3.5689286e-01   5.7752732e-01  -1.3215292e-04  -2.9576369e-04  -3.6298852e-01   5.9723731e-01   3.1057619e-04  -2.9330196e-04
   8.6500000e-01   2.7826500e+00  -1.7132783e+00   1.1202942e-01   9.2763882e-03   3.8576921e-01   5.2616768e-01  -1.4694110e-04  -2.6693638e-04  -3.3312668e-01   6.4093213e-01   2.9591111e-04  -3.0825899e-04
   8.6750000e-01   2.6979859e+00  -1.6753000e+00   1.1248753e-01   9.0593776e-03   4.1207757e-01   4.7170488e-01  -1.6028791e-04  -2.3768354e-04  -3.0108009e-01   6.8014581e-01   2.8049817e-04  -3.2052035e-04
   8.7000000e-01   2.6151466e+00  -1.6372472e+00   1.1293520e-01   8.8416610e-03   4.3566280e-01   4.1453112e-01  -1.7217207e-04  -2.0824571e-04  -2.6707283e-01   7.1468073e-01   2.6447216e-04  -3.3012810e-04
   8.7250000e-01   2.5341391e+00  -1.5991813e+00   1.1337239e-01   8.6234452e-03   4.5638934e-01   3.5504832e-01  -1.8258435e-04  -1.7885200e-04  -2.3133881e-01   7.4437321e-01   2.4796577e-04  -3.3714441e-04
   8.7500000e-01   2.4551936e+00  -1.5611740e+00   1.1379773e-01   8.4049187e-03   4.7414175e-01   2.9366428e-01  -1.9152695e-04  -1.4971660e-04  -1.9412018e-01   7.6909396e-01   2.3110856e-04  -3.4165058e-04
   8.7750000e-01   2.3781178e+00  -1.5232826e+00   1.1421231e-01   8.1863265e-03   4.8882495e-01   2.3079177e-01  -1.9901277e-04  -1.2104120e-04  -1.5566551e-01   7.8874702e-01   2.1402604e-04  -3.4374331e-04
   8.8000000e-01   2.3028376e+00  -1.4855545e+00   1.1461651e-01   7.9678531e-03   5.0036453e-01   1.6684538e-01  -2.0506483e-04  -9.3013049e-05  -1.1622818e-01   8.0326984e-01   1.9683889e-04  -3.4353363e-04
   8.8250000e-01   2.2295064e+00  -1.4480602e+00   1.1500940e-01   7.7497081e-03   5.0870679e-01   1.0223779e-01  -2.0971548e-04  -6.5801957e-05  -7.6064721e-02   8.1263297e-01   1.7966222e-04  -3.4114557e-04
   8.8500000e-01   2.1580806e+00  -1.4108477e+00   1.1539118e-01   7.5320738e-03   5.1381868e-01   3.7378288e-02  -2.1300557e-04  -3.9561568e-05  -3.5433101e-02   8.1683911e-01   1.6260495e-04  -3.3671355e-04
   8.8750000e-01   2.0883806e+00  -1.3739344e+00   1.1576284e-01   7.3150609e-03   5.1568759e-01  -2.7328906e-02  -2.1498365e-04  -1.4430444e-05   5.4088255e-03   8.1592224e-01   1.4576929e-04  -3.3038071e-04
   8.9000000e-01   2.0206572e+00  -1.3374136e+00   1.1612283e-01   7.0989428e-03   5.1432115e-01  -9.1489115e-02  -2.1570517e-04   9.4725979e-06   4.6204909e-02   8.0994670e-01   1.2925026e-04  -3.2229712e-04
   8.9250000e-01   1.9547024e+00  -1.3012868e+00   1.1647233e-01   6.8837836e-03   5.0974670e-01  -1.5471691e-01  -2.1523154e-04   3.2043694e-05   8.6702216e-02   7.9900597e-01   1.1313542e-04  -3.1261800e-04
   8.9500000e-01   1.8904399e+00  -1.2655731e+00   1.1681172e-01   6.6696794e-03   5.0201086e-01  -2.1663878e-01  -2.1362936e-04   5.3195181e-05   1.2665249e-01   7.8322158e-01   9.7504529e-05  -3.0150224e-04
   8.9750000e-01   1.8281417e+00  -1.2303825e+00   1.1713929e-01   6.4569673e-03   4.9117892e-01  -2.7689683e-01  -2.1096960e-04   7.2858883e-05   1.6581354e-01   7.6274116e-01   8.2429428e-05  -2.8910980e-04
   9.0000000e-01   1.7674642e+00  -1.1956581e+00   1.1745702e-01   6.2455388e-03   4.7733409e-01  -3.3514719e-01  -2.0732666e-04   9.0979276e-05   2.0395057e-01   7.3773785e-01   6.7973948e-05  -2.7560185e-04
   9.0250000e-01   1.7085121e+00  -1.1614623e+00   1.1776420e-01   6.0356063e-03   4.6057674e-01  -3.9106401e-01  -2.0277770e-04   1.0751759e-04   2.4083744e-01   7.0840807e-01   5.4193866e-05  -2.6113809e-04
   9.0500000e-01   1.6513414e+00  -1.1278461e+00   1.1806040e-01   5.8273567e-03   4.4102356e-01  -4.4434052e-01  -1.9740182e-04   1.2245052e-04   2.7625781e-01   6.7496983e-01   4.1136970e-05  -2.4587533e-04
   9.0750000e-01   1.5957261e+00  -1.0947641e+00   1.1834692e-01   5.6206931e-03   4.1880655e-01  -4.9468896e-01  -1.9127930e-04   1.3576681e-04   3.1000628e-01   6.3766186e-01   2.8843213e-05  -2.2996791e-04
   9.1000000e-01   1.5418143e+00  -1.0622960e+00   1.1862275e-01   5.4158902e-03   3.9407212e-01  -5.4184352e-01  -1.8449096e-04   1.4746993e-04   3.4188935e-01   5.9674073e-01   1.7344825e-05  -2.1356446e-04
   9.1250000e-01   1.4895402e+00  -1.0304455e+00   1.1888820e-01   5.2129962e-03   3.6697996e-01  -5.8556027e-01  -1.7711747e-04   1.5757514e-04   3.7172637e-01   5.5247972e-01   6.6666097e-06  -1.9680820e-04
   9.1500000e-01   1.4387512e+00  -9.9917813e-01   1.1914414e-01   5.0119362e-03   3.3770197e-01  -6.2561776e-01  -1.6923872e-04   1.6610796e-04   3.9935033e-01   5.0516742e-01  -3.1737936e-06  -1.7983693e-04
   9.1750000e-01   1.3895652e+00  -9.6856412e-01   1.1938972e-01   4.8129663e-03   3.0642110e-01  -6.6181876e-01  -1.6093333e-04   1.7310530e-04   4.2460869e-01   4.5510476e-01  -1.2165634e-05  -1.6278012e-04
   9.2000000e-01   1.3419379e+00  -9.3860852e-01   1.1962512e-01   4.6161382e-03   2.7333019e-01  -6.9399015e-01  -1.5227807e-04   1.7861311e-04   4.4736391e-01   4.0260381e-01  -2.0304634e-05  -1.4575960e-04
   9.2250000e-01   1.2957207e+00  -9.0926796e-01   1.1985120e-01   4.4213424e-03   2.3863070e-01  -7.2198316e-01  -1.4334742e-04   1.8268485e-04   4.6749409e-01   3.4798644e-01  -2.7592609e-05  -1.2889014e-04
   9.2500000e-01   1.2509086e+00  -8.8055785e-01   1.2006790e-01   4.2286599e-03   2.0253157e-01  -7.4567413e-01  -1.3421319e-04   1.8538149e-04   4.8489340e-01   2.9158187e-01  -3.4037112e-05  -1.1227782e-04
   9.2750000e-01   1.2076618e+00  -8.5257077e-01   1.2027404e-01   4.0384394e-03   1.6524789e-01  -7.6496499e-01  -1.2494412e-04   1.8677099e-04   4.9947248e-01   2.3372380e-01  -3.9650999e-05  -9.6017802e-05
   9.3000000e-01   1.1657450e+00  -8.2521516e-01   1.2047108e-01   3.8504026e-03   1.2699967e-01  -7.7978243e-01  -1.1560557e-04   1.8692562e-04   5.1115866e-01   1.7475078e-01  -4.4451886e-05  -8.0198498e-05
   9.3250000e-01   1.1251241e+00  -7.9848894e-01   1.2065916e-01   3.6645718e-03   8.8010574e-02  -7.9007840e-01  -1.0625930e-04   1.8592206e-04   5.1989619e-01   1.1500333e-01  -4.8461808e-05  -6.4899337e-05
   9.3500000e-01   1.0857810e+00  -7.7239666e-01   1.2083831e-01   3.4809930e-03   4.8506681e-02  -7.9582998e-01  -9.6963204e-05   1.8384053e-04   5.2564636e-01   5.4822067e-02  -5.1706772e-05  -5.0190581e-05
   9.3750000e-01   1.0478690e+00  -7.4703063e-01   1.2100732e-01   3.3000334e-03   8.7152102e-03  -7.9703903e-01  -8.7771183e-05   1.8076390e-04   5.2838746e-01  -5.4550649e-03  -5.4216300e-05  -3.6131375e-05
   9.4000000e-01   1.0111712e+00  -7.2229399e-01   1.2116761e-01   3.1213781e-03  -3.1136713e-02  -7.9373167e-01  -7.8732995e-05   1.7677644e-04   5.2811471e-01  -6.5492271e-02  -5.6022867e-05  -2.2774267e-05
   9.4250000e-01   9.7566958e-01  -6.9818865e-01   1.2131920e-01   2.9450654e-03  -7.0823269e-02  -7.8595789e-01  -6.9894179e-05   1.7196338e-04   5.2484009e-01  -1.2495874e-01  -5.7161580e-05  -1.0163085e-05
   9.4500000e-01   9.4133396e-01  -6.7470911e-01   1.2146221e-01   2.7711067e-03  -1.1012114e-01  -7.7379102e-01  -6.1296016e-05   1.6641022e-04   5.1859216e-01  -1.8353017e-01  -5.7669733e-05   1.6666497e-06
   9.4750000e-01   9.0815671e-01  -6.5186147e-01   1.2159659e-01   2.5995578e-03  -1.4881066e-01  -7.5732695e-01  -5.2975511e-05   1.6020189e-04   5.0941566e-01  -2.4089041e-01  -5.7586401e-05   1.2687664e-05
   9.5000000e-01   8.7609033e-01  -6.2962921e-01   1.2172257e-01   2.4303886e-03  -1.8667698e-01  -7.3668341e-01  -4.4965422e-05   1.5342230e-04   4.9737115e-01  -2.9673276e-01  -5.6952018e-05   2.2880100e-05
   9.5250000e-01   8.4511314e-01  -6.0800903e-01   1.2184021e-01   2.2636195e-03  -2.2351112e-01  -7.1199909e-01  -3.7294312e-05   1.4615364e-04   4.8253452e-01  -3.5076144e-01  -5.5808014e-05   3.2231413e-05
   9.5500000e-01   8.1528054e-01  -5.8704154e-01   1.2194895e-01   2.0994485e-03  -2.5911105e-01  -6.8343242e-01  -2.9986635e-05   1.3847544e-04   4.6499646e-01  -4.0269341e-01  -5.4196445e-05   4.0736744e-05
   9.5750000e-01   7.8644416e-01  -5.6664973e-01   1.2204984e-01   1.9376030e-03  -2.9328265e-01  -6.5116112e-01  -2.3062868e-05   1.3046520e-04   4.4486180e-01  -4.5225848e-01  -5.2159609e-05   4.8396245e-05
   9.6000000e-01   7.5861248e-01  -5.4684541e-01   1.2214270e-01   1.7781643e-03  -3.2584068e-01  -6.1538068e-01  -1.6539612e-05   1.2219721e-04   4.2224890e-01  -4.9920133e-01  -4.9739798e-05   5.5216339e-05
   9.6250000e-01   7.3175638e-01  -5.2761810e-01   1.2222764e-01   1.6211238e-03  -3.5660970e-01  -5.7630334e-01  -1.0429756e-05   1.1374242e-04   3.9728885e-01  -5.4328247e-01  -4.6978983e-05   6.1208823e-05
   9.6500000e-01   7.0585483e-01  -5.0896155e-01   1.2230473e-01   1.4664909e-03  -3.8542484e-01  -5.3415682e-01  -4.7426389e-06   1.0516807e-04   3.7012474e-01  -5.8427922e-01  -4.3918544e-05   6.6390452e-05
   9.6750000e-01   6.8081196e-01  -4.9082317e-01   1.2237467e-01   1.3140732e-03  -4.1213267e-01  -4.8918337e-01   5.1576075e-07   9.6538166e-05   3.4091080e-01  -6.2198640e-01  -4.0599024e-05   7.0781843e-05
   9.7000000e-01   6.5676771e-01  -4.7329365e-01   1.2243614e-01   1.1643004e-03  -4.3659182e-01  -4.4163734e-01   5.3426656e-06   8.7911110e-05   3.0981150e-01  -6.5621803e-01  -3.7059934e-05   7.4408863e-05
   9.7250000e-01   6.3357047e-01  -4.5628568e-01   1.2249031e-01   1.0168316e-03  -4.5867367e-01  -3.9178522e-01   9.7382181e-06   7.9342269e-05   2.7700063e-01  -6.8680699e-01  -3.3339494e-05   7.7299794e-05
   9.7500000e-01   6.1119549e-01  -4.3978802e-01   1.2253729e-01   8.7165027e-04  -4.7826292e-01  -3.3990362e-01   1.3705329e-05   7.0882761e-05   2.4266030e-01  -7.1360612e-01  -2.9474507e-05   7.9485953e-05
   9.7750000e-01   5.8963144e-01  -4.2379745e-01   1.2257708e-01   7.2877608e-04  -4.9525808e-01  -2.8627774e-01   1.7249464e-05   6.2579242e-05   2.0698002e-01  -7.3648887e-01  -2.5500212e-05   8.1001304e-05
   9.8000000e-01   5.6881947e-01  -4.0828038e-01   1.2261010e-01   5.8808815e-04  -5.0957196e-01  -2.3120023e-01   2.0378424e-05   5.4474439e-05   1.7015560e-01  -7.5534962e-01  -2.1450150e-05   8.1881788e-05
   9.8250000e-01   5.4874675e-01  -3.9323161e-01   1.2263637e-01   4.4959299e-04  -5.2113197e-01  -1.7496937e-01   2.3102144e-05   4.6606653e-05   1.3238815e-01  -7.7010415e-01  -1.7356063e-05   8.2165164e-05
   9.8500000e-01   5.2939201e-01  -3.7864033e-01   1.2265600e-01   3.1327123e-04  -5.2988043e-01  -1.1788766e-01   2.5432475e-05   3.9009901e-05   9.3882967e-02  -7.8068990e-01  -1.3247808e-05   8.1890553e-05
   9.8750000e-01   5.1084392e-01  -3.6456639e-01   1.2266802e-01   1.7945105e-04  -5.3577481e-01  -6.0259591e-02   2.7382969e-05   3.1712632e-05   5.4848499e-02  -7.8706617e-01  -9.1532830e-06   8.1098195e-05
   9.9000000e-01   4.9301337e-01  -3.5095555e-01   1.2267316e-01   4.7913627e-05  -5.3878778e-01  -2.3912584e-03   2.8968599e-05   2.4740039e-05   1.5495218e-02  -7.8921397e-01  -5.0983761e-06   7.9828622e-05
   9.9250000e-01   4.7581829e-01  -3.3775678e-01   1.2267210e-01  -8.1559261e-05  -5.3890735e-01   5.5411192e-02   3.0205600e-05   1.8114134e-05  -2.3965452e-02  -7.8713603e-01  -1.1069478e-06   7.8122569e-05
   9.9500000e-01   4.5924231e-01  -3.2496095e-01   1.2266493e-01  -2.0898402e-04  -5.3613679e-01   1.1284346e-01   3.1111307e-05   1.1853070e-05  -6.3322226e-02  -7.8085680e-01   2.7991779e-06   7.6020800e-05
   9.9750000e-01   4.4326789e-01  -3.1255805e-01   1.2265172e-01  -3.3438218e-04  -5.3049462e-01   1.6960460e-01   3.1703960e-05   5.9713165e-06  -1.0236504e-01  -7.7042214e-01   6.6002152e-06   7.3563808e-05
   1.0000000e+00   4.2787787e-01  -3.0053809e-01   1.2263257e-01  -4.5777560e-04  -5.2201440e-01   2.2539842e-01   3.2002525e-05   4.7983407e-07  -1.4088612e-01  -7.5589898e-01   1.0278403e-05   7.0791552e-05
