   0.0000000e+00   4.2787787e-01  -3.0053809e-01   1.2263257e-01  -4.5777560e-04   2.5052269e-01  -7.3102857e-01  -3.0598287e-05   3.9068415e-05   3.9886697e-01   4.2034848e-01  -1.8715913e-05  -3.2897897e-05
   2.5000000e-03   4.1324398e-01  -2.8901554e-01   1.2260558e-01  -5.7850856e-04   2.1397129e-01  -7.6567394e-01  -2.8644867e-05   4.0504240e-05   4.1988438e-01   3.5325927e-01  -2.0360807e-05  -2.8125507e-05
   5.0000000e-03   3.9910284e-01  -2.7781823e-01   1.2257337e-01  -6.9746231e-04   1.7568762e-01  -7.9417451e-01  -2.6619657e-05   4.1472663e-05   4.3754733e-01   2.8338550e-01  -2.1767081e-05  -2.3412651e-05
   7.5000000e-03   3.8544471e-01  -2.6694008e-01   1.2253599e-01  -8.1465149e-04   1.3597892e-01  -8.1631377e-01  -2.4546025e-05   4.1996662e-05   4.5171659e-01   2.1128716e-01  -2.2937713e-05  -1.8797644e-05
   1.0000000e-02   3.7230350e-01  -2.5640402e-01   1.2249302e-01  -9.2992428e-04   9.5163261e-02  -8.3192587e-01  -2.2446193e-05   4.2101788e-05   4.6228094e-01   1.3754007e-01  -2.3877594e-05  -1.4314777e-05
   1.2500000e-02   3.5981620e-01  -2.4630150e-01   1.2244282e-01  -1.0427090e-03   5.3566997e-02  -8.4089668e-01  -2.0341105e-05   4.1815701e-05   4.6915794e-01   6.2730800e-02  -2.4593333e-05  -9.9930890e-06
   1.5000000e-02   3.4779948e-01  -2.3651126e-01   1.2238731e-01  -1.1536584e-03   1.1522192e-02  -8.4316426e-01  -1.8250322e-05   4.1167084e-05   4.7229448e-01  -1.2546146e-02  -2.5092987e-05  -5.8598635e-06
   1.7500000e-02   3.3608794e-01  -2.2692358e-01   1.2232834e-01  -1.2634145e-03  -3.0635991e-02  -8.3871942e-01  -1.6191969e-05   4.0185917e-05   4.7166717e-01  -8.7693030e-02  -2.5385980e-05  -1.9404980e-06
   2.0000000e-02   3.2510227e-01  -2.1781768e-01   1.2226095e-01  -1.3702507e-03  -7.2571932e-02  -8.2760555e-01  -1.4182675e-05   3.8902717e-05   4.6728252e-01  -1.6211675e-01  -2.5483005e-05   1.7479050e-06
   2.2500000e-02   3.1438654e-01  -2.0889078e-01   1.2219036e-01  -1.4759724e-03  -1.1395218e-01  -8.0991839e-01  -1.2237540e-05   3.7348849e-05   4.5917669e-01  -2.3522856e-01  -2.5395609e-05   5.1867593e-06
   2.5000000e-02   3.0415388e-01  -2.0028416e-01   1.2211403e-01  -1.5796926e-03  -1.5444807e-01  -7.8580487e-01  -1.0370099e-05   3.5555493e-05   4.4741527e-01  -3.0645230e-01  -2.5136272e-05   8.3632768e-06
   2.7500000e-02   2.9439935e-01  -1.9199378e-01   1.2203186e-01  -1.6813734e-03  -1.9373829e-01  -7.5546190e-01  -8.5923255e-06   3.3553498e-05   4.3209267e-01  -3.7522762e-01  -2.4718108e-05   1.1267856e-05
   3.0000000e-02   2.8489282e-01  -1.8386733e-01   1.2194665e-01  -1.7819912e-03  -2.3151136e-01  -7.1913537e-01  -6.9146518e-06   3.1374316e-05   4.1333130e-01  -4.4101315e-01  -2.4154716e-05   1.3891722e-05
   3.2500000e-02   2.7594118e-01  -1.7610660e-01   1.2185451e-01  -1.8801777e-03  -2.6746810e-01  -6.7711679e-01  -5.3459371e-06   2.9047156e-05   3.9128066e-01  -5.0329331e-01  -2.3460130e-05   1.6232097e-05
   3.5000000e-02   2.6735198e-01  -1.6858366e-01   1.2175773e-01  -1.9767358e-03  -3.0132391e-01  -6.2974227e-01  -3.8935804e-06   2.6601250e-05   3.6611601e-01  -5.6157979e-01  -2.2648526e-05   1.8287029e-05
   3.7500000e-02   2.5907919e-01  -1.6126779e-01   1.2165686e-01  -2.0718563e-03  -3.3281101e-01  -5.7738947e-01  -2.5635188e-06   2.4065106e-05   3.3803704e-01  -6.1541605e-01  -2.1734175e-05   2.0056787e-05
   4.0000000e-02   2.5115402e-01  -1.5417875e-01   1.2155146e-01  -2.1653787e-03  -3.6168046e-01  -5.2047441e-01  -1.3602643e-06   2.1465788e-05   3.0726626e-01  -6.6438111e-01  -2.0731336e-05   2.1544324e-05
   4.2500000e-02   2.4367171e-01  -1.4737682e-01   1.2144015e-01  -2.2568188e-03  -3.8770416e-01  -4.5944781e-01  -2.8697567e-07   1.8828088e-05   2.7404723e-01  -7.0809295e-01  -1.9654121e-05   2.2755356e-05
   4.5000000e-02   2.3647297e-01  -1.4075749e-01   1.2132499e-01  -2.3468997e-03  -4.1067654e-01  -3.9479266e-01   6.5442804e-07   1.6176634e-05   2.3864260e-01  -7.4621046e-01  -1.8516354e-05   2.3696394e-05
   4.7500000e-02   2.2955649e-01  -1.3431931e-01   1.2120598e-01  -2.4356167e-03  -4.3041616e-01  -3.2701980e-01   1.4632592e-06   1.3534526e-05   2.0133211e-01  -7.7843671e-01  -1.7331535e-05   2.4375781e-05
   5.0000000e-02   2.2300428e-01  -1.2811335e-01   1.2108192e-01  -2.5225454e-03  -4.4676713e-01  -2.5666350e-01   2.1399850e-06   1.0922371e-05   1.6241030e-01  -8.0452129e-01  -1.6112747e-05   2.4803789e-05
   5.2500000e-02   2.1678182e-01  -1.2211542e-01   1.2095319e-01  -2.6078214e-03  -4.5960030e-01  -1.8427784e-01   2.6861032e-06   8.3593749e-06   1.2218426e-01  -8.2426187e-01  -1.4872558e-05   2.4991749e-05
   5.5000000e-02   2.1081298e-01  -1.1627625e-01   1.2082083e-01  -2.6918097e-03  -4.6881419e-01  -1.1043270e-01   3.1040716e-06   5.8638098e-06   8.0971199e-02  -8.3750574e-01  -1.3622972e-05   2.4951875e-05
   5.7500000e-02   2.0509356e-01  -1.1059246e-01   1.2068487e-01  -2.7745214e-03  -4.7433582e-01  -3.5708885e-02   3.3972619e-06   3.4522556e-06   3.9095942e-02  -8.4415110e-01  -1.2375379e-05   2.4697412e-05
   6.0000000e-02   1.9974629e-01  -1.0513754e-01   1.2054346e-01  -2.8552933e-03  -4.7612126e-01   3.9307038e-02   3.5698746e-06   1.1381915e-06  -3.1115836e-03  -8.4414777e-01  -1.1140509e-05   2.4242437e-05
   6.2500000e-02   1.9463683e-01  -9.9826638e-02   1.2039849e-01  -2.9348024e-03  -4.7415591e-01   1.1402587e-01   3.6267841e-06  -1.0651306e-06  -4.5318942e-02  -8.3749745e-01  -9.9283881e-06   2.3601456e-05
   6.5000000e-02   1.8974682e-01  -9.4647781e-02   1.2025022e-01  -3.0131381e-03  -4.6845462e-01   1.8786101e-01   3.5735276e-06  -3.1459505e-06  -8.7193785e-02  -8.2425377e-01  -8.7483161e-06   2.2789510e-05
   6.7500000e-02   1.8513488e-01  -8.9634403e-02   1.2009772e-01  -3.0899702e-03  -4.5906158e-01   2.6023339e-01   3.4162302e-06  -5.0947944e-06  -1.2840644e-01  -8.0452175e-01  -7.6088414e-06   2.1821848e-05
   7.0000000e-02   1.8080654e-01  -8.4786533e-02   1.1994085e-01  -3.1652425e-03  -4.4604991e-01   3.3057566e-01   3.1614907e-06  -6.9038002e-06  -1.6863250e-01  -7.7845695e-01  -6.5177498e-06   2.0713757e-05
   7.2500000e-02   1.7667920e-01  -8.0054188e-02   1.1978083e-01  -3.2393967e-03  -4.2952114e-01   3.9833614e-01   2.8163009e-06  -8.5657510e-06  -2.0755532e-01  -7.4626443e-01  -5.4820627e-06   1.9480824e-05
   7.5000000e-02   1.7274798e-01  -7.5433803e-02   1.1961774e-01  -3.3124546e-03  -4.0960435e-01   4.6298347e-01   2.3880136e-06  -1.0074876e-05  -2.4486852e-01  -7.0819704e-01  -4.5080222e-06   1.8138661e-05
   7.7500000e-02   1.6913479e-01  -7.0990538e-02   1.1944958e-01  -3.3837072e-03  -3.8645519e-01   5.2401135e-01   1.8842702e-06  -1.1427916e-05  -2.8027835e-01  -6.6455301e-01  -3.6010898e-06   1.6701981e-05
   8.0000000e-02   1.6569748e-01  -6.6642656e-02   1.1927858e-01  -3.4539479e-03  -3.6025464e-01   5.8094117e-01   1.3128748e-06  -1.2621544e-05  -3.1350597e-01  -6.1567443e-01  -2.7659913e-06   1.5186026e-05
   8.2500000e-02   1.6243459e-01  -6.2388776e-02   1.1910476e-01  -3.5231820e-03  -3.3120761e-01   6.3332642e-01   6.8179806e-07  -1.3653713e-05  -3.4428967e-01  -5.6194418e-01  -2.0066905e-06   1.3605786e-05
   8.5000000e-02   1.5944428e-01  -5.8278058e-02   1.1892648e-01  -3.5908261e-03  -2.9954131e-01   6.8075650e-01  -8.8713393e-10  -1.4524263e-05  -3.7238686e-01  -5.0378258e-01  -1.3264017e-06   1.1975068e-05
   8.7500000e-02   1.5664546e-01  -5.4264500e-02   1.1874503e-01  -3.6573401e-03  -2.6550351e-01   7.2285918e-01  -7.2709979e-07  -1.5233425e-05  -3.9757597e-01  -4.4164473e-01  -7.2764872e-07   1.0307830e-05
   9.0000000e-02   1.5400466e-01  -5.0330026e-02   1.1856096e-01  -3.7229179e-03  -2.2936057e-01   7.5930376e-01  -1.4887705e-06  -1.5782244e-05  -4.1965819e-01  -3.7601692e-01  -2.1225759e-07   8.6178580e-06
   9.2500000e-02   1.5158871e-01  -4.6505362e-02   1.1837313e-01  -3.7871549e-03  -1.9139541e-01   7.8980383e-01  -2.2778822e-06  -1.6173043e-05  -4.3845903e-01  -3.0741233e-01   2.1863501e-07   6.9177663e-06
   9.5000000e-02   1.4937815e-01  -4.2776805e-02   1.1818183e-01  -3.8501562e-03  -1.5190525e-01   8.1411932e-01  -3.0865337e-06  -1.6408802e-05  -4.5382963e-01  -2.3636746e-01   5.6452308e-07   5.2197616e-06
   9.7500000e-02   1.4731450e-01  -3.9115281e-02   1.1798805e-01  -3.9122701e-03  -1.1119931e-01   8.3205823e-01  -3.9069732e-06  -1.6493042e-05  -4.6564800e-01  -1.6343818e-01   8.2551098e-07   3.5360649e-06
   1.0000000e-01   1.4543557e-01  -3.5536191e-02   1.1779113e-01  -3.9732646e-03  -6.9596428e-02   8.4347841e-01  -4.7316247e-06  -1.6430121e-05  -4.7381990e-01  -8.9194942e-02   1.0023141e-06   1.8779018e-06
   1.0250000e-01   1.4377643e-01  -3.2050112e-02   1.1759045e-01  -4.0329196e-03  -2.7422538e-02   8.4828851e-01  -5.5531302e-06  -1.6225016e-05  -4.7827964e-01  -1.4218321e-02   1.0962091e-06   2.5549963e-07
   1.0500000e-01   1.4224804e-01  -2.8617119e-02   1.1738754e-01  -4.0917755e-03   1.4991858e-02   8.4644868e-01  -6.3643804e-06  -1.5883158e-05  -4.7899056e-01   6.0904775e-02   1.1089841e-06  -1.3205629e-06
   1.0750000e-01   1.4088258e-01  -2.5249074e-02   1.1718183e-01  -4.1496347e-03   5.7314262e-02   8.3797097e-01  -7.1585378e-06  -1.5410559e-05  -4.7594532e-01   1.3558634e-01   1.0429560e-06  -2.8406794e-06
   1.1000000e-01   1.3973242e-01  -2.1961265e-02   1.1697241e-01  -4.2061740e-03   9.9212781e-02   8.2291918e-01  -7.9290652e-06  -1.4813581e-05  -4.6916601e-01   2.0924194e-01   9.0092213e-07  -4.2964161e-06
   1.1250000e-01   1.3870614e-01  -1.8717131e-02   1.1676087e-01  -4.2619539e-03   1.4035871e-01   8.0140849e-01  -8.6697437e-06  -1.4099148e-05  -4.5870392e-01   2.8129446e-01   6.8610148e-07  -5.6789614e-06
   1.1500000e-01   1.3782863e-01  -1.5524404e-02   1.1654677e-01  -4.3168218e-03   1.8042911e-01   7.7360449e-01  -9.3747006e-06  -1.3274561e-05  -4.4463921e-01   3.5117925e-01   4.0215361e-07  -6.9803912e-06
   1.1750000e-01   1.3716456e-01  -1.2399342e-02   1.1632901e-01  -4.3703842e-03   2.1910931e-01   7.3972182e-01  -1.0038428e-05  -1.2347168e-05  -4.2708026e-01   4.1834865e-01   5.3134292e-08  -8.1940103e-06
   1.2000000e-01   1.3660947e-01  -9.3063421e-03   1.1610938e-01  -4.4232822e-03   2.5609537e-01   7.0002283e-01  -1.0655786e-05  -1.1325089e-05  -4.0616284e-01   4.8227547e-01  -3.5656593e-07  -9.3126749e-06
   1.2250000e-01   1.3620856e-01  -6.2576179e-03   1.1588711e-01  -4.4752414e-03   2.9109649e-01   6.5481533e-01  -1.1222040e-05  -1.0216539e-05  -3.8204908e-01   5.4245779e-01  -8.2219935e-07  -1.0330283e-05
   1.2500000e-01   1.3599595e-01  -3.2571141e-03   1.1566165e-01  -4.5260616e-03   3.2383723e-01   6.0445010e-01  -1.1732867e-05  -9.0297438e-06  -3.5492621e-01   5.9842282e-01  -1.3387132e-06  -1.1241579e-05
   1.2750000e-01   1.3588878e-01  -2.8166710e-04   1.1543441e-01  -4.5762475e-03   3.5405971e-01   5.4931865e-01  -1.2184354e-05  -7.7737469e-06  -3.2500509e-01   6.4973009e-01  -1.9007917e-06  -1.2041197e-05
   1.3000000e-01   1.3594899e-01   2.6562525e-03   1.1520435e-01  -4.6254305e-03   3.8152563e-01   4.8984970e-01  -1.2573041e-05  -6.4573678e-06  -2.9251861e-01   6.9597549e-01  -2.5028511e-06  -1.2724845e-05
   1.3250000e-01   1.3617604e-01   5.5622644e-03   1.1497152e-01  -4.6736256e-03   4.0601809e-01   4.2650605e-01  -1.2895909e-05  -5.0896029e-06  -2.5771986e-01   7.3679415e-01  -3.1390929e-06  -1.3288751e-05
   1.3500000e-01   1.3649203e-01   8.4521406e-03   1.1473721e-01  -4.7212964e-03   4.2734338e-01   3.5978138e-01  -1.3150389e-05  -3.6803490e-06  -2.2088018e-01   7.7186315e-01  -3.8035300e-06  -1.3729286e-05
   1.3750000e-01   1.3701431e-01   1.1309559e-02   1.1449952e-01  -4.7677636e-03   4.4533244e-01   2.9019555e-01  -1.3334406e-05  -2.2385830e-06  -1.8228705e-01   8.0090453e-01  -4.4899938e-06  -1.4044020e-05
   1.4000000e-01   1.3765056e-01   1.4153001e-02   1.1425999e-01  -4.8135778e-03   4.5984221e-01   2.1829153e-01  -1.3446335e-05  -7.7432124e-07  -1.4224185e-01   8.2368697e-01  -5.1921943e-06  -1.4230659e-05
   1.4250000e-01   1.3840230e-01   1.6982279e-02   1.1401860e-01  -4.8587301e-03   4.7075677e-01   1.4463080e-01  -1.3485051e-05   7.0227332e-07  -1.0105753e-01   8.4002794e-01  -5.9037267e-06  -1.4287589e-05
   1.4500000e-01   1.3935477e-01   1.9793913e-02   1.1377404e-01  -4.9027553e-03   4.7798831e-01   6.9788507e-02  -1.3449938e-05   2.1818012e-06  -5.9056165e-02   8.4979512e-01  -6.6181057e-06  -1.4214001e-05
   1.4750000e-01   1.4039665e-01   2.2599901e-02   1.1352809e-01  -4.9462869e-03   4.8147773e-01  -5.6499335e-03  -1.3340848e-05   3.6535922e-06  -1.6566438e-02   8.5290738e-01  -7.3288052e-06  -1.4009508e-05
   1.5000000e-01   1.4160962e-01   2.5396895e-02   1.1327951e-01  -4.9888807e-03   4.8119524e-01  -8.1094431e-02  -1.3158168e-05   5.1077588e-06   2.6078901e-02   8.4933551e-01  -8.0292802e-06  -1.3674472e-05
   1.5250000e-01   1.4295399e-01   2.8191669e-02   1.1302895e-01  -5.0307735e-03   4.7714052e-01  -1.5595415e-01  -1.2902780e-05   6.5339347e-06   6.8545646e-02   8.3910252e-01  -8.7130033e-06  -1.3209898e-05
   1.5500000e-01   1.4440750e-01   3.0984599e-02   1.1277675e-01  -5.0720841e-03   4.6934282e-01  -2.2964220e-01  -1.2576084e-05   7.9215044e-06   1.1050074e-01   8.2228350e-01  -9.3734977e-06  -1.2617558e-05
   1.5750000e-01   1.4605937e-01   3.3781276e-02   1.1252167e-01  -5.1123689e-03   4.5786071e-01  -3.0158081e-01  -1.2180009e-05   9.2607758e-06   1.5161489e-01   7.9900497e-01  -1.0004375e-05  -1.1899723e-05
   1.6000000e-01   1.4777827e-01   3.6580086e-02   1.1226562e-01  -5.1523114e-03   4.4278168e-01  -3.7120469e-01  -1.1716971e-05   1.0540778e-05   1.9156511e-01   7.6944426e-01  -1.0599361e-05  -1.1059791e-05
   1.6250000e-01   1.4971366e-01   3.9390539e-02   1.1200652e-01  -5.1911715e-03   4.2422146e-01  -4.3796684e-01  -1.1189932e-05   1.1752094e-05   2.3003730e-01   7.3382767e-01  -1.1152350e-05  -1.0101343e-05
   1.6500000e-01   1.5174624e-01   4.2209608e-02   1.1174611e-01  -5.2295639e-03   4.0232314e-01  -5.0134155e-01  -1.0602328e-05   1.2884290e-05   2.6672865e-01   6.9242934e-01  -1.1657417e-05  -9.0292414e-06
   1.6750000e-01   1.5393662e-01   4.5042667e-02   1.1148356e-01  -5.2671968e-03   3.7725608e-01  -5.6082937e-01  -9.9581137e-06   1.3927681e-05   3.0135010e-01   6.4556871e-01  -1.2108879e-05  -7.8488360e-06
   1.7000000e-01   1.5625852e-01   4.7891931e-02   1.1121929e-01  -5.3042229e-03   3.4921463e-01  -6.1596060e-01  -9.2617301e-06   1.4872594e-05   3.3362851e-01   5.9360836e-01  -1.2501320e-05  -6.5664298e-06
   1.7250000e-01   1.5871862e-01   5.0758225e-02   1.1095324e-01  -5.3406115e-03   3.1841662e-01  -6.6629919e-01  -8.5181010e-06   1.5709722e-05   3.6330891e-01   5.3695113e-01  -1.2829641e-05  -5.1891017e-06
   1.7500000e-01   1.6134109e-01   5.3650038e-02   1.1068517e-01  -5.3762851e-03   2.8510168e-01  -7.1144619e-01  -7.7326154e-06   1.6430282e-05   3.9015644e-01   4.7603691e-01  -1.3089096e-05  -3.7245478e-06
   1.7750000e-01   1.6407452e-01   5.6559287e-02   1.1041573e-01  -5.4114702e-03   2.4952940e-01  -7.5104268e-01  -6.9111019e-06   1.7025606e-05   4.1395827e-01   4.1133961e-01  -1.3275324e-05  -2.1817055e-06
   1.8000000e-01   1.6700259e-01   5.9505363e-02   1.1014399e-01  -5.4458398e-03   2.1197729e-01  -7.8477302e-01  -6.0598222e-06   1.7487989e-05   4.3452524e-01   3.4336292e-01  -1.3384409e-05  -5.6958554e-07
   1.8250000e-01   1.7001387e-01   6.2467182e-02   1.0987127e-01  -5.4798607e-03   1.7273867e-01  -8.1236687e-01  -5.1854234e-06   1.7809774e-05   4.5169337e-01   2.7263727e-01  -1.3412888e-05   1.1009851e-06
   1.8500000e-01   1.7325932e-01   6.5480444e-02   1.0959593e-01  -5.5129513e-03   1.3212035e-01  -8.3360189e-01  -4.2949353e-06   1.7984551e-05   4.6532523e-01   1.9971451e-01  -1.3357839e-05   2.8198432e-06
   1.8750000e-01   1.7656077e-01   6.8506009e-02   1.0931997e-01  -5.5458194e-03   9.0440287e-02  -8.4830501e-01  -3.3957084e-06   1.8006076e-05   4.7531094e-01   1.2516525e-01  -1.3216847e-05   4.5743298e-06
   1.9000000e-01   1.8011218e-01   7.1593680e-02   1.0904137e-01  -5.5777492e-03   4.8025067e-02  -8.5635434e-01  -2.4954052e-06   1.7869372e-05   4.8156920e-01   4.9572550e-02  -1.2988130e-05   6.3530125e-06
   1.9250000e-01   1.8371748e-01   7.4694739e-02   1.0876221e-01  -5.6094766e-03   5.2073798e-03  -8.5767982e-01  -1.6019372e-06   1.7570067e-05   4.8404783e-01  -2.6470620e-02  -1.2670480e-05   8.1417943e-06
   1.9500000e-01   1.8758421e-01   7.7867794e-02   1.0848045e-01  -5.6402798e-03  -3.7676581e-02  -8.5226405e-01  -7.2343446e-07   1.7104875e-05   4.8272430e-01  -1.0236808e-01  -1.2263391e-05   9.9280786e-06
   1.9750000e-01   1.9150136e-01   8.1054734e-02   1.0819819e-01  -5.6709047e-03  -8.0289753e-02  -8.4014249e-01   1.3180871e-07   1.6471633e-05   4.7760590e-01  -1.7752292e-01  -1.1766987e-05   1.1696553e-05
   2.0000000e-01   1.9569254e-01   8.4323887e-02   1.0791338e-01  -5.7006191e-03  -1.2229685e-01  -8.2140307e-01   9.5538977e-07   1.5669017e-05   4.6872976e-01  -2.5134440e-01  -1.1182160e-05   1.3433675e-05
   2.0250000e-01   1.9993058e-01   8.7607098e-02   1.0762814e-01  -5.7301777e-03  -1.6336697e-01  -7.9618601e-01   1.7388401e-06   1.4697387e-05   4.5616255e-01  -3.2325031e-01  -1.0510476e-05   1.5123228e-05
   2.0500000e-01   2.0445608e-01   9.0982969e-02   1.0734039e-01  -5.7588405e-03  -2.0317625e-01  -7.6468214e-01   2.4737089e-06   1.3557640e-05   4.4000004e-01  -3.9267384e-01  -9.7543156e-06   1.6751004e-05
   2.0750000e-01   2.0902467e-01   9.4372732e-02   1.0705227e-01  -5.7873689e-03  -2.4141033e-01  -7.2713239e-01   3.1515904e-06   1.2252938e-05   4.2036637e-01  -4.5906567e-01  -8.9167659e-06   1.8300275e-05
   2.1000000e-01   2.1389695e-01   9.7866495e-02   1.0676168e-01  -5.8150109e-03  -2.7776692e-01  -6.8382485e-01   3.7642368e-06   1.0786607e-05   3.9741310e-01  -5.2190070e-01  -8.0017528e-06   1.9756523e-05
   2.1250000e-01   2.1880677e-01   1.0137311e-01   1.0647079e-01  -5.8425432e-03  -3.1195814e-01  -6.3509398e-01   4.3035668e-06   9.1648430e-06   3.7131808e-01  -5.8067984e-01  -7.0139274e-06   2.1102961e-05
   2.1500000e-01   2.2403822e-01   1.0499567e-01   1.0617745e-01  -5.8691973e-03  -3.4371281e-01  -5.8131645e-01   4.7618087e-06   7.3935592e-06   3.4228411e-01  -6.3493622e-01  -5.9587801e-06   2.2325171e-05
   2.1750000e-01   2.2930134e-01   1.0862964e-01   1.0588388e-01  -5.8957649e-03  -3.7277862e-01  -5.2291013e-01   5.1314864e-06   5.4821363e-06   3.1053732e-01  -6.8423673e-01  -4.8425223e-06   2.3406839e-05
   2.2000000e-01   2.3490552e-01   1.1239200e-01   1.0558790e-01  -5.9214623e-03  -3.9892410e-01  -4.6032878e-01   5.4055930e-06   3.4391716e-06   2.7632551e-01  -7.2818759e-01  -3.6721812e-06   2.4334103e-05
   2.2250000e-01   2.4053507e-01   1.1616392e-01   1.0529175e-01  -5.9470950e-03  -4.2194053e-01  -3.9406092e-01   5.5775514e-06   1.2772911e-06   2.3991615e-01  -7.6643548e-01  -2.4554769e-06   2.5091716e-05
   2.2500000e-01   2.4652794e-01   1.2007776e-01   1.0499321e-01  -5.9718622e-03  -4.4164356e-01  -3.2462345e-01   5.6414160e-06  -9.9222254e-07   2.0159441e-01  -7.9867223e-01  -1.2008920e-06   2.5666870e-05
   2.2750000e-01   2.5253949e-01   1.2399889e-01   1.0469455e-01  -5.9965849e-03  -4.5787472e-01  -2.5256054e-01   5.5918049e-06  -3.3535460e-06   1.6166082e-01  -8.2463570e-01   8.2450563e-08   2.6046016e-05
   2.3000000e-01   2.5893288e-01   1.2807391e-01   1.0439358e-01  -6.0204589e-03  -4.7050274e-01  -1.7843628e-01   5.4241277e-06  -5.7927389e-06   1.2042907e-01  -8.4411333e-01   1.3847504e-06   2.6217904e-05
   2.3250000e-01   2.6534318e-01   1.3215575e-01   1.0409250e-01  -6.0442953e-03  -4.7942455e-01  -1.0283365e-01   5.1344909e-06  -8.2910018e-06   7.8223431e-02  -8.5694273e-01   2.6956447e-06   2.6171352e-05
   2.3500000e-01   2.7215390e-01   1.3640326e-01   1.0378918e-01  -6.0673017e-03  -4.8456623e-01  -2.6346445e-02   4.7199411e-06  -1.0831895e-05   3.5376324e-02  -8.6301395e-01   4.0042114e-06   2.5897209e-05
   2.3750000e-01   2.7897954e-01   1.4065696e-01   1.0348577e-01  -6.0902772e-03  -4.8588355e-01   5.0421661e-02   4.1783468e-06  -1.3393949e-05  -7.7743431e-03  -8.6226988e-01   5.2990709e-06   2.5387298e-05
   2.4000000e-01   2.8622545e-01   1.4508843e-01   1.0318018e-01  -6.1124401e-03  -4.8336247e-01   1.2686568e-01   3.5086498e-06  -1.5958505e-05  -5.0887807e-02  -8.5470704e-01   6.5684349e-06   2.4635109e-05
   2.4250000e-01   2.9348411e-01   1.4952529e-01   1.0287452e-01  -6.1345783e-03  -4.7701919e-01   2.0238010e-01   2.7107251e-06  -1.8501867e-05  -9.3623129e-02  -8.4037584e-01   7.8001895e-06   2.3636075e-05
   2.4500000e-01   3.0118138e-01   1.5415110e-01   1.0256676e-01  -6.1559249e-03  -4.6690019e-01   2.7636765e-01   1.7856324e-06  -2.1003523e-05  -1.3564189e-01  -8.1937983e-01   8.9819924e-06   2.2386847e-05
   2.4750000e-01   3.0889300e-01   1.5878311e-01   1.0225893e-01  -6.1772461e-03  -4.5308182e-01   3.4823998e-01   7.3545700e-07  -2.3438162e-05  -1.7661085e-01  -7.9187583e-01   1.0101334e-05   2.0887013e-05
   2.5000000e-01   3.1706620e-01   1.6361694e-01   1.0194906e-01  -6.1977891e-03  -4.3566983e-01   4.1742638e-01  -4.3645026e-07  -2.5783957e-05  -2.1620462e-01  -7.5807163e-01   1.1145684e-05   1.9136836e-05
   2.5250000e-01   3.2525901e-01   1.6845945e-01   1.0163911e-01  -6.2183012e-03  -4.1479852e-01   4.8337425e-01  -1.7256472e-06  -2.8014712e-05  -2.5410817e-01  -7.1822603e-01   1.2102525e-05   1.7140485e-05
   2.5500000e-01   3.3391844e-01   1.7350841e-01   1.0132726e-01  -6.2380773e-03  -3.9062983e-01   5.4555738e-01  -3.1263819e-06  -3.0107743e-05  -2.9001945e-01  -6.7264502e-01   1.2959549e-05   1.4902319e-05
   2.5750000e-01   3.4261442e-01   1.7857370e-01   1.0101526e-01  -6.2577995e-03  -3.6335198e-01   6.0347652e-01  -4.6317679e-06  -3.2036863e-05  -3.2365168e-01  -6.2168169e-01   1.3704664e-05   1.2431359e-05
   2.6000000e-01   3.5178183e-01   1.8384954e-01   1.0070150e-01  -6.2768255e-03  -3.3317817e-01   6.5666674e-01  -6.2336100e-06  -3.3779278e-05  -3.5473574e-01  -5.6573111e-01   1.4326232e-05   9.7364037e-06
   2.6250000e-01   3.6100208e-01   1.8914913e-01   1.0038755e-01  -6.2957781e-03  -3.0034486e-01   7.0469811e-01  -7.9225727e-06  -3.5309683e-05  -3.8302227e-01  -5.0523000e-01   1.4813051e-05   6.8314937e-06
   2.6500000e-01   3.7067963e-01   1.9465439e-01   1.0007202e-01  -6.3140963e-03  -2.6510998e-01   7.4718186e-01  -9.6880556e-06  -3.6605921e-05  -4.0828376e-01  -4.4065058e-01   1.5154626e-05   3.7302300e-06
   2.6750000e-01   3.8050273e-01   2.0022541e-01   9.9756024e-02  -6.3322242e-03  -2.2775091e-01   7.8377145e-01  -1.1518350e-05  -3.7644881e-05  -4.3031627e-01  -3.7249958e-01   1.5341137e-05   4.5106286e-07
   2.7000000e-01   3.9069135e-01   2.0596161e-01   9.9438857e-02  -6.3498743e-03  -1.8856237e-01   8.1416681e-01  -1.3400593e-05  -3.8405654e-05  -4.4894124e-01  -3.0131224e-01   1.5363690e-05  -2.9868805e-06
   2.7250000e-01   4.0112812e-01   2.1181029e-01   9.9120956e-02  -6.3672176e-03  -1.4785406e-01   8.3811602e-01  -1.5320874e-05  -3.8868136e-05  -4.6400684e-01  -2.2764957e-01   1.5214346e-05  -6.5610829e-06
   2.7500000e-01   4.1184929e-01   2.1778787e-01   9.8802213e-02  -6.3842093e-03  -1.0594828e-01   8.5541783e-01  -1.7264280e-05  -3.9013986e-05  -4.7538931e-01  -1.5209331e-01   1.4886293e-05  -1.0246995e-05
   2.7750000e-01   4.2292963e-01   2.2392851e-01   9.8482490e-02  -6.4007805e-03  -6.3177422e-02   8.6592333e-01  -1.9214978e-05  -3.8826827e-05  -4.8299397e-01  -7.5241247e-02   1.4373943e-05  -1.4018518e-05
   2.8000000e-01   4.3420576e-01   2.3015803e-01   9.8162232e-02  -6.4171224e-03  -1.9881286e-02   8.6953709e-01  -2.1156318e-05  -3.8292160e-05  -4.8675603e-01   2.2963804e-03   1.3673018e-05  -1.7845916e-05
   2.8250000e-01   4.4596213e-01   2.3660561e-01   9.7840765e-02  -6.4329305e-03   2.3595537e-02   8.6621832e-01  -2.3070924e-05  -3.7397976e-05  -4.8664121e-01   7.9903767e-02   1.2780723e-05  -2.1700130e-05
   2.8500000e-01   4.5781884e-01   2.4309874e-01   9.7519045e-02  -6.4486271e-03   6.6906423e-02   8.5598126e-01  -2.4940822e-05  -3.6134899e-05  -4.8264602e-01   1.5696128e-01   1.1695717e-05  -2.5546764e-05
   2.8750000e-01   4.7028025e-01   2.4986613e-01   9.7195922e-02  -6.4636841e-03   1.0970546e-01   8.3889497e-01  -2.6747566e-05  -3.4495833e-05  -4.7479796e-01   2.3285447e-01   1.0418380e-05  -2.9354475e-05
   2.9000000e-01   4.8285176e-01   2.5668333e-01   9.6872565e-02  -6.4786301e-03   1.5165017e-01   8.1508358e-01  -2.8472356e-05  -3.2477438e-05  -4.6315525e-01   3.0697433e-01   8.9506568e-06  -3.3086007e-05
   2.9250000e-01   4.9594433e-01   2.6373630e-01   9.6548096e-02  -6.4930504e-03   1.9240433e-01   7.8472461e-01  -3.0096227e-05  -3.0078598e-05  -4.4780654e-01   3.7872627e-01   7.2963576e-06  -3.6706645e-05
   2.9500000e-01   5.0926544e-01   2.7089230e-01   9.6223179e-02  -6.5072502e-03   2.3164053e-01   7.4804868e-01  -3.1600156e-05  -2.7302439e-05  -4.2887024e-01   4.4753176e-01   5.4610266e-06  -4.0178258e-05
   2.9750000e-01   5.2301574e-01   2.7824181e-01   9.5897422e-02  -6.5210359e-03   2.6904294e-01   7.0533701e-01  -3.2965277e-05  -2.4154848e-05  -4.0649367e-01   5.1283508e-01   3.4521151e-06  -4.3463836e-05
   3.0000000e-01   5.3709976e-01   2.8574112e-01   9.5571063e-02  -6.5345121e-03   3.0430976e-01   6.5691995e-01  -3.4173018e-05  -2.0645760e-05  -3.8085194e-01   5.7410656e-01   1.2789249e-06  -4.6525332e-05
   3.0250000e-01   5.5149122e-01   2.9337843e-01   9.5244151e-02  -6.5477032e-03   3.3715574e-01   6.0317442e-01  -3.5205305e-05  -1.6789072e-05  -3.5214663e-01   6.3084726e-01  -1.0473401e-06  -4.9324668e-05
   3.0500000e-01   5.6645594e-01   3.0127173e-01   9.4916286e-02  -6.5603813e-03   3.6731444e-01   5.4452014e-01  -3.6044758e-05  -1.2600794e-05  -3.2060429e-01   6.8259391e-01  -3.5135718e-06  -5.1825907e-05
   3.0750000e-01   5.8167801e-01   3.0927942e-01   9.4588021e-02  -6.5728347e-03   3.9454042e-01   4.8141827e-01  -3.6674798e-05  -8.1028127e-06  -2.8647462e-01   7.2892085e-01  -6.1048653e-06  -5.3991862e-05
   3.1000000e-01   5.9733395e-01   3.1747974e-01   9.4259090e-02  -6.5849118e-03   4.1861132e-01   4.1436628e-01  -3.7079938e-05  -3.3196893e-06  -2.5002860e-01   7.6944514e-01  -8.8044565e-06  -5.5787613e-05
   3.1250000e-01   6.1347546e-01   3.2589423e-01   9.3929473e-02  -6.5965794e-03   4.3932962e-01   3.4389454e-01  -3.7245922e-05   1.7206398e-06  -2.1155637e-01   8.0382927e-01  -1.1593835e-05  -5.7179927e-05
   3.1500000e-01   6.2988424e-01   3.3442633e-01   9.3599487e-02  -6.6080235e-03   4.5652434e-01   2.7056325e-01  -3.7159890e-05   6.9847173e-06  -1.7136493e-01   8.3178351e-01  -1.4452829e-05  -5.8136666e-05
   3.1750000e-01   6.4686481e-01   3.4320885e-01   9.3268757e-02  -6.6189974e-03   4.7005249e-01   1.9495599e-01  -3.6810655e-05   1.2437938e-05  -1.2977579e-01   8.5306943e-01  -1.7359661e-05  -5.8629106e-05
   3.2000000e-01   6.6428575e-01   3.5218275e-01   9.2937498e-02  -6.6296171e-03   4.7980028e-01   1.1767693e-01  -3.6188758e-05   1.8041105e-05  -8.7122346e-02   8.6750109e-01  -2.0291114e-05  -5.8630710e-05
   3.2250000e-01   6.8206701e-01   3.6131273e-01   9.2605821e-02  -6.6399492e-03   4.8568412e-01   3.9345911e-02  -3.5286704e-05   2.3750985e-05  -4.3747322e-02   8.7494705e-01  -2.3222647e-05  -5.8117989e-05
   3.2500000e-01   7.0036245e-01   3.7066438e-01   9.2273575e-02  -6.6498752e-03   4.8765142e-01  -3.9407506e-02  -3.4099155e-05   2.9522588e-05   0.0000000e+00   8.7533177e-01  -2.6128545e-05  -5.7071156e-05
   3.2750000e-01   7.1919485e-01   3.8024552e-01   9.1940783e-02  -6.6593843e-03   4.8568104e-01  -1.1794843e-01  -3.2623027e-05   3.5308279e-05   4.3766558e-02   8.6863619e-01  -2.8982101e-05  -5.5474130e-05
   3.3000000e-01   7.3840514e-01   3.8998728e-01   9.1607625e-02  -6.6686022e-03   4.7978363e-01  -1.9564092e-01  -3.0857614e-05   4.1056488e-05   8.7198336e-02   8.5489831e-01  -3.1755805e-05  -5.3315119e-05
   3.3250000e-01   7.5807639e-01   3.9992425e-01   9.1274038e-02  -6.6774669e-03   4.7000159e-01  -2.7185416e-01  -2.8804791e-05   4.6714210e-05   1.2994322e-01   8.3421308e-01  -3.4421559e-05  -5.0586893e-05
   3.3500000e-01   7.7841251e-01   4.1014008e-01   9.0939882e-02  -6.6858279e-03   4.5640889e-01  -3.4596800e-01  -2.6469082e-05   5.2228321e-05   1.7165385e-01   8.0673154e-01  -3.6950902e-05  -4.7286481e-05
   3.3750000e-01   7.9920072e-01   4.2054372e-01   9.0605373e-02  -6.6938494e-03   4.3911050e-01  -4.1737624e-01  -2.3857668e-05   5.7542480e-05   2.1199039e-01   7.7266040e-01  -3.9315224e-05  -4.3416447e-05
   3.4000000e-01   8.2044676e-01   4.3113662e-01   9.0270521e-02  -6.7015280e-03   4.1824170e-01  -4.8549250e-01  -2.0980546e-05   6.2599512e-05   2.5062339e-01   7.3226043e-01  -4.1486045e-05  -3.8984778e-05
   3.4250000e-01   8.4222798e-01   4.4194938e-01   8.9935289e-02  -6.7088075e-03   3.9396710e-01  -5.4975533e-01  -1.7850573e-05   6.7342416e-05   2.8723638e-01   6.8584442e-01  -4.3435283e-05  -3.4004704e-05
   3.4500000e-01   8.6466351e-01   4.5302796e-01   8.9599639e-02  -6.7156013e-03   3.6647935e-01  -6.0963288e-01  -1.4483454e-05   7.1715015e-05   3.2152858e-01   6.3377468e-01  -4.5135517e-05  -2.8494444e-05
   3.4750000e-01   8.8761538e-01   4.6431421e-01   8.9263687e-02  -6.7220127e-03   3.3599773e-01  -6.6462643e-01  -1.0897706e-05   7.5660733e-05   3.5321729e-01   5.7646105e-01  -4.6560238e-05  -2.2478666e-05
   3.5000000e-01   9.1108979e-01   4.7580912e-01   8.8927450e-02  -6.7280374e-03   3.0276643e-01  -7.1427519e-01  -7.1146722e-06   7.9124247e-05   3.8204032e-01   5.1435746e-01  -4.7684171e-05  -1.5987895e-05
   3.5250000e-01   9.3509478e-01   4.8751436e-01   8.8590941e-02  -6.7336697e-03   2.6705269e-01  -7.5816012e-01  -3.1584626e-06   8.2052093e-05   4.0775818e-01   4.4795849e-01  -4.8483565e-05  -9.0584873e-06
   3.5500000e-01   9.5982869e-01   4.9950512e-01   8.8254102e-02  -6.7387623e-03   2.2914471e-01  -7.9590797e-01   9.4413911e-07   8.4394013e-05   4.3015609e-01   3.7779482e-01  -4.8936489e-05  -1.7311597e-06
   3.5750000e-01   9.8514093e-01   5.1171945e-01   8.7917034e-02  -6.7434257e-03   1.8934934e-01  -8.2719368e-01   5.1638368e-06   8.6101880e-05   4.4904582e-01   3.0443038e-01  -4.9023047e-05   5.9466537e-06
   3.6000000e-01   1.0110406e+00   5.2415873e-01   8.7579755e-02  -6.7476517e-03   1.4798969e-01  -8.5174366e-01   9.4689277e-06   8.7131155e-05   4.6426733e-01   2.2845738e-01  -4.8725714e-05   1.3922053e-05
   3.6250000e-01   1.0375335e+00   5.3682293e-01   8.7242285e-02  -6.7514348e-03   1.0540254e-01  -8.6933828e-01   1.3825482e-05   8.7441474e-05   4.7569019e-01   1.5049167e-01  -4.8029612e-05   2.2136885e-05
   3.6500000e-01   1.0646292e+00   5.4971343e-01   8.6904645e-02  -6.7547658e-03   6.1935652e-02  -8.7981396e-01   1.8197553e-05   8.6997250e-05   4.8321476e-01   7.1167810e-02  -4.6922769e-05   3.0528074e-05
   3.6750000e-01   1.0924812e+00   5.6288391e-01   8.6566827e-02  -6.7575260e-03   1.7944985e-02  -8.8306480e-01   2.2547413e-05   8.5768279e-05   4.8677315e-01  -8.8665523e-03  -4.5396366e-05   3.9029176e-05
   3.7000000e-01   1.1209987e+00   5.7629694e-01   8.6228886e-02  -6.7597797e-03  -2.6208224e-02  -8.7904358e-01   2.6835823e-05   8.3729961e-05   4.8632983e-01  -8.8954901e-02  -4.3444909e-05   4.7568762e-05
   3.7250000e-01   1.1501714e+00   5.8994572e-01   8.5890849e-02  -6.7615309e-03  -7.0160372e-02  -8.6776257e-01   3.1022319e-05   8.0864023e-05   4.8188208e-01  -1.6843748e-01  -4.1066472e-05   5.6071554e-05
   3.7500000e-01   1.1800076e+00   6.0383017e-01   8.5552741e-02  -6.7627694e-03  -1.1354847e-01  -8.4929378e-01   3.5065517e-05   7.7159016e-05   4.7346022e-01  -2.4665674e-01  -3.8262896e-05   6.4459126e-05
   3.7750000e-01   1.2105181e+00   6.1795094e-01   8.5214584e-02  -6.7634822e-03  -1.5601313e-01  -8.2376869e-01   3.8923465e-05   7.2610754e-05   4.6112739e-01  -3.2296275e-01  -3.5039942e-05   7.2650521e-05
   3.8000000e-01   1.2417128e+00   6.3230827e-01   8.4876404e-02  -6.7636568e-03  -1.9720153e-01  -7.9137752e-01   4.2554000e-05   6.7222691e-05   4.4497926e-01  -3.9671857e-01  -3.1407419e-05   8.0562904e-05
   3.8250000e-01   1.2737037e+00   6.4693614e-01   8.4538230e-02  -6.7631977e-03  -2.3677038e-01  -7.5236776e-01   4.5915132e-05   6.1005851e-05   4.2514335e-01  -4.6730587e-01  -2.7379276e-05   8.8112978e-05
   3.8500000e-01   1.3064690e+00   6.6182208e-01   8.4200098e-02  -6.7621137e-03  -2.7438874e-01  -7.0704273e-01   4.8965423e-05   5.3979455e-05   4.0177807e-01  -5.3412964e-01  -2.2973631e-05   9.5216670e-05
   3.8750000e-01   1.3399668e+00   6.7694778e-01   8.3862035e-02  -6.7604306e-03  -3.0974086e-01  -6.5575942e-01   5.1664393e-05   4.6171314e-05   3.7507161e-01  -5.9662314e-01  -1.8212801e-05   1.0178983e-04
   3.9000000e-01   1.3742086e+00   6.9231271e-01   8.3524071e-02  -6.7581316e-03  -3.4252880e-01  -5.9892587e-01   5.3972958e-05   3.7617784e-05   3.4524047e-01  -6.5425296e-01  -1.3123313e-05   1.0774944e-04
   3.9250000e-01   1.4092011e+00   7.0791483e-01   8.3186233e-02  -6.7552028e-03  -3.7247508e-01  -5.3699804e-01   5.5853845e-05   2.8363831e-05   3.1252784e-01  -7.0652359e-01  -7.7358444e-06   1.1301447e-04
   3.9500000e-01   1.4449713e+00   7.2375792e-01   8.2848556e-02  -6.7516125e-03  -3.9932496e-01  -4.7047634e-01   5.7272036e-05   1.8462881e-05   2.7720169e-01  -7.5298179e-01  -2.0851249e-06   1.1750681e-04
   3.9750000e-01   1.4815250e+00   7.3983895e-01   8.2511070e-02  -6.7473458e-03  -4.2284876e-01  -3.9990179e-01   5.8195179e-05   7.9768165e-06   2.3955263e-01  -7.9322060e-01   3.7902115e-06   1.2115206e-04
   4.0000000e-01   1.5188737e+00   7.5615635e-01   8.2173808e-02  -6.7423824e-03  -4.4284383e-01  -3.2585180e-01   5.8594020e-05  -3.0242622e-06   1.9989163e-01  -8.2688294e-01   9.8478101e-06   1.2388043e-04
   4.0250000e-01   1.5571184e+00   7.7273353e-01   8.1836838e-02  -6.7366197e-03  -4.5913641e-01  -2.4893523e-01   5.8442807e-05  -1.4463000e-05   1.5854751e-01  -8.5366507e-01   1.6041827e-05   1.2562786e-04
   4.0500000e-01   1.5962132e+00   7.8955039e-01   8.1500182e-02  -6.7300841e-03  -4.7158317e-01  -1.6978812e-01   5.7719657e-05  -2.6254116e-05   1.1586428e-01  -8.7331915e-01   2.2323215e-05   1.2633636e-04
   4.0750000e-01   1.6361444e+00   8.0659703e-01   8.1163869e-02  -6.7227740e-03  -4.8007257e-01  -8.9068429e-02   5.6406953e-05  -3.8305083e-05   7.2198357e-02  -8.8565582e-01   2.8640029e-05   1.2595507e-04
   4.1000000e-01   1.6769226e+00   8.2387014e-01   8.0827939e-02  -6.7146659e-03  -4.8452598e-01  -7.4506392e-03   5.4491700e-05  -5.0516878e-05   2.7915597e-02  -8.9054614e-01   3.4937778e-05   1.2444113e-04
   4.1250000e-01   1.7185585e+00   8.4136622e-01   8.0492429e-02  -6.7057347e-03  -4.8489852e-01   7.4379806e-02   5.1965858e-05  -6.2784649e-05  -1.6611679e-02  -8.8792316e-01   4.1159830e-05   1.2176046e-04
   4.1500000e-01   1.7610617e+00   8.5908106e-01   8.0157380e-02  -6.6959556e-03  -4.8117953e-01   1.5573214e-01   4.8826627e-05  -7.4998466e-05  -6.1007805e-02  -8.7778281e-01   4.7247849e-05   1.1788854e-04
   4.1750000e-01   1.8044469e+00   8.7701144e-01   7.9822836e-02  -6.6852976e-03  -4.7339293e-01   2.3591606e-01   4.5076707e-05  -8.7044198e-05  -1.0489691e-01  -8.6018445e-01   5.3142272e-05   1.1281098e-04
   4.2000000e-01   1.8487228e+00   8.9515224e-01   7.9488839e-02  -6.6737342e-03  -4.6159713e-01   3.1424749e-01   4.0724500e-05  -9.8804390e-05  -1.4790611e-01  -8.3525075e-01   5.8782817e-05   1.0652421e-04
   4.2250000e-01   1.8938997e+00   9.1349830e-01   7.9155434e-02  -6.6612367e-03  -4.4588477e-01   3.9005443e-01   3.5784284e-05  -1.1015927e-04  -1.8966862e-01  -8.0316717e-01   6.4109024e-05   9.9035897e-05
   4.2500000e-01   1.9399874e+00   9.3204403e-01   7.8822668e-02  -6.6477753e-03  -4.2638206e-01   4.6268266e-01   3.0276324e-05  -1.2098783e-04  -2.2982695e-01  -7.6418076e-01   6.9060815e-05   9.0365453e-05
   4.2750000e-01   1.9871067e+00   9.5080553e-01   7.8490677e-02  -6.6331958e-03  -4.0324794e-01   5.3150178e-01   2.4226936e-05  -1.3116964e-04  -2.6803596e-01  -7.1859838e-01   7.3579085e-05   8.0543843e-05
   4.3000000e-01   2.0351631e+00   9.6975311e-01   7.8159439e-02  -6.6175755e-03  -3.7667287e-01   5.9590999e-01   1.7668459e-05  -1.4058454e-04  -3.0396585e-01  -6.6678485e-01   7.7606274e-05   6.9614598e-05
   4.3250000e-01   2.0841586e+00   9.8887817e-01   7.7828999e-02  -6.6008888e-03  -3.4687740e-01   6.5533974e-01   1.0639237e-05  -1.4911461e-04  -3.3730507e-01  -6.0916018e-01   8.1087001e-05   5.7633650e-05
   4.3500000e-01   2.1341017e+00   1.0081730e+00   7.7499412e-02  -6.5831019e-03  -3.1411043e-01   7.0926285e-01   3.1835123e-06  -1.5664544e-04  -3.6776306e-01  -5.4619643e-01   8.3968682e-05   4.4669291e-05
   4.3750000e-01   2.1849992e+00   1.0276293e+00   7.7170729e-02  -6.5641815e-03  -2.7864731e-01   7.5719528e-01  -4.6487542e-06  -1.6306742e-04  -3.9507286e-01  -4.7841401e-01   8.6202145e-05   3.0802041e-05
   4.4000000e-01   2.2368617e+00   1.0472387e+00   7.6843009e-02  -6.5440884e-03  -2.4078758e-01   7.9870166e-01  -1.2802120e-05  -1.6827704e-04  -4.1899354e-01  -4.0637769e-01   8.7742246e-05   1.6124352e-05
   4.4250000e-01   2.2896956e+00   1.0669918e+00   7.6516310e-02  -6.5227868e-03  -2.0085252e-01   8.3339934e-01  -2.1215966e-05  -1.7217815e-04  -4.3931241e-01  -3.3069204e-01   8.8548463e-05   7.4023129e-07
   4.4500000e-01   2.3435075e+00   1.0868788e+00   7.6190690e-02  -6.5002392e-03  -1.5918258e-01   8.6096210e-01  -2.9824867e-05  -1.7468322e-04  -4.5584700e-01  -2.5199659e-01   8.8585474e-05  -1.5235307e-05
   4.4750000e-01   2.3983035e+00   1.1068892e+00   7.5866211e-02  -6.4764073e-03  -1.1613451e-01   8.8112340e-01  -3.8559022e-05  -1.7571458e-04  -4.6844682e-01  -1.7096061e-01   8.7823710e-05  -3.1676910e-05
   4.5000000e-01   2.4541197e+00   1.1270149e+00   7.5542975e-02  -6.4512095e-03  -7.2078370e-02   8.9367915e-01  -4.7344745e-05  -1.7520567e-04  -4.7699485e-01  -8.8277470e-02   8.6239865e-05  -4.8449927e-05
   4.5250000e-01   2.5110264e+00   1.1472488e+00   7.5221142e-02  -6.4245094e-03  -2.7394444e-02   8.9848999e-01  -5.6105022e-05  -1.7310203e-04  -4.8140872e-01  -4.6587195e-03   8.3817371e-05  -6.5411604e-05
   4.5500000e-01   2.5689362e+00   1.1675676e+00   7.4900669e-02  -6.3963878e-03   1.7530024e-02   8.9548287e-01  -6.4760118e-05  -1.6936225e-04  -4.8164165e-01   7.9171341e-02   8.0546793e-05  -8.2410981e-05
   4.5750000e-01   2.6278527e+00   1.1879584e+00   7.4581625e-02  -6.3668015e-03   6.2304136e-02   8.8465239e-01  -7.3228225e-05  -1.6395911e-04  -4.7768309e-01   1.6248216e-01   7.6426247e-05  -9.9290758e-05
   4.6000000e-01   2.6877863e+00   1.2084076e+00   7.4264094e-02  -6.3356954e-03   1.0653672e-01   8.6606134e-01  -8.1426174e-05  -1.5688037e-04  -4.6955899e-01   2.4454327e-01   7.1461712e-05  -1.1588865e-04
   4.6250000e-01   2.7487238e+00   1.2288999e+00   7.3948128e-02  -6.3030481e-03   1.4983976e-01   8.3984080e-01  -8.9270188e-05  -1.4812960e-04  -4.5733183e-01   3.2463055e-01   6.5667284e-05  -1.3203867e-04
   4.6500000e-01   2.8106705e+00   1.2494207e+00   7.3633808e-02  -6.2688092e-03   1.9183177e-01   8.0618949e-01  -9.6676662e-05  -1.3772673e-04  -4.4110032e-01   4.0203270e-01   5.9065355e-05  -1.4757274e-04
   4.6750000e-01   2.8736274e+00   1.2699545e+00   7.3321210e-02  -6.2329326e-03   2.3214122e-01   7.6537266e-01  -1.0356299e-04  -1.2570851e-04  -4.2099870e-01   4.7605756e-01   5.1686723e-05  -1.6232232e-04
   4.7000000e-01   2.9376012e+00   1.2904851e+00   7.3010428e-02  -6.1953601e-03   2.7040982e-01   7.1772030e-01  -1.0984842e-04  -1.1212882e-04  -3.9719584e-01   5.4603833e-01   4.3570612e-05  -1.7612010e-04
   4.7250000e-01   3.0025765e+00   1.3109963e+00   7.2701513e-02  -6.1560710e-03   3.0629581e-01   6.6362482e-01  -1.1545485e-04  -9.7058867e-05  -3.6989394e-01   6.1133965e-01   3.4764614e-05  -1.8880160e-04
   4.7500000e-01   3.0687335e+00   1.3314596e+00   7.2394927e-02  -6.1146832e-03   3.3947703e-01   6.0353765e-01  -1.2030779e-04  -8.0586158e-05  -3.3932698e-01   6.7136395e-01   2.5324540e-05  -2.0020801e-04
   4.7750000e-01   3.1358697e+00   1.3518619e+00   7.2090377e-02  -6.0714937e-03   3.6965389e-01   5.3796668e-01  -1.2433710e-04  -6.2816127e-05  -3.0575880e-01   7.2555599e-01   1.5314147e-05  -2.1018580e-04
   4.8000000e-01   3.2039821e+00   1.3721858e+00   7.1787947e-02  -6.0264567e-03   3.9655221e-01   4.6747181e-01  -1.2747790e-04  -4.3870878e-05  -2.6948103e-01   7.7340879e-01   4.8048639e-06  -2.1858978e-04
   4.8250000e-01   3.2730558e+00   1.3924147e+00   7.1487694e-02  -5.9795478e-03   4.1992578e-01   3.9266050e-01  -1.2967144e-04  -2.3888650e-05  -2.3081062e-01   8.1446851e-01  -6.1246173e-06  -2.2528484e-04
   4.8500000e-01   3.3431379e+00   1.4125234e+00   7.1189830e-02  -5.9306140e-03   4.3955879e-01   3.1418252e-01  -1.3086588e-04  -3.0226090e-06  -1.9008722e-01   8.4833911e-01  -1.7388852e-05  -2.3014797e-04
   4.8750000e-01   3.4142023e+00   1.4324930e+00   7.0894405e-02  -5.8796426e-03   4.5526791e-01   2.3272478e-01  -1.3101701e-04   1.8559682e-05  -1.4767029e-01   8.7468622e-01  -2.8896242e-05  -2.3306962e-04
   4.9000000e-01   3.4863284e+00   1.4522854e+00   7.0601759e-02  -5.8263881e-03   4.6690414e-01   1.4900515e-01  -1.3008902e-04   4.0678191e-05  -1.0393601e-01   8.9324084e-01  -4.0549715e-05  -2.3395558e-04
   4.9250000e-01   3.5594923e+00   1.4718740e+00   7.0311985e-02  -5.7708107e-03   4.7435439e-01   6.3766601e-02  -1.2805511e-04   6.3141050e-05  -5.9274003e-02   9.0380212e-01  -5.2247485e-05  -2.3272817e-04
   4.9500000e-01   3.6335913e+00   1.4912529e+00   7.0024939e-02  -5.7130612e-03   4.7754272e-01  -2.2228912e-02  -1.2489806e-04   8.5745471e-05  -1.4083929e-02   9.0623984e-01  -6.3883885e-05  -2.2932767e-04
   4.9750000e-01   3.7086500e+00   1.5103905e+00   6.9740831e-02  -5.6530031e-03   4.7643127e-01  -1.0820763e-01  -1.2061079e-04   1.0828038e-04   3.1228031e-02   9.0049632e-01  -7.5350261e-05  -2.2371382e-04
   5.0000000e-01   3.7846507e+00   1.5292624e+00   6.9459760e-02  -5.5905922e-03   4.7102090e-01  -1.9339072e-01  -1.1519678e-04   1.3052797e-04   7.6252815e-02   8.8658754e-01  -8.6535944e-05  -2.1586688e-04
   5.0250000e-01   3.8615796e+00   1.5478428e+00   6.9181843e-02  -5.5257716e-03   4.6135137e-01  -2.7700135e-01  -1.0867038e-04   1.5226573e-04   1.2058216e-01   8.6460372e-01  -9.7329281e-05  -2.0578859e-04
   5.0500000e-01   3.9394179e+00   1.5661065e+00   6.8907183e-02  -5.4584958e-03   4.4750131e-01  -3.5827171e-01  -1.0105710e-04   1.7326851e-04   1.6381232e-01   8.3470917e-01  -1.0761870e-04  -1.9350293e-04
   5.0750000e-01   4.0181623e+00   1.5840212e+00   6.8635955e-02  -5.3886700e-03   4.2958774e-01  -4.3645019e-01  -9.2393684e-05   1.9331092e-04   2.0554775e-01   7.9714145e-01  -1.1729384e-04  -1.7905665e-04
   5.1000000e-01   4.0977891e+00   1.6015604e+00   6.8368262e-02  -5.3162523e-03   4.0776524e-01  -5.1080831e-01  -8.2728144e-05   2.1216946e-04   2.4540479e-01   7.5220991e-01  -1.2624667e-04  -1.6251961e-04
   5.1250000e-01   4.1782789e+00   1.6186952e+00   6.8104235e-02  -5.2411843e-03   3.8222484e-01  -5.8064765e-01  -7.2119679e-05   2.2962494e-04   2.8301526e-01   7.0029347e-01  -1.3437264e-04  -1.4398490e-04
   5.1500000e-01   4.2596088e+00   1.6353974e+00   6.7843995e-02  -5.1634159e-03   3.5319248e-01  -6.4530654e-01  -6.0638440e-05   2.4546489e-04   3.1802991e-01   6.4183786e-01  -1.4157188e-04  -1.2356865e-04
   5.1750000e-01   4.3417782e+00   1.6516232e+00   6.7587787e-02  -5.0828122e-03   3.2092718e-01  -7.0416656e-01  -4.8365204e-05   2.5948616e-04   3.5012178e-01   5.7735202e-01  -1.4775031e-04  -1.0140955e-04
   5.2000000e-01   4.4247462e+00   1.6673500e+00   6.7335676e-02  -4.9993684e-03   2.8571887e-01  -7.5665854e-01  -3.5390905e-05   2.7149703e-04   3.7898936e-01   5.0740410e-01  -1.5282079e-04  -7.7668346e-05
   5.2250000e-01   4.5084873e+00   1.6825458e+00   6.7087804e-02  -4.9130259e-03   2.4788597e-01  -8.0226833e-01  -2.1816063e-05   2.8131979e-04   4.0435955e-01   4.3261671e-01  -1.5670420e-04  -5.2526885e-05
   5.2500000e-01   4.5929740e+00   1.6971783e+00   6.6844318e-02  -4.8237274e-03   2.0777259e-01  -8.4054212e-01  -7.7500836e-06   2.8879297e-04   4.2599037e-01   3.5366167e-01  -1.5933054e-04  -2.6186911e-05
   5.2750000e-01   4.6781842e+00   1.7112076e+00   6.6605415e-02  -4.7313833e-03   1.6574551e-01  -8.7109125e-01   6.6895548e-06   2.9377366e-04   4.4367344e-01   2.7125415e-01  -1.6063989e-04   1.1314140e-06
   5.3000000e-01   4.7640803e+00   1.7246056e+00   6.6371205e-02  -4.6359644e-03   1.2219098e-01  -8.9359638e-01   2.1378228e-05   2.9613953e-04   4.5723614e-01   1.8614650e-01  -1.6058332e-04   2.9191074e-05
   5.3250000e-01   4.8506299e+00   1.7373379e+00   6.6141843e-02  -4.5374141e-03   7.7511191e-02  -9.0781118e-01   3.6185194e-05   2.9579080e-04   4.6654345e-01   9.9121487e-02  -1.5912376e-04   5.7740172e-05
   5.3500000e-01   4.9377988e+00   1.7493697e+00   6.5917488e-02  -4.4356768e-03   3.2120664e-02  -9.1356531e-01   5.0974723e-05   2.9265205e-04   4.7149953e-01   1.0985267e-02  -1.5623676e-04   8.6514072e-05
   5.3750000e-01   5.0255518e+00   1.7606651e+00   6.5698306e-02  -4.3306935e-03  -1.3557570e-02  -9.1076679e-01   6.5607315e-05   2.8667378e-04   4.7204879e-01  -7.7439996e-02  -1.5191106e-04   1.1523776e-04
   5.4000000e-01   5.1138522e+00   1.7711864e+00   6.5484474e-02  -4.2224030e-03  -5.9095877e-02  -8.9940351e-01   7.9940994e-05   2.7783375e-04   4.6817679e-01  -1.6532374e-01  -1.4614917e-04   1.4362839e-04
   5.4250000e-01   5.2026586e+00   1.7809002e+00   6.5276140e-02  -4.1107630e-03  -1.0406602e-01  -8.7954420e-01   9.3832672e-05   2.6613812e-04   4.5991061e-01  -2.5183477e-01  -1.3896776e-04   1.7139798e-04
   5.4500000e-01   5.2919297e+00   1.7897700e+00   6.5073473e-02  -3.9957225e-03  -1.4804320e-01  -8.5133848e-01   1.0713957e-04   2.5162221e-04   4.4731888e-01  -3.3614913e-01  -1.3039787e-04   1.9825627e-04
   5.4750000e-01   5.3816281e+00   1.7977457e+00   6.4876734e-02  -3.8771791e-03  -1.9061009e-01  -8.1501617e-01   1.1972067e-04   2.3435108e-04   4.3051144e-01  -4.1745807e-01  -1.2048506e-04   2.2391378e-04
   5.5000000e-01   5.4717014e+00   1.8048040e+00   6.4686005e-02  -3.7551396e-03  -2.3136087e-01  -7.7088596e-01   1.3143822e-04   2.1441978e-04   4.0963855e-01  -4.9497578e-01  -1.0928938e-04   2.4808471e-04
   5.5250000e-01   5.5621026e+00   1.8109077e+00   6.4501462e-02  -3.6295570e-03  -2.6990515e-01  -7.1933309e-01   1.4215920e-04   1.9195326e-04   3.8488977e-01  -5.6794721e-01  -9.6885151e-05   2.7049019e-04
   5.5500000e-01   5.6527834e+00   1.8160196e+00   6.4323282e-02  -3.5003864e-03  -3.0587177e-01  -6.6081645e-01   1.5175685e-04   1.6710596e-04   3.5649243e-01  -6.3565554e-01  -8.3360651e-05   2.9086136e-04
   5.5750000e-01   5.7436913e+00   1.8201140e+00   6.4151574e-02  -3.3676250e-03  -3.3891257e-01  -5.9586487e-01   1.6011215e-04   1.4006109e-04   3.2470968e-01  -6.9742947e-01  -6.8817593e-05   3.0894253e-04
   5.6000000e-01   5.8347775e+00   1.8231396e+00   6.3986608e-02  -3.2311820e-03  -3.6870580e-01  -5.2507260e-01   1.6711520e-04   1.1102950e-04   2.8983823e-01  -7.5265009e-01  -5.3370477e-05   3.2449431e-04
   5.6250000e-01   5.9259874e+00   1.8250607e+00   6.3828557e-02  -3.0910255e-03  -3.9495941e-01  -4.4909426e-01   1.7266667e-04   8.0248307e-05   2.5220575e-01  -8.0075740e-01  -3.7145773e-05   3.3729664e-04
   5.6500000e-01   6.0172648e+00   1.8258397e+00   6.3677607e-02  -2.9471189e-03  -4.1741411e-01  -3.6863904e-01   1.7667908e-04   4.7979126e-05   2.1216791e-01  -8.4125619e-01  -2.0280953e-05   3.4715158e-04
   5.6750000e-01   6.1085532e+00   1.8254856e+00   6.3533663e-02  -2.7995745e-03  -4.3584604e-01  -2.8446439e-01   1.7907803e-04   1.4506180e-05   1.7010513e-01  -8.7372150e-01  -2.9233864e-06   3.5388609e-04
   5.7000000e-01   6.1997956e+00   1.8239161e+00   6.3397192e-02  -2.6482130e-03  -4.5006925e-01  -1.9736896e-01   1.7980334e-04  -1.9866374e-05   1.2641909e-01  -8.9780346e-01   1.4770906e-05   3.5735467e-04
   5.7250000e-01   6.2909194e+00   1.8210142e+00   6.3268874e-02  -2.4927666e-03  -4.5993769e-01  -1.0818517e-01   1.7881002e-04  -5.4817165e-05   8.1528945e-02  -9.1323135e-01   3.2638626e-05   3.5744165e-04
   5.7500000e-01   6.3818656e+00   1.8168251e+00   6.3148398e-02  -2.3334654e-03  -4.6534695e-01  -1.7771622e-02   1.7606917e-04  -9.0010063e-05   3.5867409e-02  -9.1981695e-01   5.0510696e-05   3.5406314e-04
   5.7750000e-01   6.4725669e+00   1.8113033e+00   6.3036013e-02  -2.1702612e-03  -4.6623553e-01   7.2995246e-02   1.7156867e-04  -1.2509762e-04  -1.0123406e-02  -9.1745720e-01   6.8213841e-05   3.4716891e-04
   5.8000000e-01   6.5629638e+00   1.8044430e+00   6.2931732e-02  -2.0032208e-03  -4.6258577e-01   1.6322952e-01   1.6531379e-04  -1.5972435e-04  -5.5996234e-02  -9.0613599e-01   8.5572274e-05   3.3674383e-04
   5.8250000e-01   6.6529906e+00   1.7962105e+00   6.2835741e-02  -1.8323301e-03  -4.5442430e-01   2.5204451e-01   1.5732758e-04  -1.9353040e-04  -1.0130300e-01  -8.8592512e-01   1.0240945e-04   3.2280908e-04
   5.8500000e-01   6.7425872e+00   1.7865929e+00   6.2748105e-02  -1.6576329e-03  -4.4182208e-01   3.3856148e-01   1.4765107e-04  -2.2615522e-04  -1.4559923e-01  -8.5698445e-01   1.1854990e-04   3.0542283e-04
   5.8750000e-01   6.8316538e+00   1.7754732e+00   6.2669519e-02  -1.4788965e-03  -4.2489402e-01   4.2191852e-01   1.3634331e-04  -2.5724159e-04  -1.8844842e-01  -8.1956103e-01   1.3382103e-04   2.8468063e-04
   5.9000000e-01   6.9200863e+00   1.7627556e+00   6.2600555e-02  -1.2959620e-03  -4.0379811e-01   5.0127919e-01   1.2348124e-04  -2.8643939e-04  -2.2942644e-01  -7.7398751e-01   1.4805505e-04   2.6071534e-04
   5.9250000e-01   7.0078700e+00   1.7485604e+00   6.2540490e-02  -1.1092313e-03  -3.7873417e-01   5.7584094e-01   1.0915928e-04  -3.1340932e-04  -2.6812579e-01  -7.2067965e-01   1.6109081e-04   2.3369689e-04
   5.9500000e-01   7.0949320e+00   1.7328532e+00   6.2489537e-02  -9.1869547e-04  -3.4994214e-01   6.4484357e-01   9.3488829e-05  -3.3782703e-04  -3.0415975e-01  -6.6013292e-01   1.7277564e-04   2.0383130e-04
   5.9750000e-01   7.1811834e+00   1.7155760e+00   6.2448057e-02  -7.2429199e-04  -3.1769999e-01   7.0757720e-01   7.6597489e-05  -3.5938705e-04  -3.3716637e-01  -5.9291824e-01   1.8296720e-04   1.7135944e-04
   6.0000000e-01   7.2664448e+00   1.6965264e+00   6.2417292e-02  -5.2562277e-04  -2.8232115e-01   7.6338991e-01   5.8628149e-05  -3.7780658e-04  -3.6681226e-01  -5.1967691e-01   1.9153517e-04   1.3655521e-04
   6.0250000e-01   7.3507574e+00   1.6758960e+00   6.2396109e-02  -3.2323763e-04  -2.4415168e-01   8.1169465e-01   3.9737833e-05  -3.9282890e-04  -3.9279609e-01  -4.4111493e-01   1.9836292e-04   9.9723736e-05
   6.0500000e-01   7.4340584e+00   1.6536780e+00   6.2384576e-02  -1.1719817e-04  -2.0356698e-01   8.5197587e-01   2.0096402e-05  -4.0422698e-04  -4.1485182e-01  -3.5799644e-01   2.0334911e-04   6.1198742e-05
   6.0750000e-01   7.5161107e+00   1.6296194e+00   6.2384275e-02   9.2978014e-05  -1.6096821e-01   8.8379538e-01  -1.1493253e-07  -4.1180673e-04  -4.3275163e-01  -2.7113643e-01   2.0640904e-04   2.1339553e-05
   6.1000000e-01   7.5969335e+00   1.6038539e+00   6.2394438e-02   3.0689743e-04  -1.1677848e-01   9.0679743e-01  -2.0705255e-05  -4.1540982e-04  -4.4630844e-01  -1.8139309e-01   2.0747602e-04  -1.9471956e-05
   6.1250000e-01   7.6765147e+00   1.5764522e+00   6.2414678e-02   5.2432331e-04  -7.1438637e-02   9.2071311e-01  -4.1475731e-05  -4.1491636e-04  -4.5537809e-01  -8.9659416e-02   2.0650242e-04  -6.0834996e-05
   6.1500000e-01   7.7545621e+00   1.5471355e+00   6.2446785e-02   7.4575032e-04  -2.5403014e-02   9.2536388e-01  -6.2221534e-05  -4.1024713e-04  -4.5986106e-01   3.1455474e-03   2.0346067e-04  -1.0233377e-04
   6.1750000e-01   7.8311393e+00   1.5160762e+00   6.2489764e-02   9.7072397e-04   2.0865148e-02   9.2066415e-01  -8.2733877e-05  -4.0136553e-04  -4.5970378e-01   9.6085844e-02   1.9834399e-04  -1.4354159e-04
   6.2000000e-01   7.9062183e+00   1.4833220e+00   6.2543388e-02   1.1990614e-03   6.6898323e-02   9.0662311e-01  -1.0280214e-04  -3.8827897e-04  -4.5489949e-01   1.8821804e-01   1.9116691e-04  -1.8402531e-04
   6.2250000e-01   7.9794281e+00   1.4485545e+00   6.2609765e-02   1.4312832e-03   1.1222945e-01   8.8334535e-01  -1.2221607e-04  -3.7103985e-04  -4.4548859e-01   2.7860076e-01   1.8196566e-04  -2.2334973e-04
   6.2500000e-01   8.0509949e+00   1.4121002e+00   6.2686927e-02   1.6666652e-03   1.5639668e-01   8.5103075e-01  -1.4076805e-04  -3.4974618e-04  -4.3155857e-01   3.6630453e-01   1.7079818e-04  -2.6108261e-04
   6.2750000e-01   8.1206389e+00   1.3737584e+00   6.2776275e-02   1.9054810e-03   1.9894819e-01   8.0997324e-01  -1.5825535e-04  -3.2454152e-04  -4.1324335e-01   4.5042129e-01   1.5774406e-04  -2.9679917e-04
   6.3000000e-01   8.1883011e+00   1.3335564e+00   6.2877763e-02   2.1475759e-03   2.3944682e-01   7.6055861e-01  -1.7448241e-04  -2.9561460e-04  -3.9072230e-01   5.3007409e-01   1.4290411e-04  -3.3008713e-04
   6.3250000e-01   8.2540336e+00   1.2916211e+00   6.2990695e-02   2.3926275e-03   2.7747473e-01   7.0326130e-01  -1.8926313e-04  -2.6319814e-04  -3.6421862e-01   6.0442650e-01   1.2639976e-04  -3.6055164e-04
   6.3500000e-01   8.3174148e+00   1.2476665e+00   6.3117139e-02   2.6410019e-03   3.1263777e-01   6.3864036e-01  -2.0242303e-04  -2.2756769e-04  -3.3399731e-01   6.7269140e-01   1.0837219e-04  -3.8781963e-04
   6.3750000e-01   8.3787572e+00   1.2020374e+00   6.3254948e-02   2.8920275e-03   3.4456976e-01   5.6733420e-01  -2.1380141e-04  -1.8903906e-04  -3.0036277e-01   7.3414005e-01   8.8981224e-05  -4.1154515e-04
   6.4000000e-01   8.4375980e+00   1.1544428e+00   6.3406306e-02   3.1460402e-03   3.7293645e-01   4.9005487e-01  -2.2325336e-04  -1.4796636e-04  -2.6365579e-01   7.8810976e-01   6.8403982e-05  -4.3141311e-04
   6.4250000e-01   8.4941218e+00   1.1051068e+00   6.3569871e-02   3.4025837e-03   3.9743918e-01   4.0758099e-01  -2.3065167e-04  -1.0473839e-04  -2.2425033e-01   8.3401180e-01   4.6833341e-05  -4.4714419e-04
   6.4500000e-01   8.5481168e+00   1.0539542e+00   6.3746407e-02   3.6616413e-03   4.1781822e-01   3.2075033e-01  -2.3588858e-04  -5.9775466e-05  -1.8254977e-01   8.7133802e-01   2.4476148e-05  -4.5849833e-04
   6.4750000e-01   8.5994492e+00   1.0009733e+00   6.3936257e-02   3.9230967e-03   4.3385572e-01   2.3045148e-01  -2.3887736e-04  -1.3525373e-05  -1.3898290e-01   8.9966696e-01   1.5512471e-06  -4.6527852e-04
   6.5000000e-01   8.6482593e+00   9.4633880e-01   6.4138410e-02   4.1865939e-03   4.4537829e-01   1.3761468e-01  -2.3955362e-04   3.3541445e-05  -9.3999584e-02   9.1866915e-01  -2.1712663e-05  -4.6733410e-04
   6.5250000e-01   8.6940292e+00   8.8980486e-01   6.4355036e-02   4.4522787e-03   4.5225902e-01   4.3202876e-02  -2.3787655e-04   8.0935680e-05  -4.8066158e-02   9.2811121e-01  -4.5079351e-05  -4.6456318e-04
   6.5500000e-01   8.7371686e+00   8.3170709e-01   6.4583894e-02   4.7196248e-03   4.5441916e-01  -5.1799055e-02  -2.3382977e-04   1.2815579e-04  -1.6606303e-03   9.2785939e-01  -6.8307494e-05  -4.5691536e-04
   6.5750000e-01   8.7772016e+00   7.7185324e-01   6.4826874e-02   4.9886710e-03   4.5182921e-01  -1.4639381e-01  -2.2742199e-04   1.7469193e-04   4.4732306e-02   9.1788167e-01  -9.1153246e-05  -4.4439306e-04
   6.6000000e-01   8.8142228e+00   7.1038459e-01   6.5083248e-02   5.2591130e-03   4.4450952e-01  -2.3958278e-01  -2.1868740e-04   2.2003261e-04   9.0626358e-02   8.9824908e-01  -1.1337288e-04  -4.2705292e-04
   6.6250000e-01   8.8483465e+00   6.4744141e-01   6.5352248e-02   5.5306715e-03   4.3253039e-01  -3.3037673e-01  -2.0768577e-04   2.6367057e-04   1.3553878e-01   8.6913569e-01  -1.3472551e-04  -4.0500610e-04
   6.6500000e-01   8.8789376e+00   5.8280463e-01   6.5636314e-02   5.8032944e-03   4.1601157e-01  -4.1780582e-01  -1.9450225e-04   3.0510729e-04   1.7899553e-01   8.3081781e-01  -1.5497580e-04  -3.7841857e-04
   6.6750000e-01   8.9063969e+00   5.1675820e-01   6.5933459e-02   6.0766003e-03   3.9512129e-01  -5.0093128e-01  -1.7924690e-04   3.4386094e-04   2.2053640e-01   7.8367160e-01  -1.7389672e-04  -3.4750991e-04
   6.7000000e-01   8.9306798e+00   4.4936514e-01   6.6243629e-02   6.3503641e-03   3.7007474e-01  -5.7885534e-01  -1.6205386e-04   3.7947149e-04   2.5971995e-01   7.2816985e-01  -1.9127220e-04  -3.1255196e-04
   6.7250000e-01   8.9514510e+00   3.8058151e-01   6.6567925e-02   6.6243575e-03   3.4113200e-01  -6.5073105e-01  -1.4308030e-04   4.1150592e-04   2.9612841e-01   6.6487783e-01  -2.0689979e-04  -2.7386711e-04
   6.7500000e-01   8.9686158e+00   3.1047426e-01   6.6906450e-02   6.8982932e-03   3.0859547e-01  -7.1577218e-01  -1.2250502e-04   4.3956438e-04   3.2937228e-01   5.9444775e-01  -2.2059314e-04  -2.3182546e-04
   6.7750000e-01   8.9825090e+00   2.3925693e-01   6.7257651e-02   7.1719230e-03   2.7280688e-01  -7.7326263e-01  -1.0052682e-04   4.6328629e-04   3.5909465e-01   5.1761197e-01  -2.3218440e-04  -1.8684056e-04
   6.8000000e-01   8.9925869e+00   1.6685313e-01   6.7623372e-02   7.4448943e-03   2.3414378e-01  -8.2256408e-01  -7.7362521e-05   4.8235389e-04   3.8497523e-01   4.3517629e-01  -2.4152642e-04  -1.3936698e-04
   6.8250000e-01   8.9991130e+00   9.3446281e-02   6.8002371e-02   7.7169702e-03   1.9301560e-01  -8.6312426e-01  -5.3244843e-05   4.9649816e-04   4.0673403e-01   3.4801093e-01  -2.4849477e-04  -8.9894173e-05
   6.8500000e-01   9.0019442e+00   1.9103598e-02   6.8394943e-02   7.9878156e-03   1.4985942e-01  -8.9448337e-01  -2.8419952e-05   5.0550233e-04   4.2413456e-01   2.5704174e-01  -2.5298947e-04  -3.8942082e-05
   6.8750000e-01   9.0010020e+00  -5.6088443e-02   6.8801150e-02   8.2571094e-03   1.0513528e-01  -9.1627985e-01  -3.1448536e-06   5.0920555e-04   4.3698664e-01   1.6324034e-01  -2.5493657e-04   1.2944617e-05
   6.9000000e-01   8.9963318e+00  -1.3200632e-01   6.9220595e-02   8.5245566e-03   5.9321325e-02  -9.2825518e-01   2.2315406e-05   5.0750598e-04   4.4514865e-01   6.7613461e-02  -2.5428934e-04   6.5202970e-05
   6.9250000e-01   8.9878001e+00  -2.0856501e-01   6.9653534e-02   8.7897839e-03   1.2908598e-02  -9.3025735e-01   4.7690687e-05   5.0036291e-04   4.4852932e-01  -2.8807817e-02  -2.5102920e-04   1.1725775e-04
   6.9500000e-01   8.9754529e+00  -2.8563647e-01   7.0099579e-02   9.0524847e-03  -3.3604237e-02  -9.2224333e-01   7.2708815e-05   4.8779841e-04   4.4708893e-01  -1.2497965e-01  -2.4516631e-04   1.6852877e-04
   6.9750000e-01   8.9592575e+00  -3.6311195e-01   7.0558640e-02   9.3123247e-03  -7.9716371e-02  -9.0428017e-01   9.7098719e-05   4.6989805e-04   4.4083996e-01  -2.1985697e-01  -2.3673988e-04   2.1843763e-04
   7.0000000e-01   8.9391124e+00  -4.4087210e-01   7.1030836e-02   9.5688688e-03  -1.2493035e-01  -8.7654498e-01   1.2059360e-04   4.4681091e-04   4.2984711e-01  -3.1240509e-01  -2.2581801e-04   2.6641468e-04
   7.0250000e-01   8.9151807e+00  -5.1878912e-01   7.1515430e-02   9.8219320e-03  -1.6875757e-01  -8.3932343e-01   1.4293413e-04   4.1874857e-04   4.1422687e-01  -4.0161191e-01  -2.1249728e-04   3.1190697e-04
   7.0500000e-01   8.8872285e+00  -5.9673593e-01   7.2012971e-02   1.0070920e-02  -2.1072371e-01  -7.9300730e-01   1.6387155e-04   3.8598375e-04   3.9414629e-01  -4.8649877e-01  -1.9690195e-04   3.5438415e-04
   7.0750000e-01   8.8555014e+00  -6.7458831e-01   7.2522479e-02   1.0315743e-02  -2.5037404e-01  -7.3809030e-01   1.8317072e-04   3.4884720e-04   3.6982137e-01  -5.6613258e-01  -1.7918275e-04   3.9334684e-04
   7.1000000e-01   8.8197775e+00  -7.5219890e-01   7.3044449e-02   1.0555761e-02  -2.8727853e-01  -6.7516328e-01   2.0061307e-04   3.0772502e-04   3.4151476e-01  -6.3963583e-01  -1.5951542e-04   4.2833192e-04
   7.1250000e-01   8.7802612e+00  -8.2945009e-01   7.3578056e-02   1.0790857e-02  -3.2103667e-01  -6.0490750e-01   2.1599931e-04   2.6305378e-04   3.0953299e-01  -7.0619757e-01  -1.3809884e-04   4.5892002e-04
   7.1500000e-01   8.7368982e+00  -9.0619470e-01   7.4123271e-02   1.1020565e-02  -3.5128203e-01  -5.2808749e-01   2.2915199e-04   2.1531606e-04   2.7422314e-01  -7.6508250e-01  -1.1515286e-04   4.8474061e-04
   7.1750000e-01   8.6895480e+00  -9.8226433e-01   7.4680317e-02   1.1244266e-02  -3.7768638e-01  -4.4554280e-01   2.3991779e-04   1.6503524e-04   2.3596904e-01  -8.1563964e-01  -9.0915844e-05   5.0547711e-04
   7.2000000e-01   8.6386669e+00  -1.0576012e+00   7.5247663e-02   1.1462268e-02  -3.9996351e-01  -3.5817755e-01   2.4816954e-04   1.1276734e-04   1.9518709e-01  -8.5731073e-01  -6.5642006e-05   5.2087277e-04
   7.2250000e-01   8.5838822e+00  -1.1319737e+00   7.5826200e-02   1.1673533e-02  -4.1787237e-01  -2.6695166e-01   2.5380790e-04   5.9096907e-05   1.5232158e-01  -8.8963605e-01  -3.9598386e-05   5.3073276e-04
   7.2500000e-01   8.5255853e+00  -1.2053390e+00   7.6414635e-02   1.1878341e-02  -4.3121995e-01  -1.7286847e-01   2.5676275e-04   4.6270932e-06   1.0783981e-01  -9.1226063e-01  -1.3061767e-05   5.3492860e-04
   7.2750000e-01   8.4633816e+00  -1.2774096e+00   7.7013865e-02   1.2075467e-02  -4.3986336e-01  -7.6964831e-02   2.5699410e-04  -5.0024953e-05   6.2226808e-02  -9.2493805e-01   1.3684644e-05   5.3339926e-04
   7.3000000e-01   8.3977954e+00  -1.3482054e+00   7.7622258e-02   1.2265502e-02  -4.4371160e-01   1.9702794e-02   2.5449286e-04  -1.0423971e-04   1.5979937e-02  -9.2753392e-01   4.0354589e-05   5.2615341e-04
   7.3250000e-01   8.3286607e+00  -1.4175086e+00   7.8240083e-02   1.2447649e-02  -4.4272646e-01   1.1606910e-01   2.4928087e-04  -1.5740047e-04  -3.0396726e-02  -9.2002723e-01   6.6662241e-05   5.1326899e-04
   7.3500000e-01   8.2560225e+00  -1.4851588e+00   7.8867011e-02   1.2621487e-02  -4.3692301e-01   2.1107275e-01   2.4141086e-04  -2.0890221e-04  -7.6398055e-02  -9.0251076e-01   9.2325672e-05   4.9489287e-04
   7.3750000e-01   8.1801524e+00  -1.5511228e+00   7.9502151e-02   1.2787189e-02  -4.2636938e-01   3.0366925e-01   2.3096575e-04  -2.5816069e-04  -1.2152356e-01  -8.7518991e-01   1.1707030e-04   4.7123889e-04
   7.4000000e-01   8.1010433e+00  -1.6152326e+00   8.0145333e-02   1.2944253e-02  -4.1118593e-01   3.9284246e-01   2.1805773e-04  -3.0461879e-04  -1.6528303e-01  -8.3838025e-01   1.4063223e-04   4.4258540e-04
   7.4250000e-01   8.0186368e+00  -1.6772594e+00   8.0796479e-02   1.3091943e-02  -3.9154382e-01   4.7761628e-01   2.0282680e-04  -3.4775373e-04  -2.0720201e-01  -7.9250391e-01   1.6276148e-04   4.0927197e-04
   7.4500000e-01   7.9332685e+00  -1.7372357e+00   8.1454575e-02   1.3230678e-02  -3.6766302e-01   5.5706687e-01   1.8543913e-04  -3.8708579e-04  -2.4682718e-01  -7.3808402e-01   1.8322506e-04   3.7169413e-04
   7.4750000e-01   7.8450380e+00  -1.7950618e+00   8.2119195e-02   1.3360251e-02  -3.3980970e-01   6.3033274e-01   1.6608485e-04  -4.2218342e-04  -2.8373135e-01  -6.7573855e-01   2.0180976e-04   3.3029842e-04
   7.5000000e-01   7.7538286e+00  -1.8504447e+00   8.2790367e-02   1.3479665e-02  -3.0829309e-01   6.9662416e-01   1.4497569e-04  -4.5266811e-04  -3.1751826e-01  -6.0617325e-01   2.1832467e-04   2.8557720e-04
   7.5250000e-01   7.6599382e+00  -1.9034236e+00   8.3467201e-02   1.3589309e-02  -2.7346190e-01   7.5523301e-01   1.2234230e-04  -4.7822096e-04  -3.4782690e-01  -5.3017237e-01   2.3260352e-04   2.3806060e-04
   7.5500000e-01   7.5635525e+00  -1.9539815e+00   8.4149089e-02   1.3689293e-02  -2.3570028e-01   8.0554042e-01   9.8431272e-05  -4.9858606e-04  -3.7433550e-01  -4.4858936e-01   2.4450654e-04   1.8830948e-04
   7.5750000e-01   7.4646141e+00  -2.0018481e+00   8.4835893e-02   1.3778727e-02  -1.9542329e-01   8.4702313e-01   7.3501987e-05  -5.1357283e-04  -3.9676495e-01  -3.6233709e-01   2.5392201e-04   1.3690894e-04
   7.6000000e-01   7.3633524e+00  -2.0470380e+00   8.5526898e-02   1.3857848e-02  -1.5307216e-01   8.7925956e-01   4.7823364e-05  -5.2305909e-04  -4.1488179e-01  -2.7237629e-01   2.6076745e-04   8.4459003e-05
   7.6250000e-01   7.2600177e+00  -2.0896449e+00   8.6221414e-02   1.3927150e-02  -1.0910921e-01   9.0193401e-01   2.1670427e-05  -5.2699192e-04  -4.2850060e-01  -1.7970390e-01   2.6499040e-04   3.1566184e-05
   7.6500000e-01   7.1544212e+00  -2.1291639e+00   8.6919426e-02   1.3984880e-02  -6.4012543e-02   9.1483926e-01  -4.6791501e-06  -5.2538710e-04  -4.3748578e-01  -8.5342577e-02   2.6656870e-04  -2.1162134e-05
   7.6750000e-01   7.0470945e+00  -2.1660999e+00   8.7619833e-02   1.4033048e-02  -1.8270612e-02   9.1787871e-01  -3.0948487e-05  -5.1832915e-04  -4.4175291e-01   9.6735747e-03   2.6551060e-04  -7.3130176e-05
   7.7000000e-01   6.9378865e+00  -2.1999587e+00   8.8322498e-02   1.4069948e-02   2.7623291e-02   9.1106620e-01  -5.6864926e-05  -5.0596861e-04  -4.4126923e-01   1.0430892e-01   2.6185409e-04  -1.2375746e-04
   7.7250000e-01   6.8271393e+00  -2.2310484e+00   8.9026679e-02   1.4096810e-02   7.3176569e-02   8.9452505e-01  -8.2163339e-05  -4.8851946e-04  -4.3605379e-01   1.9753990e-01   2.5566622e-04  -1.7248957e-04
   7.7500000e-01   6.7148356e+00  -2.2590261e+00   8.9731975e-02   1.4112495e-02   1.1790279e-01   8.6848562e-01  -1.0658929e-04  -4.6625531e-04  -4.2617680e-01   2.8836550e-01   2.4704175e-04  -2.1880284e-04
   7.7750000e-01   6.6013036e+00  -2.2842762e+00   9.0437780e-02   1.4118462e-02   1.6132704e-01   8.3328142e-01  -1.2990204e-04  -4.3950443e-04  -4.1175854e-01   3.7581973e-01   2.3610162e-04  -2.6221332e-04
   7.8000000e-01   6.4864804e+00  -2.3062844e+00   9.1143599e-02   1.4112966e-02   2.0299108e-01   7.8934460e-01  -1.5187725e-04  -4.0864514e-04  -3.9296756e-01   4.5898099e-01   2.2299096e-04  -3.0227991e-04
   7.8250000e-01   6.3706831e+00  -2.3254809e+00   9.1848910e-02   1.4097597e-02   2.4245828e-01   7.3719935e-01  -1.7230949e-04  -3.7409882e-04  -3.7001853e-01   5.3698343e-01   2.0787697e-04  -3.3861210e-04
   7.8500000e-01   6.2540115e+00  -2.3417849e+00   9.2553233e-02   1.4072126e-02   2.7931823e-01   6.7745521e-01  -1.9101442e-04  -3.3632393e-04  -3.4316938e-01   6.0902539e-01   1.9094638e-04  -3.7087282e-04
   7.8750000e-01   6.1365579e+00  -2.3549819e+00   9.3255915e-02   1.4035865e-02   3.1319096e-01   6.1079910e-01  -2.0783060e-04  -2.9580929e-04  -3.1271813e-01   6.7437768e-01   1.7240275e-04  -3.9878171e-04
   7.9000000e-01   6.0185381e+00  -2.3653844e+00   9.3956602e-02   1.3989941e-02   3.4373090e-01   5.3798629e-01  -2.2262106e-04  -2.5306608e-04  -2.7899927e-01   7.3239134e-01   1.5246368e-04  -4.2211856e-04
   7.9250000e-01   5.9000778e+00  -2.3730114e+00   9.4654836e-02   1.3934457e-02   3.7063019e-01   4.5983110e-01  -2.3527435e-04  -2.0862093e-04  -2.4237973e-01   7.8250352e-01   1.3135777e-04  -4.4072418e-04
   7.9500000e-01   5.7812930e+00  -2.3776790e+00   9.5349885e-02   1.3868812e-02   3.9362173e-01   3.7719710e-01  -2.4570539e-04  -1.6300863e-04  -2.0325458e-01   8.2424252e-01   1.0932158e-04  -4.5450094e-04
   7.9750000e-01   5.6623485e+00  -2.3796251e+00   9.6041446e-02   1.3793848e-02   4.1248157e-01   2.9098649e-01  -2.5385582e-04  -1.1676426e-04  -1.6204248e-01   8.5723193e-01   8.6596544e-05  -4.6341287e-04
   8.0000000e-01   5.5433726e+00  -2.3789578e+00   9.6729156e-02   1.3709952e-02   4.2703089e-01   2.0212961e-01  -2.5969403e-04  -7.0416270e-05  -1.1918092e-01   8.8119324e-01   6.3425917e-05  -4.6748415e-04
   8.0250000e-01   5.4244966e+00  -2.3756154e+00   9.7412370e-02   1.3616927e-02   4.3713736e-01   1.1157429e-01  -2.6321484e-04  -2.4479738e-05  -7.5121285e-02   8.9594733e-01   4.0051726e-05  -4.6679709e-04
   8.0500000e-01   5.3058606e+00  -2.3696696e+00   9.8090597e-02   1.3515023e-02   4.4271607e-01   2.0275089e-02  -2.6443882e-04   2.0550285e-05  -3.0323950e-02   9.0141490e-01   1.6711888e-05  -4.6148931e-04
   8.0750000e-01   5.1875681e+00  -2.3613480e+00   9.8763729e-02   1.3405018e-02   4.4372982e-01  -7.0817187e-02  -2.6341131e-04   6.4204593e-05   1.4746763e-02   8.9761563e-01  -6.3625611e-06  -4.5175016e-04
   8.1000000e-01   5.0697607e+00  -2.3505891e+00   9.9431040e-02   1.3286701e-02   4.4018897e-01  -1.6076577e-01  -2.6020108e-04   1.0604526e-04   5.9627513e-02   8.8466626e-01  -2.8950053e-05  -4.3781649e-04
   8.1250000e-01   4.9525636e+00  -2.3374961e+00   1.0009212e-01   1.3160412e-02   4.3215068e-01  -2.4865777e-01  -2.5489882e-04   1.4567040e-04   1.0386079e-01   8.6277764e-01  -5.0840862e-05  -4.1996793e-04
   8.1500000e-01   4.8360239e+00  -2.3223434e+00   1.0074714e-01   1.3027079e-02   4.1971780e-01  -3.3361337e-01  -2.4761531e-04   1.8271782e-04   1.4699965e-01   8.3225084e-01  -7.1839244e-05  -3.9852178e-04
   8.1750000e-01   4.7203748e+00  -2.3048935e+00   1.0139466e-01   1.2885871e-02   4.0303715e-01  -4.1479499e-01  -2.3847942e-04   2.1686920e-04   1.8861216e-01   7.9347212e-01  -9.1765319e-05  -3.7382717e-04
   8.2000000e-01   4.6055576e+00  -2.2856272e+00   1.0203565e-01   1.2738416e-02   3.8229741e-01  -4.9141469e-01  -2.2763597e-04   2.4785130e-04   2.2828574e-01   7.4690756e-01  -1.1045666e-04  -3.4625987e-04
   8.2250000e-01   4.4918630e+00  -2.2642631e+00   1.0266829e-01   1.2583719e-02   3.5772670e-01  -5.6274232e-01  -2.1524342e-04   2.7543939e-04   2.6563109e-01   6.9309621e-01  -1.2776965e-04  -3.1621550e-04
   8.2500000e-01   4.3791942e+00  -2.2412415e+00   1.0329366e-01   1.2423274e-02   3.2958960e-01  -6.2811111e-01  -2.0147146e-04   2.9945649e-04   3.0028588e-01   6.3264364e-01  -1.4358041e-04  -2.8410465e-04
   8.2750000e-01   4.2677452e+00  -2.2164947e+00   1.0391068e-01   1.2256815e-02   2.9818407e-01  -6.8692402e-01  -1.8649864e-04   3.1977505e-04   3.3191804e-01   5.6621390e-01  -1.5778563e-04  -2.5034609e-04
   8.3000000e-01   4.1576037e+00  -2.1901269e+00   1.0451904e-01   1.2084668e-02   2.6383789e-01  -7.3865824e-01  -1.7050990e-04   3.3631601e-04   3.6022871e-01   4.9452169e-01  -1.7030293e-04  -2.1536127e-04
   8.3250000e-01   4.0487101e+00  -2.1623938e+00   1.0511934e-01   1.1907697e-02   2.2690500e-01  -7.8286880e-01  -1.5369411e-04   3.4904724e-04   3.8495478e-01   4.1832450e-01  -1.8107098e-04  -1.7956963e-04
   8.3500000e-01   3.9413850e+00  -2.1331523e+00   1.0570976e-01   1.1725350e-02   1.8776159e-01  -8.1919214e-01  -1.3624176e-04   3.5798322e-04   4.0587099e-01   3.3841300e-01  -1.9004946e-04  -1.4338114e-04
   8.3750000e-01   3.8354330e+00  -2.1027479e+00   1.0629168e-01   1.1538816e-02   1.4680201e-01  -8.4734732e-01  -1.1834261e-04   3.6318107e-04   4.2279163e-01   2.5560392e-01  -1.9721851e-04  -1.0719453e-04
   8.4000000e-01   3.7311258e+00  -2.0711174e+00   1.0686360e-01   1.1347818e-02   1.0443468e-01  -8.6713778e-01  -1.0018357e-04   3.6473921e-04   4.3557181e-01   1.7072997e-01  -2.0257823e-04  -7.1389827e-05
   8.4250000e-01   3.6283544e+00  -2.0384790e+00   1.0742630e-01   1.1153101e-02   6.1077817e-02  -8.7845113e-01  -8.1946626e-05   3.6279327e-04   4.4410830e-01   8.4632474e-02  -2.0614772e-04  -3.6326909e-05
   8.4500000e-01   3.5272856e+00  -2.0048646e+00   1.0797890e-01   1.0954728e-02   1.7155291e-02  -8.8125875e-01  -6.3806975e-05   3.5751313e-04   4.4833993e-01  -1.8479655e-03  -2.0796407e-04  -2.3400422e-06
   8.4750000e-01   3.4279022e+00  -1.9704069e+00   1.0852160e-01   1.0753137e-02  -2.6907615e-02  -8.7561429e-01  -4.5931331e-05   3.4909883e-04   4.4824753e-01  -8.7879015e-02  -2.0808107e-04   3.0263771e-05
   8.5000000e-01   3.3302348e+00  -1.9352086e+00   1.0905430e-01   1.0548660e-02  -7.0688299e-02  -8.6165144e-01  -2.8476402e-05   3.3777672e-04   4.4385358e-01  -1.7264464e-01  -2.0656788e-04   6.1207607e-05
   8.5250000e-01   3.2344117e+00  -1.8993274e+00   1.0957631e-01   1.0341450e-02  -1.1377084e-01  -8.3958101e-01  -1.1587578e-05   3.2379514e-04   4.3522135e-01  -2.5535296e-01  -2.0350750e-04   9.0247290e-05
   8.5500000e-01   3.1402511e+00  -1.8629250e+00   1.1008875e-01   1.0132089e-02  -1.5574986e-01  -8.0968755e-01   4.6021676e-06   3.0742073e-04   4.2245371e-01  -3.3524214e-01  -1.9899514e-04   1.1717040e-04
   8.5750000e-01   3.0481374e+00  -1.8259929e+00   1.1058943e-01   9.9204483e-03  -1.9623421e-01  -7.7232456e-01   1.9973193e-05   2.8893292e-04   4.0569162e-01  -4.1158906e-01  -1.9313663e-04   1.4180145e-04
   8.6000000e-01   2.9577510e+00  -1.7887022e+00   1.1108023e-01   9.7071762e-03  -2.3485041e-01  -7.2791070e-01   3.4419829e-05   2.6862167e-04   3.8511218e-01  -4.8371272e-01  -1.8604656e-04   1.6399688e-04
   8.6250000e-01   2.8691657e+00  -1.7511141e+00   1.1156073e-01   9.4924569e-03  -2.7124592e-01  -6.7692412e-01   4.7850903e-05   2.4678245e-04   3.6092656e-01  -5.5098115e-01  -1.7784672e-04   1.8364803e-04
   8.6500000e-01   2.7826500e+00  -1.7132783e+00   1.1202942e-01   9.2763882e-03  -3.0509210e-01  -6.1989622e-01   6.0190017e-05   2.2371107e-04   3.3337752e-01  -6.1281693e-01  -1.6866432e-04   2.0068170e-04
   8.6750000e-01   2.6979859e+00  -1.6753000e+00   1.1248753e-01   9.0593776e-03  -3.3608689e-01  -5.5740696e-01   7.1375563e-05   1.9970246e-04   3.0273670e-01  -6.6869969e-01  -1.5863025e-04   2.1505591e-04
   8.7000000e-01   2.6151466e+00  -1.6372472e+00   1.1293520e-01   8.8416610e-03  -3.6395722e-01  -4.9007823e-01   8.1360679e-05   1.7504645e-04   2.6930174e-01  -7.1817047e-01  -1.4787746e-04   2.2675998e-04
   8.7250000e-01   2.5341391e+00  -1.5991813e+00   1.1337239e-01   8.6234452e-03  -3.8846112e-01  -4.1856736e-01   9.0112996e-05   1.5002446e-04   2.3339324e-01  -7.6083478e-01  -1.3653947e-04   2.3581313e-04
   8.7500000e-01   2.4551936e+00  -1.5611740e+00   1.1379773e-01   8.4049187e-03  -4.0938947e-01  -3.4355965e-01   9.7614213e-05   1.2490478e-04   1.9535153e-01  -7.9636533e-01  -1.2474882e-04   2.4226342e-04
   8.7750000e-01   2.3781178e+00  -1.5232826e+00   1.1421231e-01   8.1863265e-03  -4.2656744e-01  -2.6576328e-01   1.0385945e-04   9.9943274e-05   1.5553329e-01  -8.2450268e-01  -1.1263566e-04   2.4618354e-04
   8.8000000e-01   2.3028376e+00  -1.4855545e+00   1.1461651e-01   7.9678531e-03  -4.3985559e-01  -1.8590236e-01   1.0885661e-04   7.5380429e-05   1.1430818e-01  -8.4505672e-01  -1.0032649e-04   2.4766935e-04
   8.8250000e-01   2.2295064e+00  -1.4480602e+00   1.1500940e-01   7.7497081e-03  -4.4915070e-01  -1.0470918e-01   1.1262563e-04   5.1437505e-05   7.2055377e-02  -8.5790726e-01  -8.7943030e-05   2.4683784e-04
   8.8500000e-01   2.1580806e+00  -1.4108477e+00   1.1539118e-01   7.5320738e-03  -4.5438616e-01  -2.2918602e-02   1.1519750e-04   2.8316703e-05   2.9160044e-02  -8.6300358e-01  -7.5601147e-05   2.4382394e-04
   8.8750000e-01   2.0883806e+00  -1.3739344e+00   1.1576284e-01   7.3150609e-03  -4.5553209e-01   5.8737726e-02   1.1661333e-04   6.2012994e-06  -1.3990105e-02  -8.6036364e-01  -6.3409959e-05   2.3877798e-04
   8.9000000e-01   2.0206572e+00  -1.3374136e+00   1.1612283e-01   7.0989428e-03  -4.5259521e-01   1.3953960e-01   1.1692340e-04  -1.4749175e-05  -5.7008256e-02  -8.5007278e-01  -5.1471068e-05   2.3186305e-04
   8.9250000e-01   1.9547024e+00  -1.3012868e+00   1.1647233e-01   6.8837836e-03  -4.4561823e-01   2.1878210e-01   1.1618594e-04  -3.4395192e-05  -9.9511865e-02  -8.3228185e-01  -3.9877924e-05   2.2325242e-04
   8.9500000e-01   1.8904399e+00  -1.2655731e+00   1.1681172e-01   6.6696794e-03  -4.3467913e-01   2.9578192e-01   1.1446618e-04  -5.2618713e-05  -1.4112593e-01  -8.0720500e-01  -2.8715310e-05   2.1312714e-04
   8.9750000e-01   1.8281417e+00  -1.2303825e+00   1.1713929e-01   6.4569673e-03  -4.1989005e-01   3.6988439e-01   1.1183525e-04  -6.9326253e-05  -1.8148615e-01  -7.7511620e-01  -1.8058961e-05   2.0167244e-04
   9.0000000e-01   1.7674642e+00  -1.1956581e+00   1.1745702e-01   6.2455388e-03  -4.0139584e-01   4.4046574e-01   1.0836894e-04  -8.4443012e-05  -2.2024193e-01  -7.3634696e-01  -7.9753459e-06   1.8907714e-04
   9.0250000e-01   1.7085121e+00  -1.1614623e+00   1.1776420e-01   6.0356063e-03  -3.7937257e-01   5.0693984e-01   1.0414679e-04  -9.7916371e-05  -2.5705926e-01  -6.9128194e-01   1.4785046e-06   1.7553005e-04
   9.0500000e-01   1.6513414e+00  -1.1278461e+00   1.1806040e-01   5.8273567e-03  -3.5402559e-01   5.6876221e-01   9.9250976e-05  -1.0971455e-04  -2.9162333e-01  -6.4035490e-01   1.0255001e-05   1.6121766e-04
   9.0750000e-01   1.5957261e+00  -1.0947641e+00   1.1834692e-01   5.6206931e-03  -3.2558750e-01   6.2543287e-01   9.3765252e-05  -1.1982350e-04  -3.2364105e-01  -5.8404521e-01   1.8315878e-05   1.4632397e-04
   9.1000000e-01   1.5418143e+00  -1.0622960e+00   1.1862275e-01   5.4158902e-03  -2.9431588e-01   6.7650119e-01   8.7774081e-05  -1.2824861e-04  -3.5284329e-01  -5.2287212e-01   2.5632072e-05   1.3102638e-04
   9.1250000e-01   1.4895402e+00  -1.0304455e+00   1.1888820e-01   5.2129962e-03  -2.6049085e-01   7.2156807e-01   8.1361655e-05  -1.3501185e-04  -3.7898688e-01  -4.5739055e-01   3.2183386e-05   1.1549540e-04
   9.1500000e-01   1.4387512e+00  -9.9917813e-01   1.1914414e-01   5.0119362e-03  -2.2441247e-01   7.6028835e-01   7.4611067e-05  -1.4015002e-04  -4.0185639e-01  -3.8818651e-01   3.7958152e-05   9.9894168e-05
   9.1750000e-01   1.3895652e+00  -9.6856412e-01   1.1938972e-01   4.8129663e-03  -1.8639808e-01   7.9237359e-01   6.7603571e-05  -1.4371483e-04  -4.2126570e-01  -3.1587080e-01   4.2952857e-05   8.4374931e-05
   9.2000000e-01   1.3419379e+00  -9.3860852e-01   1.1962512e-01   4.6161382e-03  -1.4677943e-01   8.1759322e-01   6.0417835e-05  -1.4577038e-04  -4.3705923e-01  -2.4107437e-01   4.7171601e-05   6.9079398e-05
   9.2250000e-01   1.2957207e+00  -9.0926796e-01   1.1985120e-01   4.4213424e-03  -1.0589979e-01   8.3577552e-01   5.3129321e-05  -1.4639145e-04  -4.4911294e-01  -1.6444350e-01   5.0625568e-05   5.4138972e-05
   9.2500000e-01   1.2509086e+00  -8.8055785e-01   1.2006790e-01   4.2286599e-03  -6.4111047e-02   8.4680863e-01   4.5809754e-05  -1.4566252e-04  -4.5733511e-01  -8.6633724e-02   5.3332515e-05   3.9672806e-05
   9.2750000e-01   1.2076618e+00  -8.5257077e-01   1.2027404e-01   4.0384394e-03  -2.1770645e-02   8.5064070e-01   3.8526633e-05  -1.4367626e-04  -4.6166679e-01  -8.3036563e-03   5.5316154e-05   2.5785641e-05
   9.3000000e-01   1.1657450e+00  -8.2521516e-01   1.2047108e-01   3.8504026e-03   2.0761360e-02   8.4727936e-01   3.1342825e-05  -1.4053145e-04  -4.6208197e-01   6.9888376e-02   5.6605435e-05   1.2571551e-05
   9.3250000e-01   1.1251241e+00  -7.9848894e-01   1.2065916e-01   3.6645718e-03   6.3125298e-02   8.3679122e-01   2.4316257e-05  -1.3633199e-04  -4.5858756e-01   1.4729056e-01   5.7234012e-05   1.1180209e-07
   9.3500000e-01   1.0857810e+00  -7.7239666e-01   1.2083831e-01   3.4809930e-03   1.0496483e-01   8.1930071e-01   1.7499663e-05  -1.3118540e-04  -4.5122304e-01   2.2326280e-01   5.7239602e-05  -1.1525290e-05
   9.3750000e-01   1.0478690e+00  -7.4703063e-01   1.2100732e-01   3.3000334e-03   1.4592984e-01   7.9498815e-01   1.0940397e-05  -1.2520090e-04  -4.4005990e-01   2.9718257e-01   5.6663338e-05  -2.2285868e-05
   9.4000000e-01   1.0111712e+00  -7.2229399e-01   1.2116761e-01   3.1213781e-03   1.8567922e-01   7.6408823e-01   4.6803567e-06  -1.1848895e-04  -4.2520078e-01   3.6844773e-01   5.5549045e-05  -3.2126470e-05
   9.4250000e-01   9.7566958e-01  -6.9818865e-01   1.2131920e-01   2.9450654e-03   2.2388360e-01   7.2688740e-01  -1.2440868e-06  -1.1115976e-04  -4.0677841e-01   4.3648215e-01   5.3942723e-05  -4.1015669e-05
   9.4500000e-01   9.4133396e-01  -6.7470911e-01   1.2146221e-01   2.7711067e-03   2.6022794e-01   6.8372120e-01  -6.8020708e-06  -1.0332214e-04  -3.8495432e-01   5.0073993e-01   5.1891941e-05  -4.8933434e-05
   9.4750000e-01   9.0815671e-01  -6.5186147e-01   1.2159659e-01   2.5995578e-03   2.9441398e-01   6.3497105e-01  -1.1968174e-05  -9.5082391e-05  -3.5991734e-01   5.6070954e-01   4.9445271e-05  -5.5870723e-05
   9.5000000e-01   8.7609033e-01  -6.2962921e-01   1.2172257e-01   2.4303886e-03   3.2616251e-01   5.8106095e-01  -1.6722290e-05  -8.6543586e-05  -3.3188188e-01   6.1591731e-01   4.6651737e-05  -6.1828457e-05
   9.5250000e-01   8.4511314e-01  -6.0800903e-01   1.2184021e-01   2.2636195e-03   3.5521554e-01   5.2245377e-01  -2.1049467e-05  -7.7804612e-05  -3.0108604e-01   6.6593099e-01   4.3560316e-05  -6.6817011e-05
   9.5500000e-01   8.1528054e-01  -5.8704154e-01   1.2194895e-01   2.0994485e-03   3.8133821e-01   4.5964690e-01  -2.4939695e-05  -6.8958779e-05  -2.6778951e-01   7.1036301e-01   4.0219468e-05  -7.0855881e-05
   9.5750000e-01   7.8644416e-01  -5.6664973e-01   1.2204984e-01   1.9376030e-03   4.0432054e-01   3.9316897e-01  -2.8387631e-05  -6.0094928e-05  -2.3227139e-01   7.4887245e-01   3.6676676e-05  -7.3971525e-05
   9.6000000e-01   7.5861248e-01  -5.4684541e-01   1.2214270e-01   1.7781643e-03   4.2397897e-01   3.2357484e-01  -3.1392375e-05  -5.1295666e-05  -1.9482779e-01   7.8116792e-01   3.2978103e-05  -7.6197614e-05
   9.6250000e-01   7.3175638e-01  -5.2761810e-01   1.2222764e-01   1.6211238e-03   4.4015770e-01   2.5144124e-01  -3.3957157e-05  -4.2637280e-05  -1.5576942e-01   8.0700933e-01   2.9168225e-05  -7.7573939e-05
   9.6500000e-01   7.0585483e-01  -5.0896155e-01   1.2230473e-01   1.4664909e-03   4.5272976e-01   1.7736209e-01  -3.6089019e-05  -3.4189367e-05  -1.1541898e-01   8.2620943e-01   2.5289530e-05  -7.8145592e-05
   9.6750000e-01   6.8081196e-01  -4.9082317e-01   1.2237467e-01   1.3140732e-03   4.6159785e-01   1.0194413e-01  -3.7798486e-05  -2.6015413e-05  -7.4108541e-02   8.3863481e-01   2.1382254e-05  -7.7961984e-05
   9.7000000e-01   6.5676771e-01  -4.7329365e-01   1.2243614e-01   1.1643004e-03   4.6669506e-01   2.5800896e-02  -3.9099256e-05  -1.8170187e-05  -3.2176830e-02   8.4420684e-01   1.7484157e-05  -7.7076468e-05
   9.7250000e-01   6.3357047e-01  -4.5628568e-01   1.2249031e-01   1.0168316e-03   4.6798510e-01  -5.0450542e-02  -4.0007765e-05  -1.0702805e-05   1.0033482e-02   8.4290160e-01   1.3630336e-05  -7.5544976e-05
   9.7500000e-01   6.1119549e-01  -4.3978802e-01   1.2253729e-01   8.7165027e-04   4.6546258e-01  -1.2619508e-01  -4.0542905e-05  -3.6554289e-06   5.2178532e-02   8.3474999e-01   9.8530903e-06  -7.3425598e-05
   9.7750000e-01   5.8963144e-01  -4.2379745e-01   1.2257708e-01   7.2877608e-04   4.5915283e-01  -2.0082440e-01  -4.0725676e-05   2.9367801e-06   9.3916002e-02   8.1983707e-01   6.1818130e-06  -7.0777831e-05
   9.8000000e-01   5.6881947e-01  -4.0828038e-01   1.2261010e-01   5.8808815e-04   4.4911161e-01  -2.7374140e-01  -4.0578837e-05   9.0449883e-06   1.3490783e-01   7.9830123e-01   2.6429239e-06  -6.7661996e-05
   9.8250000e-01   5.4874675e-01  -3.9323161e-01   1.2263637e-01   4.4959299e-04   4.3542455e-01  -3.4436503e-01  -4.0126588e-05   1.4646978e-05   1.7482286e-01   7.7033276e-01  -7.4017349e-07  -6.4138550e-05
   9.8500000e-01   5.2939201e-01  -3.7864033e-01   1.2265600e-01   3.1327123e-04   4.1820631e-01  -4.1213467e-01  -3.9394240e-05   1.9726792e-05   2.1333947e-01   7.3617211e-01  -3.9470988e-06  -6.0267499e-05
   9.8750000e-01   5.1084392e-01  -3.6456639e-01   1.2266802e-01   1.7945105e-04   3.9759959e-01  -4.7651485e-01  -3.8407901e-05   2.4275431e-05   2.5014805e-01   6.9610753e-01  -6.9604716e-06  -5.6107213e-05
   9.9000000e-01   4.9301337e-01  -3.5095555e-01   1.2267316e-01   4.7913627e-05   3.7377387e-01  -5.3699846e-01  -3.7194130e-05   2.8288721e-05   2.8495340e-01   6.5047292e-01  -9.7658303e-06  -5.1714770e-05
   9.9250000e-01   4.7581829e-01  -3.3775678e-01   1.2267210e-01  -8.1559261e-05   3.4692396e-01  -5.9311054e-01  -3.5779695e-05   3.1767123e-05   3.1747703e-01   5.9964522e-01  -1.2351567e-05  -4.7145697e-05
   9.9500000e-01   4.5924231e-01  -3.2496095e-01   1.2266493e-01  -2.0898402e-04   3.1726846e-01  -6.4441225e-01  -3.4191340e-05   3.4715988e-05   3.4745927e-01   5.4404112e-01  -1.4708850e-05  -4.2453248e-05
   9.9750000e-01   4.4326789e-01  -3.1255805e-01   1.2265172e-01  -3.3438218e-04   2.8504787e-01  -6.9050402e-01  -3.2455542e-05   3.7145133e-05   3.7466130e-01   4.8411363e-01  -1.6831511e-05  -3.7688066e-05
   1.0000000e+00   4.2787787e-01  -3.0053809e-01   1.2263257e-01  -4.5777560e-04   2.5052269e-01  -7.3102857e-01  -3.0598287e-05   3.9068415e-05   3.9886697e-01   4.2034848e-01  -1.8715913e-05  -3.2897897e-05
