   0.0000000e+00   4.2787787e-01  -3.0053809e-01   1.2263257e-01  -4.5777560e-04   5.4553394e-01   3.4562268e-01   6.2443351e-05  -1.0020984e-04   3.1230548e-01  -6.1325734e-01  -4.1963733e-05   7.7271745e-05
   2.5000000e-03   4.1324398e-01  -2.8901554e-01   1.2260558e-01  -5.7850856e-04   5.6281506e-01   3.1058552e-01   5.7432863e-05  -9.2814355e-05   2.8164263e-01  -6.3155342e-01  -3.8100149e-05   7.8688048e-05
   5.0000000e-03   3.9910284e-01  -2.7781823e-01   1.2257337e-01  -6.9746231e-04   5.7834432e-01   2.7464556e-01   5.2792148e-05  -8.5595199e-05   2.5006498e-01  -6.4784879e-01  -3.4165749e-05   7.9678900e-05
   7.5000000e-03   3.8544471e-01  -2.6694008e-01   1.2253599e-01  -8.1465149e-04   5.9207659e-01   2.3791494e-01   4.8512391e-05  -7.8569759e-05   2.1767257e-01  -6.6210319e-01  -3.0181807e-05   8.0268514e-05
   1.0000000e-02   3.7230350e-01  -2.5640402e-01   1.2249302e-01  -9.2992428e-04   6.0397233e-01   2.0050700e-01   4.4583906e-05  -7.1752711e-05   1.8456743e-01  -6.7428249e-01  -2.6168384e-05   8.0481437e-05
   1.2500000e-02   3.5981620e-01  -2.4630150e-01   1.2244282e-01  -1.0427090e-03   6.1399767e-01   1.6253518e-01   4.0996273e-05  -6.5154598e-05   1.5085333e-01  -6.8435885e-01  -2.2144315e-05   8.0342625e-05
   1.5000000e-02   3.4779948e-01  -2.3651126e-01   1.2238731e-01  -1.1536584e-03   6.2212443e-01   1.2411509e-01   3.7738546e-05  -5.8786480e-05   1.1663541e-01  -6.9231006e-01  -1.8127186e-05   7.9875971e-05
   1.7500000e-02   3.3608794e-01  -2.2692358e-01   1.2232834e-01  -1.2634145e-03   6.2833018e-01   8.5364047e-02   3.4799224e-05  -5.2659868e-05   8.2019931e-02  -6.9811986e-01  -1.4133391e-05   7.9104776e-05
   2.0000000e-02   3.2510227e-01  -2.1781768e-01   1.2226095e-01  -1.3702507e-03   6.3259838e-01   4.6396536e-02   3.2166232e-05  -4.6778213e-05   4.7113962e-02  -7.0177848e-01  -1.0178155e-05   7.8052798e-05
   2.2500000e-02   3.1438654e-01  -2.0889078e-01   1.2219036e-01  -1.4759724e-03   6.3491820e-01   7.3303594e-03   2.9827323e-05  -4.1149936e-05   1.2025063e-02  -7.0328186e-01  -6.2755175e-06   7.6742490e-05
   2.5000000e-02   3.0415388e-01  -2.0028416e-01   1.2211403e-01  -1.5796926e-03   6.3528472e-01  -3.1718616e-02   2.7769828e-05  -3.5778612e-05  -2.3139005e-02  -7.0263212e-01  -2.4383957e-06   7.5196028e-05
   2.7500000e-02   2.9439935e-01  -1.9199378e-01   1.2203186e-01  -1.6813734e-03   6.3369879e-01  -7.0635120e-02   2.5980898e-05  -3.0666336e-05  -5.8270587e-02  -6.9983734e-01   1.3214030e-06   7.3434797e-05
   3.0000000e-02   2.8489282e-01  -1.8386733e-01   1.2194665e-01  -1.7819912e-03   6.3016704e-01  -1.0930310e-01   2.4447583e-05  -2.5817146e-05  -9.3262429e-02  -6.9491172e-01   4.9931403e-06   7.1479803e-05
   3.2500000e-02   2.7594118e-01  -1.7610660e-01   1.2185451e-01  -1.8801777e-03   6.2470189e-01  -1.4761000e-01   2.3156726e-05  -2.1229174e-05  -1.2800799e-01  -6.8787511e-01   8.5671279e-06   6.9350727e-05
   3.5000000e-02   2.6735198e-01  -1.6858366e-01   1.2175773e-01  -1.9767358e-03   6.1732139e-01  -1.8544333e-01   2.2095268e-05  -1.6902176e-05  -1.6240172e-01  -6.7875332e-01   1.2034662e-05   6.7066762e-05
   3.7500000e-02   2.5907919e-01  -1.6126779e-01   1.2165686e-01  -2.0718563e-03   6.0804923e-01  -2.2269205e-01   2.1250160e-05  -1.2835399e-05  -1.9633936e-01  -6.6757805e-01   1.5387998e-05   6.4646487e-05
   4.0000000e-02   2.5115402e-01  -1.5417875e-01   1.2155146e-01  -2.1653787e-03   5.9691464e-01  -2.5924742e-01   2.0608391e-05  -9.0265565e-06  -2.2971824e-01  -6.5438658e-01   1.8620320e-05   6.2107539e-05
   4.2500000e-02   2.4367171e-01  -1.4737682e-01   1.2144015e-01  -2.2568188e-03   5.8395227e-01  -2.9500369e-01   2.0157063e-05  -5.4711094e-06  -2.6243755e-01  -6.3922144e-01   2.1725694e-05   5.9466079e-05
   4.5000000e-02   2.3647297e-01  -1.4075749e-01   1.2132499e-01  -2.3468997e-03   5.6920210e-01  -3.2985659e-01   1.9883508e-05  -2.1658845e-06  -2.9439860e-01  -6.2213099e-01   2.4698996e-05   5.6738220e-05
   4.7500000e-02   2.2955649e-01  -1.3431931e-01   1.2120598e-01  -2.4356167e-03   5.5270928e-01  -3.6370474e-01   1.9775214e-05   8.9310576e-07  -3.2550513e-01  -6.0316890e-01   2.7535905e-05   5.3939259e-05
   5.0000000e-02   2.2300428e-01  -1.2811335e-01   1.2108192e-01  -2.5225454e-03   5.3452406e-01  -3.9645040e-01   1.9819869e-05   3.7116066e-06  -3.5566355e-01  -5.8239364e-01   3.0232866e-05   5.1082964e-05
   5.2500000e-02   2.1678182e-01  -1.2211542e-01   1.2095319e-01  -2.6078214e-03   5.1470155e-01  -4.2799896e-01   2.0005449e-05   6.2954686e-06  -3.8478321e-01  -5.5986871e-01   3.2787013e-05   4.8182384e-05
   5.5000000e-02   2.1081298e-01  -1.1627625e-01   1.2082083e-01  -2.6918097e-03   4.9330162e-01  -4.5825897e-01   2.0320222e-05   8.6501437e-06  -4.1277663e-01  -5.3566273e-01   3.5196130e-05   4.5250330e-05
   5.7500000e-02   2.0509356e-01  -1.1059246e-01   1.2068487e-01  -2.7745214e-03   4.7038869e-01  -4.8714280e-01   2.0752729e-05   1.0781551e-05  -4.3955975e-01  -5.0984895e-01   3.7458645e-05   4.2298822e-05
   6.0000000e-02   1.9974629e-01  -1.0513754e-01   1.2054346e-01  -2.8552933e-03   4.4603156e-01  -5.1456759e-01   2.1291806e-05   1.2697311e-05  -4.6505218e-01  -4.8250433e-01   3.9573585e-05   3.9337731e-05
   6.2500000e-02   1.9463683e-01  -9.9826638e-02   1.2039849e-01  -2.9348024e-03   4.2030320e-01  -5.4045399e-01   2.1926671e-05   1.4403857e-05  -4.8917737e-01  -4.5371071e-01   4.1540470e-05   3.6377434e-05
   6.5000000e-02   1.8974682e-01  -9.4647781e-02   1.2025022e-01  -3.0131381e-03   3.9328052e-01  -5.6472708e-01   2.2646864e-05   1.5907757e-05  -5.1186289e-01  -4.2355400e-01   4.3359340e-05   3.3427732e-05
   6.7500000e-02   1.8513488e-01  -8.9634403e-02   1.2009772e-01  -3.0899702e-03   3.6504419e-01  -5.8731692e-01   2.3442251e-05   1.7216336e-05  -5.3304058e-01  -3.9212347e-01   4.5030726e-05   3.0496947e-05
   7.0000000e-02   1.8080654e-01  -8.4786533e-02   1.1994085e-01  -3.1652425e-03   3.3567836e-01  -6.0815840e-01   2.4303067e-05   1.8337037e-05  -5.5264674e-01  -3.5951182e-01   4.6555572e-05   2.7592519e-05
   7.2500000e-02   1.7667920e-01  -8.0054188e-02   1.1978083e-01  -3.2393967e-03   3.0527046e-01  -6.2719113e-01   2.5219918e-05   1.9276713e-05  -5.7062232e-01  -3.2581548e-01   4.7935197e-05   2.4722185e-05
   7.5000000e-02   1.7274798e-01  -7.5433803e-02   1.1961774e-01  -3.3124546e-03   2.7391093e-01  -6.4435993e-01   2.6183753e-05   2.0042303e-05  -5.8691308e-01  -2.9113390e-01   4.9171305e-05   2.1893069e-05
   7.7500000e-02   1.6913479e-01  -7.0990538e-02   1.1944958e-01  -3.3837072e-03   2.4169296e-01  -6.5961534e-01   2.7185868e-05   2.0641498e-05  -6.0146977e-01  -2.5556838e-01   5.0265958e-05   1.9109964e-05
   8.0000000e-02   1.6569748e-01  -6.6642656e-02   1.1927858e-01  -3.4539479e-03   2.0871221e-01  -6.7291290e-01   2.8217942e-05   2.1081040e-05  -6.1424817e-01  -2.1922361e-01   5.1221455e-05   1.6378959e-05
   8.2500000e-02   1.6243459e-01  -6.2388776e-02   1.1910476e-01  -3.5231820e-03   1.7506659e-01  -6.8421382e-01   2.9271993e-05   2.1367692e-05  -6.2520935e-01  -1.8220646e-01   5.2040403e-05   1.3705588e-05
   8.5000000e-02   1.5944428e-01  -5.8278058e-02   1.1892648e-01  -3.5908261e-03   1.4085592e-01  -6.9348517e-01   3.0340377e-05   2.1508516e-05  -6.3431966e-01  -1.4462492e-01   5.2725682e-05   1.1093412e-05
   8.7500000e-02   1.5664546e-01  -5.4264500e-02   1.1874503e-01  -3.6573401e-03   1.0618169e-01  -7.0069965e-01   3.1415802e-05   2.1510089e-05  -6.4155091e-01  -1.0658910e-01   5.3280352e-05   8.5466370e-06
   9.0000000e-02   1.5400466e-01  -5.0330026e-02   1.1856096e-01  -3.7229179e-03   7.1146731e-02  -7.0583581e-01   3.2491306e-05   2.1378806e-05  -6.4688036e-01  -6.8210656e-02   5.3707684e-05   6.0694770e-06
   9.2500000e-02   1.5158871e-01  -4.6505362e-02   1.1837313e-01  -3.7871549e-03   3.5854966e-02  -7.0887817e-01   3.3560245e-05   2.1121040e-05  -6.5029089e-01  -2.9601665e-02   5.4011157e-05   3.6647084e-06
   9.5000000e-02   1.4937815e-01  -4.2776805e-02   1.1818183e-01  -3.8501562e-03   4.1108218e-04  -7.0981721e-01   3.4616297e-05   2.0742899e-05  -6.5177097e-01   9.1249912e-03   5.4194392e-05   1.3349888e-06
   9.7500000e-02   1.4731450e-01  -3.9115281e-02   1.1798805e-01  -3.9122701e-03  -3.5079753e-02  -7.0864938e-01   3.5653441e-05   2.0250300e-05  -6.5131472e-01   4.7855658e-02   5.4261142e-05  -9.1652760e-07
   1.0000000e-01   1.4543557e-01  -3.5536191e-02   1.1779113e-01  -3.9732646e-03  -7.0512197e-02  -7.0537716e-01   3.6665955e-05   1.9648983e-05  -6.4892194e-01   8.6476941e-02   5.4215316e-05  -3.0875950e-06
   1.0250000e-01   1.4377643e-01  -3.2050112e-02   1.1759045e-01  -4.0329196e-03  -1.0578103e-01  -7.0000902e-01   3.7648404e-05   1.8944384e-05  -6.4459810e-01   1.2487599e-01   5.4060936e-05  -5.1767798e-06
   1.0500000e-01   1.4224804e-01  -2.8617119e-02   1.1738754e-01  -4.0917755e-03  -1.4078146e-01  -6.9255947e-01   3.8595622e-05   1.8141908e-05  -6.3835430e-01   1.6293989e-01   5.3802097e-05  -7.1816022e-06
   1.0750000e-01   1.4088258e-01  -2.5249074e-02   1.1718183e-01  -4.1496347e-03  -1.7540941e-01  -6.8304898e-01   3.9502717e-05   1.7246720e-05  -6.3020731e-01   2.0055687e-01   5.3443017e-05  -9.1003079e-06
   1.1000000e-01   1.3973242e-01  -2.1961265e-02   1.1697241e-01  -4.2061740e-03  -2.0956183e-01  -6.7150383e-01   4.0365052e-05   1.6263544e-05  -6.2017948e-01   2.3761677e-01   5.2988002e-05  -1.0932085e-05
   1.1250000e-01   1.3870614e-01  -1.8717131e-02   1.1676087e-01  -4.2619539e-03  -2.4313700e-01  -6.5795630e-01   4.1178229e-05   1.5197295e-05  -6.0829865e-01   2.7401027e-01   5.2441398e-05  -1.2674995e-05
   1.1500000e-01   1.3782863e-01  -1.5524404e-02   1.1654677e-01  -4.3168218e-03  -2.7603479e-01  -6.4244442e-01   4.1938093e-05   1.4052626e-05  -5.9459814e-01   3.0963010e-01   5.1807649e-05  -1.4327622e-05
   1.1750000e-01   1.3716456e-01  -1.2399342e-02   1.1632901e-01  -4.3703842e-03  -3.0815699e-01  -6.2501168e-01   4.2640724e-05   1.2833582e-05  -5.7911665e-01   3.4437151e-01   5.1091268e-05  -1.5889526e-05
   1.2000000e-01   1.3660947e-01  -9.3063421e-03   1.1610938e-01  -4.4232822e-03  -3.3940755e-01  -6.0570745e-01   4.3282403e-05   1.1544720e-05  -5.6189808e-01   3.7813150e-01   5.0296793e-05  -1.7358975e-05
   1.2250000e-01   1.3620856e-01  -6.2576179e-03   1.1588711e-01  -4.4752414e-03  -3.6969290e-01  -5.8458638e-01   4.3859638e-05   1.0190157e-05  -5.4299152e-01   4.1081010e-01   4.9428844e-05  -1.8734927e-05
   1.2500000e-01   1.3599595e-01  -3.2571141e-03   1.1566165e-01  -4.5260616e-03  -3.9892220e-01  -5.6170826e-01   4.4369146e-05   8.7735581e-06  -5.2245103e-01   4.4231050e-01   4.8492099e-05  -2.0016792e-05
   1.2750000e-01   1.3588878e-01  -2.8166710e-04   1.1543441e-01  -4.5762475e-03  -4.2700759e-01  -5.3713836e-01   4.4807823e-05   7.2991881e-06  -5.0033552e-01   4.7253869e-01   4.7491260e-05  -2.1203032e-05
   1.3000000e-01   1.3594899e-01   2.6562525e-03   1.1520435e-01  -4.6254305e-03  -4.5386449e-01  -5.1094662e-01   4.5172782e-05   5.7706493e-06  -4.7670860e-01   5.0140457e-01   4.6431109e-05  -2.2292863e-05
   1.3250000e-01   1.3617604e-01   5.5622644e-03   1.1497152e-01  -4.6736256e-03  -4.7941181e-01  -4.8320774e-01   4.5461315e-05   4.1914276e-06  -4.5163839e-01   5.2882181e-01   4.5316467e-05  -2.3285468e-05
   1.3500000e-01   1.3649203e-01   8.4521406e-03   1.1473721e-01  -4.7212964e-03  -5.0357218e-01  -4.5400139e-01   4.5670886e-05   2.5657761e-06  -4.2519732e-01   5.5470774e-01   4.4152194e-05  -2.4179255e-05
   1.3750000e-01   1.3701431e-01   1.1309559e-02   1.1449952e-01  -4.7677636e-03  -5.2627223e-01  -4.2341097e-01   4.5799175e-05   8.9660489e-07  -3.9746195e-01   5.7898454e-01   4.2943232e-05  -2.4973760e-05
   1.4000000e-01   1.3765056e-01   1.4153001e-02   1.1425999e-01  -4.8135778e-03  -5.4744276e-01  -3.9152451e-01   4.5844005e-05  -8.1217012e-07  -3.6851275e-01   6.0157850e-01   4.1694545e-05  -2.5667622e-05
   1.4250000e-01   1.3840230e-01   1.6982279e-02   1.1401860e-01  -4.8587301e-03  -5.6701898e-01  -3.5843395e-01   4.5803396e-05  -2.5566320e-06  -3.3843384e-01   6.2242063e-01   4.0411165e-05  -2.6259528e-05
   1.4500000e-01   1.3935477e-01   1.9793913e-02   1.1377404e-01  -4.9027553e-03  -5.8494066e-01  -3.2423432e-01   4.5675565e-05  -4.3339260e-06  -3.0731283e-01   6.4144724e-01   3.9098189e-05  -2.6748773e-05
   1.4750000e-01   1.4039665e-01   2.2599901e-02   1.1352809e-01  -4.9462869e-03  -6.0115236e-01  -2.8902474e-01   4.5458869e-05  -6.1397533e-06  -2.7524049e-01   6.5859934e-01   3.7760752e-05  -2.7133821e-05
   1.5000000e-01   1.4160962e-01   2.5396895e-02   1.1327951e-01  -4.9888807e-03  -6.1560359e-01  -2.5290692e-01   4.5151881e-05  -7.9708278e-06  -2.4231055e-01   6.7382353e-01   3.6404062e-05  -2.7413660e-05
   1.5250000e-01   1.4295399e-01   2.8191669e-02   1.1302895e-01  -5.0307735e-03  -6.2824893e-01  -2.1598567e-01   4.4753340e-05  -9.8232708e-06  -2.0861940e-01   6.8707175e-01   3.5033380e-05  -2.7587008e-05
   1.5500000e-01   1.4440750e-01   3.0984599e-02   1.1277675e-01  -5.0720841e-03  -6.3904820e-01  -1.7836847e-01   4.4262177e-05  -1.1692802e-05  -1.7426583e-01   6.9830155e-01   3.3654030e-05  -2.7652504e-05
   1.5750000e-01   1.4605937e-01   3.3781276e-02   1.1252167e-01  -5.1123689e-03  -6.4796662e-01  -1.4016446e-01   4.3677537e-05  -1.3576281e-05  -1.3935078e-01   7.0747638e-01   3.2271406e-05  -2.7609125e-05
   1.6000000e-01   1.4777827e-01   3.6580086e-02   1.1226562e-01  -5.1523114e-03  -6.5497484e-01  -1.0148562e-01   4.2998724e-05  -1.5468595e-05  -1.0397699e-01   7.1456538e-01   3.0890951e-05  -2.7455416e-05
   1.6250000e-01   1.4971366e-01   3.9390539e-02   1.1200652e-01  -5.1911715e-03  -6.6004912e-01  -6.2444526e-02   4.2225294e-05  -1.7366616e-05  -6.8248743e-02   7.1954385e-01   2.9518181e-05  -2.7190336e-05
   1.6500000e-01   1.5174624e-01   4.2209608e-02   1.1174611e-01  -5.2295639e-03  -6.6317134e-01  -2.3155900e-02   4.1356964e-05  -1.9265352e-05  -3.2271576e-02   7.2239302e-01   2.8158665e-05  -2.6812608e-05
   1.6750000e-01   1.5393662e-01   4.5042667e-02   1.1148356e-01  -5.2671968e-03  -6.6432914e-01   1.6264960e-02   4.0393697e-05  -2.1160515e-05   3.8480501e-03   7.2310033e-01   2.6818036e-05  -2.6321102e-05
   1.7000000e-01   1.5625852e-01   4.7891931e-02   1.1121929e-01  -5.3042229e-03  -6.6351589e-01   5.5701896e-02   3.9335672e-05  -2.3047254e-05   4.0003041e-02   7.2165940e-01   2.5501981e-05  -2.5714734e-05
   1.7250000e-01   1.5871862e-01   5.0758225e-02   1.1095324e-01  -5.3406115e-03  -6.6073080e-01   9.5038456e-02   3.8183310e-05  -2.4920623e-05   7.6085986e-02   7.1807008e-01   2.4216246e-05  -2.4992517e-05
   1.7500000e-01   1.6134109e-01   5.3650038e-02   1.1068517e-01  -5.3762851e-03  -6.5597888e-01   1.3415834e-01   3.6937280e-05  -2.6775815e-05   1.1198946e-01   7.1233846e-01   2.2966621e-05  -2.4153519e-05
   1.7750000e-01   1.6407452e-01   5.6559287e-02   1.1041573e-01  -5.4114702e-03  -6.4927096e-01   1.7294522e-01   3.5598490e-05  -2.8607087e-05   1.4760636e-01   7.0447695e-01   2.1758946e-05  -2.3197054e-05
   1.8000000e-01   1.6700259e-01   5.9505363e-02   1.1014399e-01  -5.4458398e-03  -6.4062371e-01   2.1128396e-01   3.4168137e-05  -3.0409645e-05   1.8283019e-01   6.9450406e-01   2.0599094e-05  -2.2122331e-05
   1.8250000e-01   1.7001387e-01   6.2467182e-02   1.0987127e-01  -5.4798607e-03  -6.3005952e-01   2.4905969e-01   3.2647656e-05  -3.2176937e-05   2.1755536e-01   6.8244473e-01   1.9492978e-05  -2.0929140e-05
   1.8500000e-01   1.7325932e-01   6.5480444e-02   1.0959593e-01  -5.5129513e-03  -6.1760654e-01   2.8615982e-01   3.1038810e-05  -3.3904230e-05   2.5167758e-01   6.6832973e-01   1.8446522e-05  -1.9616797e-05
   1.8750000e-01   1.7656077e-01   6.8506009e-02   1.0931997e-01  -5.5458194e-03  -6.0329856e-01   3.2247225e-01   2.9343600e-05  -3.5584192e-05   2.8509404e-01   6.5219636e-01   1.7465682e-05  -1.8185740e-05
   1.9000000e-01   1.8011218e-01   7.1593680e-02   1.0904137e-01  -5.5777492e-03  -5.8717496e-01   3.5788806e-01   2.7564391e-05  -3.7211792e-05   3.1770383e-01   6.3408740e-01   1.6556396e-05  -1.6635541e-05
   1.9250000e-01   1.8371748e-01   7.4694739e-02   1.0876221e-01  -5.6094766e-03  -5.6928057e-01   3.9229942e-01   2.5703803e-05  -3.8779296e-05   3.4940818e-01   6.1405215e-01   1.5724620e-05  -1.4967304e-05
   1.9500000e-01   1.8758421e-01   7.7867794e-02   1.0848045e-01  -5.6402798e-03  -5.4966561e-01   4.2560234e-01   2.3764840e-05  -4.0281295e-05   3.8011077e-01   5.9214499e-01   1.4976255e-05  -1.3180961e-05
   1.9750000e-01   1.9150136e-01   8.1054734e-02   1.0819819e-01  -5.6709047e-03  -5.2838551e-01   4.5769447e-01   2.1750776e-05  -4.1709682e-05   4.0971800e-01   5.6842675e-01   1.4317207e-05  -1.1278399e-05
   2.0000000e-01   1.9569254e-01   8.4323887e-02   1.0791338e-01  -5.7006191e-03  -5.0550080e-01   4.8847797e-01   1.9665294e-05  -4.3058690e-05   4.3813931e-01   5.4296285e-01   1.3753288e-05  -9.2599951e-06
   2.0250000e-01   1.9993058e-01   8.7607098e-02   1.0762814e-01  -5.7301777e-03  -4.8107692e-01   5.1785726e-01   1.7512361e-05  -4.4319901e-05   4.6528744e-01   5.1582508e-01   1.3290288e-05  -7.1285374e-06
   2.0500000e-01   2.0445608e-01   9.0982969e-02   1.0734039e-01  -5.7588405e-03  -4.5518408e-01   5.4574178e-01   1.5296367e-05  -4.5487217e-05   4.9107867e-01   4.8708922e-01   1.2933862e-05  -4.8849372e-06
   2.0750000e-01   2.0902467e-01   9.4372732e-02   1.0705227e-01  -5.7873689e-03  -4.2789701e-01   5.7204386e-01   1.3022008e-05  -4.6551996e-05   5.1543312e-01   4.5683728e-01   1.2689615e-05  -2.5329916e-06
   2.1000000e-01   2.1389695e-01   9.7866495e-02   1.0676168e-01  -5.8150109e-03  -3.9929483e-01   5.9668135e-01   1.0694410e-05  -4.7507865e-05   5.3827497e-01   4.2515461e-01   1.2562966e-05  -7.4216184e-08
   2.1250000e-01   2.1880677e-01   1.0137311e-01   1.0647079e-01  -5.8425432e-03  -3.6946079e-01   6.1957556e-01   8.3190183e-06  -4.8346057e-05   5.5953268e-01   3.9213258e-01   1.2559255e-05   2.4864615e-06
   2.1500000e-01   2.2403822e-01   1.0499567e-01   1.0617745e-01  -5.8691973e-03  -3.3848203e-01   6.4065374e-01   5.9017172e-06  -4.9059982e-05   5.7913930e-01   3.5786520e-01   1.2683578e-05   5.1468462e-06
   2.1750000e-01   2.2930134e-01   1.0862964e-01   1.0588388e-01  -5.8957649e-03  -3.0644937e-01   6.5984718e-01   3.4487198e-06  -4.9640877e-05   5.9703254e-01   3.2245225e-01   1.2940920e-05   7.9007829e-06
   2.2000000e-01   2.3490552e-01   1.1239200e-01   1.0558790e-01  -5.9214623e-03  -2.7345703e-01   6.7709349e-01   9.6667766e-07  -5.0082008e-05   6.1315515e-01   2.8599537e-01   1.3335959e-05   1.0745323e-05
   2.2250000e-01   2.4053507e-01   1.1616392e-01   1.0529175e-01  -5.9470950e-03  -2.3960238e-01   6.9233480e-01  -1.5374210e-06  -5.0374768e-05   6.2745490e-01   2.4860170e-01   1.3873225e-05   1.3673000e-05
   2.2500000e-01   2.4652794e-01   1.2007776e-01   1.0499321e-01  -5.9718622e-03  -2.0498566e-01   7.0551984e-01  -4.0561576e-06  -5.0512368e-05   6.3988498e-01   2.1037937e-01   1.4556874e-05   1.6680063e-05
   2.2750000e-01   2.5253949e-01   1.2399889e-01   1.0469455e-01  -5.9965849e-03  -1.6970970e-01   7.1660242e-01  -6.5817742e-06  -5.0486531e-05   6.5040394e-01   1.7144170e-01   1.5390877e-05   1.9757665e-05
   2.3000000e-01   2.5893288e-01   1.2807391e-01   1.0439358e-01  -6.0204589e-03  -1.3387960e-01   7.2554308e-01  -9.1060990e-06  -5.0290485e-05   6.5897602e-01   1.3190219e-01   1.6378759e-05   2.2901123e-05
   2.3250000e-01   2.6534318e-01   1.3215575e-01   1.0409250e-01  -6.0442953e-03  -9.7602473e-02   7.3230794e-01  -1.1620621e-05  -4.9916493e-05   6.6557112e-01   9.1879052e-02   1.7523815e-05   2.6100238e-05
   2.3500000e-01   2.7215390e-01   1.3640326e-01   1.0378918e-01  -6.0673017e-03  -6.0987102e-02   7.3686990e-01  -1.4116444e-05  -4.9357920e-05   6.7016507e-01   5.1489864e-02   1.8828826e-05   2.9349325e-05
   2.3750000e-01   2.7897954e-01   1.4065696e-01   1.0348577e-01  -6.0902772e-03  -2.4143633e-02   7.3920795e-01  -1.6584339e-05  -4.8607761e-05   6.7273957e-01   1.0856442e-02   2.0296291e-05   3.2636810e-05
   2.4000000e-01   2.8622545e-01   1.4508843e-01   1.0318018e-01  -6.1124401e-03   1.2816738e-02   7.3930778e-01  -1.9014725e-05  -4.7659652e-05   6.7328239e-01  -2.9900887e-02   2.1928130e-05   3.5955965e-05
   2.4250000e-01   2.9348411e-01   1.4952529e-01   1.0287452e-01  -6.1345783e-03   4.9782101e-02   7.3716163e-01  -2.1397706e-05  -4.6507528e-05   6.7178734e-01  -7.0658085e-02   2.3725927e-05   3.9293852e-05
   2.4500000e-01   3.0118138e-01   1.5415110e-01   1.0256676e-01  -6.1559249e-03   8.6640157e-02   7.3276827e-01  -2.3723081e-05  -4.5145452e-05   6.6825444e-01  -1.1129343e-01   2.5690618e-05   4.2642634e-05
   2.4750000e-01   3.0889300e-01   1.5878311e-01   1.0225893e-01  -6.1772461e-03   1.2327854e-01   7.2613343e-01  -2.5980352e-05  -4.3568510e-05   6.6268977e-01  -1.5168209e-01   2.7822749e-05   4.5988099e-05
   2.5000000e-01   3.1706620e-01   1.6361694e-01   1.0194906e-01  -6.1977891e-03   1.5958519e-01   7.1726910e-01  -2.8158776e-05  -4.1771344e-05   6.5510568e-01  -1.9170238e-01   3.0122152e-05   4.9321338e-05
   2.5250000e-01   3.2525901e-01   1.6845945e-01   1.0163911e-01  -6.2183012e-03   1.9544862e-01   7.0619461e-01  -3.0247341e-05  -3.9750386e-05   6.4552056e-01  -2.3123016e-01   3.2588217e-05   5.2626975e-05
   2.5500000e-01   3.3391844e-01   1.7350841e-01   1.0132726e-01  -6.2380773e-03   2.3075833e-01   6.9293520e-01  -3.2234859e-05  -3.7501101e-05   6.3395906e-01  -2.7014505e-01   3.5219564e-05   5.5894793e-05
   2.5750000e-01   3.4261442e-01   1.7857370e-01   1.0101526e-01  -6.2577995e-03   2.6540506e-01   6.7752368e-01  -3.4109913e-05  -3.5021425e-05   6.2045182e-01  -3.0832514e-01   3.8014302e-05   5.9108498e-05
   2.6000000e-01   3.5178183e-01   1.8384954e-01   1.0070150e-01  -6.2768255e-03   2.9928122e-01   6.5999843e-01  -3.5860983e-05  -3.2307881e-05   6.0503557e-01  -3.4565278e-01   4.0969724e-05   6.2256603e-05
   2.6250000e-01   3.6100208e-01   1.8914913e-01   1.0038755e-01  -6.2957781e-03   3.3228112e-01   6.4040554e-01  -3.7476376e-05  -2.9360086e-05   5.8775295e-01  -3.8200973e-01   4.4082552e-05   6.5321994e-05
   2.6500000e-01   3.7067963e-01   1.9465439e-01   1.0007202e-01  -6.3140963e-03   3.6430137e-01   6.1879630e-01  -3.8944379e-05  -2.6175995e-05   5.6865247e-01  -4.1728238e-01   4.7348650e-05   6.8291786e-05
   2.6750000e-01   3.8050273e-01   2.0022541e-01   9.9756024e-02  -6.3322242e-03   3.9524117e-01   5.9522943e-01  -4.0253178e-05  -2.2756520e-05   5.4778837e-01  -4.5135799e-01   5.0763237e-05   7.1149018e-05
   2.7000000e-01   3.9069135e-01   2.0596161e-01   9.9438857e-02  -6.3498743e-03   4.2500262e-01   5.6976903e-01  -4.1391003e-05  -1.9101915e-05   5.2522049e-01  -4.8412798e-01   5.4320685e-05   7.3878706e-05
   2.7250000e-01   4.0112812e-01   2.1181029e-01   9.9120956e-02  -6.3672176e-03   4.5349105e-01   5.4248576e-01  -4.2346098e-05  -1.5214319e-05   5.0101410e-01  -5.1548649e-01   5.8014618e-05   7.6464191e-05
   2.7500000e-01   4.1184929e-01   2.1778787e-01   9.8802213e-02  -6.3842093e-03   4.8061532e-01   5.1345606e-01  -4.3106814e-05  -1.1096638e-05   4.7523980e-01  -5.4533147e-01   6.1837825e-05   7.8888847e-05
   2.7750000e-01   4.2292963e-01   2.2392851e-01   9.8482490e-02  -6.4007805e-03   5.0628810e-01   4.8276176e-01  -4.3661645e-05  -6.7521567e-06   4.4797324e-01  -5.7356521e-01   6.5782264e-05   8.1136406e-05
   2.8000000e-01   4.3420576e-01   2.3015803e-01   9.8162232e-02  -6.4171224e-03   5.3042618e-01   4.5049099e-01  -4.3999253e-05  -2.1868799e-06   4.1929500e-01  -6.0009356e-01   6.9839082e-05   8.3188933e-05
   2.8250000e-01   4.4596213e-01   2.3660561e-01   9.7840765e-02  -6.4329305e-03   5.5295071e-01   4.1673580e-01  -4.4108597e-05   2.5948757e-06   3.8929035e-01  -6.2482816e-01   7.3998525e-05   8.5030628e-05
   2.8500000e-01   4.5781884e-01   2.4309874e-01   9.7519045e-02  -6.4486271e-03   5.7378748e-01   3.8159529e-01  -4.3978853e-05   7.5835982e-06   3.5804896e-01  -6.4768408e-01   7.8250054e-05   8.6642667e-05
   2.8750000e-01   4.7028025e-01   2.4986613e-01   9.7195922e-02  -6.4636841e-03   5.9286723e-01   3.4517069e-01  -4.3599673e-05   1.2773975e-05   3.2566478e-01  -6.6858335e-01   8.2582184e-05   8.8009731e-05
   2.9000000e-01   4.8285176e-01   2.5668333e-01   9.6872565e-02  -6.4786301e-03   6.1012576e-01   3.0757054e-01  -4.2960975e-05   1.8153916e-05   2.9223563e-01  -6.8745184e-01   8.6982668e-05   8.9113235e-05
   2.9250000e-01   4.9594433e-01   2.6373630e-01   9.6548096e-02  -6.4930504e-03   6.2550427e-01   2.6890531e-01  -4.2053280e-05   2.3714685e-05   2.5786307e-01  -7.0422236e-01   9.1438326e-05   8.9937167e-05
   2.9500000e-01   5.0926544e-01   2.7089230e-01   9.6223179e-02  -6.5072502e-03   6.3894953e-01   2.2929122e-01  -4.0867547e-05   2.9442780e-05   2.2265197e-01  -7.1883290e-01   9.5935181e-05   9.0464110e-05
   2.9750000e-01   5.2301574e-01   2.7824181e-01   9.5897422e-02  -6.5210359e-03   6.5041408e-01   1.8884693e-01  -3.9395409e-05   3.5325705e-05   1.8671035e-01  -7.3122813e-01   1.0045838e-04   9.0677888e-05
   3.0000000e-01   5.3709976e-01   2.8574112e-01   9.5571063e-02  -6.5345121e-03   6.5985642e-01   1.4769509e-01  -3.7629125e-05   4.1348418e-05   1.5014897e-01  -7.4135895e-01   1.0499227e-04   9.0562280e-05
   3.0250000e-01   5.5149122e-01   2.9337843e-01   9.5244151e-02  -6.5477032e-03   6.6724117e-01   1.0596153e-01  -3.5561705e-05   4.7494137e-05   1.1308105e-01  -7.4918288e-01   1.0952039e-04   9.0101544e-05
   3.0500000e-01   5.6645594e-01   3.0127173e-01   9.4916286e-02  -6.5603813e-03   6.7253924e-01   6.3773089e-02  -3.3187000e-05   5.3747969e-05   7.5621933e-02  -7.5466454e-01   1.1402546e-04   8.9281022e-05
   3.0750000e-01   5.8167801e-01   3.0927942e-01   9.4588021e-02  -6.5728347e-03   6.7572790e-01   2.1260940e-02  -3.0499603e-05   6.0089661e-05   3.7888733e-02  -7.5777518e-01   1.1848951e-04   8.8086092e-05
   3.1000000e-01   5.9733395e-01   3.1747974e-01   9.4259090e-02  -6.5849118e-03   6.7679094e-01  -2.1442921e-02  -2.7495122e-05   6.6499763e-05  -0.0000000e+00  -7.5849336e-01   1.2289381e-04   8.6503188e-05
   3.1250000e-01   6.1347546e-01   3.2589423e-01   9.3929473e-02  -6.5965794e-03   6.7571880e-01  -6.4205236e-02  -2.4170137e-05   7.2958063e-05  -3.7924641e-02  -7.5680483e-01   1.2721897e-04   8.4519513e-05
   3.1500000e-01   6.2988424e-01   3.3442633e-01   9.3599487e-02  -6.6080235e-03   6.7250854e-01  -1.0689019e-01  -2.0522236e-05   7.9440258e-05  -7.5764857e-02  -7.5270280e-01   1.3144494e-04   8.2123392e-05
   3.1750000e-01   6.4686481e-01   3.4320885e-01   9.3268757e-02  -6.6189974e-03   6.6716403e-01  -1.4936309e-01  -1.6550226e-05   8.5924474e-05  -1.1339997e-01  -7.4618778e-01   1.3555111e-04   7.9303925e-05
   3.2000000e-01   6.6428575e-01   3.5218275e-01   9.2937498e-02  -6.6296171e-03   6.5969588e-01  -1.9148798e-01  -1.2254005e-05   9.2385856e-05  -1.5070933e-01  -7.3726785e-01   1.3951630e-04   7.6051483e-05
   3.2250000e-01   6.8206701e-01   3.6131273e-01   9.2605821e-02  -6.6399492e-03   6.5012149e-01  -2.3312850e-01  -7.6347157e-06   9.8797333e-05  -1.8757270e-01  -7.2595883e-01   1.4331887e-04   7.2358010e-05
   3.2500000e-01   7.0036245e-01   3.7066438e-01   9.2273575e-02  -6.6498752e-03   6.3846507e-01  -2.7414960e-01  -2.6948526e-06   1.0513246e-04  -2.2387062e-01  -7.1228392e-01   1.4693677e-04   6.8216421e-05
   3.2750000e-01   7.1919485e-01   3.8024552e-01   9.1940783e-02  -6.6593843e-03   6.2475760e-01  -3.1441721e-01   2.5617665e-06   1.1136381e-04  -2.5948479e-01  -6.9627385e-01   1.5034759e-04   6.3620948e-05
   3.3000000e-01   7.3840514e-01   3.8998728e-01   9.1607625e-02  -6.6686022e-03   6.0903675e-01  -3.5379759e-01   8.1299533e-06   1.1746109e-04  -2.9429845e-01  -6.7796731e-01   1.5352863e-04   5.8568175e-05
   3.3250000e-01   7.5807639e-01   3.9992425e-01   9.1274038e-02  -6.6774669e-03   5.9134689e-01  -3.9215920e-01   1.4003004e-05   1.2339394e-04  -3.2819680e-01  -6.5741042e-01   1.5645704e-04   5.3056118e-05
   3.3500000e-01   7.7841251e-01   4.1014008e-01   9.0939882e-02  -6.6858279e-03   5.7173894e-01  -4.2937368e-01   2.0172697e-05   1.2913320e-04  -3.6106729e-01  -6.3465619e-01   1.5910984e-04   4.7083382e-05
   3.3750000e-01   7.9920072e-01   4.2054372e-01   9.0605373e-02  -6.6938494e-03   5.5027027e-01  -4.6531403e-01   2.6629352e-05   1.3464656e-04  -3.9280008e-01  -6.0976567e-01   1.6146401e-04   4.0651745e-05
   3.4000000e-01   8.2044676e-01   4.3113662e-01   9.0270521e-02  -6.7015280e-03   5.2700459e-01  -4.9985627e-01   3.3361676e-05   1.3990109e-04  -4.2328834e-01  -5.8280726e-01   1.6349660e-04   3.3765078e-05
   3.4250000e-01   8.4222798e-01   4.4194938e-01   8.9935289e-02  -6.7088075e-03   5.0201179e-01  -5.3288017e-01   4.0356725e-05   1.4486404e-04  -4.5242869e-01  -5.5385633e-01   1.6518485e-04   2.6428877e-05
   3.4500000e-01   8.6466351e-01   4.5302796e-01   8.9599639e-02  -6.7156013e-03   4.7536780e-01  -5.6426979e-01   4.7599922e-05   1.4950313e-04  -4.8012148e-01  -5.2299478e-01   1.6650629e-04   1.8649864e-05
   3.4750000e-01   8.8761538e-01   4.6431421e-01   8.9263687e-02  -6.7220127e-03   4.4715433e-01  -5.9391272e-01   5.5075073e-05   1.5378442e-04  -5.0627120e-01  -4.9031193e-01   1.6743878e-04   1.0438166e-05
   3.5000000e-01   9.1108979e-01   4.7580912e-01   8.8927450e-02  -6.7280374e-03   4.1745872e-01  -6.2170120e-01   6.2764289e-05   1.5767387e-04  -5.3078678e-01  -4.5590381e-01   1.6796069e-04   1.8062965e-06
   3.5250000e-01   9.3509478e-01   4.8751436e-01   8.8590941e-02  -6.7336697e-03   3.8637368e-01  -6.4753252e-01   7.0647977e-05   1.6113747e-04  -5.5358196e-01  -4.1987289e-01   1.6805101e-04  -7.2307959e-06
   3.5500000e-01   9.5982869e-01   4.9950512e-01   8.8254102e-02  -6.7387623e-03   3.5399707e-01  -6.7130998e-01   7.8704845e-05   1.6414255e-04  -5.7457559e-01  -3.8232689e-01   1.6768947e-04  -1.6657557e-05
   3.5750000e-01   9.8514093e-01   5.1171945e-01   8.7917034e-02  -6.7434257e-03   3.2043160e-01  -6.9294207e-01   8.6911967e-05   1.6665560e-04  -5.9369192e-01  -3.4338022e-01   1.6685659e-04  -2.6454421e-05
   3.6000000e-01   1.0110406e+00   5.2415873e-01   8.7579755e-02  -6.7476517e-03   2.8578452e-01  -7.1234342e-01   9.5244741e-05   1.6864359e-04  -6.1086092e-01  -3.0315293e-01   1.6553387e-04  -3.6599266e-05
   3.6250000e-01   1.0375335e+00   5.3682293e-01   8.7242285e-02  -6.7514348e-03   2.5016737e-01  -7.2943514e-01   1.0367691e-04   1.7007412e-04  -6.2601855e-01  -2.6177044e-01   1.6370391e-04  -4.7067347e-05
   3.6500000e-01   1.0646292e+00   5.4971343e-01   8.6904645e-02  -6.7547658e-03   2.1369564e-01  -7.4414519e-01   1.1218061e-04   1.7091566e-04  -6.3910707e-01  -2.1936314e-01   1.6135054e-04  -5.7831323e-05
   3.6750000e-01   1.0924812e+00   5.6288391e-01   8.6566827e-02  -6.7575260e-03   1.7648841e-01  -7.5640888e-01   1.2072639e-04   1.7113815e-04  -6.5007521e-01  -1.7606528e-01   1.5845898e-04  -6.8862831e-05
   3.7000000e-01   1.1209987e+00   5.7629694e-01   8.6228886e-02  -6.7597797e-03   1.3866799e-01  -7.6616874e-01   1.2928329e-04   1.7071225e-04  -6.5887847e-01  -1.3201593e-01   1.5501584e-04  -8.0129822e-05
   3.7250000e-01   1.1501714e+00   5.8994572e-01   8.5890849e-02  -6.7615309e-03   1.0035958e-01  -7.7337497e-01   1.3781890e-04   1.6960994e-04  -6.6547926e-01  -8.7358159e-02   1.5100935e-04  -9.1597433e-05
   3.7500000e-01   1.1800076e+00   6.0383017e-01   8.5552741e-02  -6.7627694e-03   6.1690860e-02  -7.7798577e-01   1.4629939e-04   1.6780481e-04  -6.6984717e-01  -4.2238518e-02   1.4642948e-04  -1.0322823e-04
   3.7750000e-01   1.2105181e+00   6.1795094e-01   8.5214584e-02  -6.7634822e-03   2.2791599e-02  -7.7996757e-01   1.5468963e-04   1.6527224e-04  -6.7195909e-01   3.1934040e-03   1.4126807e-04  -1.1498229e-04
   3.8000000e-01   1.2417128e+00   6.3230827e-01   8.4876404e-02  -6.7636568e-03  -1.6206752e-02  -7.7929528e-01   1.6295323e-04   1.6198963e-04  -6.7179942e-01   4.8785418e-02   1.3551896e-04  -1.2681722e-04
   3.8250000e-01   1.2737037e+00   6.4693614e-01   8.4538230e-02  -6.7631977e-03  -5.5171489e-02  -7.7595241e-01   1.7105271e-04   1.5793652e-04  -6.6936015e-01   9.4383769e-02   1.2917811e-04  -1.3868942e-04
   3.8500000e-01   1.3064690e+00   6.6182208e-01   8.4200098e-02  -6.7621137e-03  -9.3969082e-02  -7.6993129e-01   1.7894953e-04   1.5309474e-04  -6.6464097e-01   1.3983285e-01   1.2224364e-04  -1.5055258e-04
   3.8750000e-01   1.3399668e+00   6.7694778e-01   8.3862035e-02  -6.7604306e-03  -1.3246562e-01  -7.6123319e-01   1.8660426e-04   1.4744873e-04  -6.5764933e-01   1.8497557e-01   1.1471602e-04  -1.6235764e-04
   3.9000000e-01   1.3742086e+00   6.9231271e-01   8.3524071e-02  -6.7581316e-03  -1.7052725e-01  -7.4986854e-01   1.9397669e-04   1.4098577e-04  -6.4840056e-01   2.2965420e-01   1.0659814e-04  -1.7405346e-04
   3.9250000e-01   1.4092011e+00   7.0791483e-01   8.3186233e-02  -6.7552028e-03  -2.0802065e-01  -7.3585699e-01   2.0102597e-04   1.3369614e-04  -6.3691786e-01   2.7371080e-01   9.7895474e-05  -1.8558696e-04
   3.9500000e-01   1.4449713e+00   7.2375792e-01   8.2848556e-02  -6.7516125e-03  -2.4481348e-01  -7.1922745e-01   2.0771078e-04   1.2557332e-04  -6.2323233e-01   3.1698793e-01   8.8616133e-05  -1.9690345e-04
   3.9750000e-01   1.4815250e+00   7.3983895e-01   8.2511070e-02  -6.7473458e-03  -2.8077482e-01  -7.0001816e-01   2.1398944e-04   1.1661415e-04  -6.0738294e-01   3.5932902e-01   7.8770967e-05  -2.0794662e-04
   4.0000000e-01   1.5188737e+00   7.5615635e-01   8.2173808e-02  -6.7423824e-03  -3.1577571e-01  -6.7827675e-01   2.1982014e-04   1.0681909e-04  -5.8941650e-01   4.0057894e-01   6.8373644e-05  -2.1865874e-04
   4.0250000e-01   1.5571184e+00   7.7273353e-01   8.1836838e-02  -6.7366197e-03  -3.4968952e-01  -6.5405987e-01   2.2516109e-04   9.6191800e-05  -5.6938757e-01   4.4058503e-01   5.7440714e-05  -2.2898173e-04
   4.0500000e-01   1.5962132e+00   7.8955039e-01   8.1500182e-02  -6.7300841e-03  -3.8239249e-01  -6.2743363e-01   2.2997068e-04   8.4740111e-05  -5.4735833e-01   4.7919684e-01   4.5991636e-05  -2.3885592e-04
   4.0750000e-01   1.6361444e+00   8.0659703e-01   8.1163869e-02  -6.7227740e-03  -4.1376415e-01  -5.9847337e-01   2.3420768e-04   7.2476024e-05  -5.2339851e-01   5.1626694e-01   3.4048848e-05  -2.4822067e-04
   4.1000000e-01   1.6769226e+00   8.2387014e-01   8.0827939e-02  -6.7146659e-03  -4.4368780e-01  -5.6726354e-01   2.3783148e-04   5.9415752e-05  -4.9758518e-01   5.5165158e-01   2.1637823e-05  -2.5701484e-04
   4.1250000e-01   1.7185585e+00   8.4136622e-01   8.0492429e-02  -6.7057347e-03  -4.7205095e-01  -5.3389755e-01   2.4080227e-04   4.5579838e-05  -4.7000262e-01   5.8521121e-01   8.7870905e-06  -2.6517708e-04
   4.1500000e-01   1.7610617e+00   8.5908106e-01   8.0157380e-02  -6.6959556e-03  -4.9874581e-01  -4.9847758e-01   2.4308126e-04   3.0993277e-05  -4.4074208e-01   6.1681110e-01  -4.4717542e-06  -2.7264612e-04
   4.1750000e-01   1.8044469e+00   8.7701144e-01   7.9822836e-02  -6.6852976e-03  -5.2366968e-01  -4.6111439e-01   2.4463092e-04   1.5685561e-05  -4.0990155e-01   6.4632187e-01  -1.8104051e-05  -2.7936110e-04
   4.2000000e-01   1.8487228e+00   8.9515224e-01   7.9488839e-02  -6.6737342e-03  -5.4672538e-01  -4.2192702e-01   2.4541520e-04  -3.0919977e-07  -3.7758548e-01   6.7362001e-01  -3.2072096e-05  -2.8526183e-04
   4.2250000e-01   1.8938997e+00   9.1349830e-01   7.9155434e-02  -6.6612367e-03  -5.6782171e-01  -3.8104258e-01   2.4539974e-04  -1.6952236e-05  -3.4390450e-01   6.9858848e-01  -4.6335178e-05  -2.9028916e-04
   4.2500000e-01   1.9399874e+00   9.3204403e-01   7.8822668e-02  -6.6477753e-03  -5.8687383e-01  -3.3859590e-01   2.4455213e-04  -3.4200090e-05  -3.0897510e-01   7.2111716e-01  -6.0849626e-05  -2.9438530e-04
   4.2750000e-01   1.9871067e+00   9.5080553e-01   7.8490677e-02  -6.6331958e-03  -6.0380361e-01  -2.9472863e-01   2.4284212e-04  -5.2005652e-05  -2.7291927e-01   7.4110369e-01  -7.5568881e-05  -2.9749465e-04
   4.3000000e-01   2.0351631e+00   9.6975311e-01   7.8159439e-02  -6.6175755e-03  -6.1854003e-01  -2.4958991e-01   2.4024184e-04  -7.0316184e-05  -2.3586411e-01   7.5845336e-01  -9.0443603e-05  -2.9956309e-04
   4.3250000e-01   2.0841586e+00   9.8887817e-01   7.7828999e-02  -6.6008888e-03  -6.3101952e-01  -2.0333549e-01   2.3672603e-04  -8.9074228e-05  -1.9794147e-01   7.7307992e-01  -1.0542175e-04  -3.0053893e-04
   4.3500000e-01   2.1341017e+00   1.0081730e+00   7.7499412e-02  -6.5831019e-03  -6.4118629e-01  -1.5612722e-01   2.3227233e-04  -1.0821774e-04  -1.5928750e-01   7.8490607e-01  -1.2044868e-04  -3.0037325e-04
   4.3750000e-01   2.1849992e+00   1.0276293e+00   7.7170729e-02  -6.5641815e-03  -6.4899264e-01  -1.0813262e-01   2.2686144e-04  -1.2768019e-04  -1.2004222e-01   7.9386384e-01  -1.3546733e-04  -2.9902035e-04
   4.4000000e-01   2.2368617e+00   1.0472387e+00   7.6843009e-02  -6.5440884e-03  -6.5439927e-01  -5.9524318e-02   2.2047744e-04  -1.4739070e-04  -8.0349059e-02   7.9989512e-01  -1.5041834e-04  -2.9643809e-04
   4.4250000e-01   2.2896956e+00   1.0669918e+00   7.6516310e-02  -6.5227868e-03  -6.5737549e-01  -1.0479502e-02   2.1310791e-04  -1.6727417e-04  -4.0354331e-02   8.0295194e-01  -1.6524024e-04  -2.9258825e-04
   4.4500000e-01   2.3435075e+00   1.0868788e+00   7.6190690e-02  -6.5002392e-03  -6.5789946e-01   3.8820639e-02   2.0474421e-04  -1.8725152e-04  -2.0676248e-04   8.0299693e-01  -1.7986964e-04  -2.8743697e-04
   4.4750000e-01   2.3983035e+00   1.1068892e+00   7.5866211e-02  -6.4764073e-03  -6.5595843e-01   8.8191534e-02   1.9538164e-04  -2.0723984e-04   3.9943056e-02   8.0000361e-01  -1.9424148e-04  -2.8095502e-04
   4.5000000e-01   2.4541197e+00   1.1270149e+00   7.5542975e-02  -6.4512095e-03  -6.5154886e-01   1.3744602e-01   1.8501965e-04  -2.2715297e-04   7.9943208e-02   7.9395667e-01  -2.0828922e-04  -2.7311824e-04
   4.5250000e-01   2.5110264e+00   1.1472488e+00   7.5221142e-02  -6.4245094e-03  -6.4467656e-01   1.8639518e-01   1.7366201e-04  -2.4690213e-04   1.1964101e-01   7.8485221e-01  -2.2194512e-04  -2.6390766e-04
   4.5500000e-01   2.5689362e+00   1.1675676e+00   7.4900669e-02  -6.3963878e-03  -6.3535681e-01   2.3484823e-01   1.6131691e-04  -2.6639461e-04   1.5888360e-01   7.7269806e-01  -2.3514049e-04  -2.5331012e-04
   4.5750000e-01   2.6278527e+00   1.1879584e+00   7.4581625e-02  -6.3668015e-03  -6.2361440e-01   2.8261368e-01   1.4799719e-04  -2.8553508e-04   1.9751847e-01   7.5751392e-01  -2.4780599e-04  -2.4131853e-04
   4.6000000e-01   2.6877863e+00   1.2084076e+00   7.4264094e-02  -6.3356954e-03  -6.0948373e-01   3.2950014e-01   1.3372045e-04  -3.0422604e-04   2.3539414e-01   7.3933154e-01  -2.5987191e-04  -2.2793212e-04
   4.6250000e-01   2.7487238e+00   1.2288999e+00   7.3948128e-02  -6.3030481e-03  -5.9300873e-01   3.7531693e-01   1.1850916e-04  -3.2236798e-04   2.7236069e-01   7.1819484e-01  -2.7126851e-04  -2.1315686e-04
   4.6500000e-01   2.8106705e+00   1.2494207e+00   7.3633808e-02  -6.2688092e-03  -5.7424290e-01   4.1987498e-01   1.0239077e-04  -3.3986002e-04   3.0827041e-01   6.9415998e-01  -2.8192634e-04  -1.9700561e-04
   4.6750000e-01   2.8736274e+00   1.2699545e+00   7.3321210e-02  -6.2329326e-03  -5.5324917e-01   4.6298755e-01   8.5397779e-05  -3.5660036e-04   3.4297838e-01   6.6729530e-01  -2.9177662e-04  -1.7949842e-04
   4.7000000e-01   2.9376012e+00   1.2904851e+00   7.3010428e-02  -6.1953601e-03  -5.3009981e-01   5.0447109e-01   6.7567773e-05  -3.7248681e-04   3.7634313e-01   6.3768137e-01  -3.0075153e-04  -1.6066266e-04
   4.7250000e-01   3.0025765e+00   1.3109963e+00   7.2701513e-02  -6.1560710e-03  -5.0487627e-01   5.4414590e-01   4.8943446e-05  -3.8741710e-04   4.0822717e-01   6.0541085e-01  -3.0878466e-04  -1.4053330e-04
   4.7500000e-01   3.0687335e+00   1.3314596e+00   7.2394927e-02  -6.1146832e-03  -4.7766899e-01   5.8183776e-01   2.9572605e-05  -4.0129097e-04   4.3849769e-01   5.7058782e-01  -3.1581132e-04  -1.1915185e-04
   4.7750000e-01   3.1358697e+00   1.3518619e+00   7.2090377e-02  -6.0714937e-03  -4.4857712e-01   6.1737715e-01   9.5080700e-06  -4.1400768e-04   4.6702706e-01   5.3332869e-01  -3.2176891e-04  -9.6568747e-05
   4.8000000e-01   3.2039821e+00   1.3721858e+00   7.1787947e-02  -6.0264567e-03  -4.1770829e-01   6.5060093e-01  -1.1192299e-05  -4.2546827e-04   4.9369348e-01   4.9376146e-01  -3.2659734e-04  -7.2842353e-05
   4.8250000e-01   3.2730558e+00   1.3924147e+00   7.1487694e-02  -5.9795478e-03  -3.8517827e-01   6.8135312e-01  -3.2465698e-05  -4.3557613e-04   5.1838153e-01   4.5202538e-01  -3.3023945e-04  -4.8038995e-05
   4.8500000e-01   3.3431379e+00   1.4125234e+00   7.1189830e-02  -5.9306140e-03  -3.5111063e-01   7.0948583e-01  -5.4244489e-05  -4.4423795e-04   5.4098279e-01   4.0827039e-01  -3.3264140e-04  -2.2232456e-05
   4.8750000e-01   3.4142023e+00   1.4324930e+00   7.0894405e-02  -5.8796426e-03  -3.1563637e-01   7.3485986e-01  -7.6456371e-05  -4.5136388e-04   5.6139629e-01   3.6265696e-01  -3.3375302e-04   4.4955513e-06
   4.9000000e-01   3.4863284e+00   1.4522854e+00   7.0601759e-02  -5.8263881e-03  -2.7889340e-01   7.5734566e-01  -9.9024549e-05  -4.5686869e-04   5.7952913e-01   3.1535517e-01  -3.3352825e-04   3.2056433e-05
   4.9250000e-01   3.5594923e+00   1.4718740e+00   7.0311985e-02  -5.7708107e-03  -2.4102614e-01   7.7682380e-01  -1.2186797e-04  -4.6067178e-04   5.9529688e-01   2.6654458e-01  -3.3192543e-04   6.0354028e-05
   4.9500000e-01   3.6335913e+00   1.4912529e+00   7.0024939e-02  -5.7130612e-03  -2.0218498e-01   7.9318557e-01  -1.4490154e-04  -4.6269759e-04   6.0862410e-01   2.1641406e-01  -3.2890773e-04   8.9284066e-05
   4.9750000e-01   3.7086500e+00   1.5103905e+00   6.9740831e-02  -5.6530031e-03  -1.6252573e-01   8.0633393e-01  -1.6803640e-04  -4.6287681e-04   6.1944479e-01   1.6516057e-01  -3.2444353e-04   1.1873560e-04
   5.0000000e-01   3.7846507e+00   1.5292624e+00   6.9459760e-02  -5.5905922e-03  -1.2220906e-01   8.1618406e-01  -1.9118023e-04  -4.6114682e-04   6.2770281e-01   1.1298866e-01  -3.1850675e-04   1.4859094e-04
   5.0250000e-01   3.8615796e+00   1.5478428e+00   6.9181843e-02  -5.5257716e-03  -8.1399888e-02   8.2266401e-01  -2.1423755e-04  -4.5745230e-04   6.3335224e-01   6.0109713e-02  -3.1107721e-04   1.7872611e-04
   5.0500000e-01   3.9394179e+00   1.5661065e+00   6.8907183e-02  -5.4584958e-03  -4.0266717e-02   8.2571526e-01  -2.3711015e-04  -4.5174582e-04   6.3635773e-01   6.7411450e-03  -3.0214091e-04   2.0901119e-04
   5.0750000e-01   4.0181623e+00   1.5840212e+00   6.8635955e-02  -5.3886700e-03   1.0190171e-03   8.2529322e-01  -2.5969743e-04  -4.4398845e-04   6.3669478e-01  -4.6894482e-02  -2.9169036e-04   2.3931102e-04
   5.1000000e-01   4.0977891e+00   1.6015604e+00   6.8368262e-02  -5.3162523e-03   4.2283649e-02   8.2136772e-01  -2.8189683e-04  -4.3415021e-04   6.3435006e-01  -1.0057026e-01  -2.7972482e-04   2.6948548e-04
   5.1250000e-01   4.1782789e+00   1.6186952e+00   6.8104235e-02  -5.2411843e-03   8.3352006e-02   8.1392343e-01  -3.0360433e-04  -4.2221066e-04   6.2932155e-01  -1.5405590e-01  -2.6625055e-04   2.9939020e-04
   5.1500000e-01   4.2596088e+00   1.6353974e+00   6.7843995e-02  -5.1634159e-03   1.2404815e-01   8.0296019e-01  -3.2471485e-04  -4.0815932e-04   6.2161876e-01  -2.0711866e-01  -2.5128105e-04   3.2887711e-04
   5.1750000e-01   4.3417782e+00   1.6516232e+00   6.7587787e-02  -5.0828122e-03   1.6419613e-01   7.8849330e-01  -3.4512280e-04  -3.9199605e-04   6.1126284e-01  -2.5952448e-01  -2.3483721e-04   3.5779539e-04
   5.2000000e-01   4.4247462e+00   1.6673500e+00   6.7335676e-02  -4.9993684e-03   2.0362077e-01   7.7055380e-01  -3.6472259e-04  -3.7373154e-04   5.9828662e-01  -3.1103883e-01  -2.1694745e-04   3.8599179e-04
   5.2250000e-01   4.5084873e+00   1.6825458e+00   6.7087804e-02  -4.9130259e-03   2.4214843e-01   7.4918860e-01  -3.8340915e-04  -3.5338760e-04   5.8273469e-01  -3.6142783e-01  -1.9764787e-04   4.1331155e-04
   5.2500000e-01   4.5929740e+00   1.6971783e+00   6.6844318e-02  -4.8237274e-03   2.7960783e-01   7.2446057e-01  -4.0107852e-04  -3.3099745e-04   5.6466331e-01  -4.1045934e-01  -1.7698231e-04   4.3959922e-04
   5.2750000e-01   4.6781842e+00   1.7112076e+00   6.6605415e-02  -4.7313833e-03   3.1583084e-01   6.9644856e-01  -4.1762838e-04  -3.0660592e-04   5.4414036e-01  -4.5790409e-01  -1.5500237e-04   4.6469956e-04
   5.3000000e-01   4.7640803e+00   1.7246056e+00   6.6371205e-02  -4.6359644e-03   3.5065324e-01   6.6524736e-01  -4.3295866e-04  -2.8026967e-04   5.2124517e-01  -5.0353674e-01  -1.3176740e-04   4.8845826e-04
   5.3250000e-01   4.8506299e+00   1.7373379e+00   6.6141843e-02  -4.5374141e-03   3.8391558e-01   6.3096755e-01  -4.4697214e-04  -2.5205727e-04   4.9606835e-01  -5.4713703e-01  -1.0734451e-04   5.1072291e-04
   5.3500000e-01   4.9377988e+00   1.7493697e+00   6.5917488e-02  -4.4356768e-03   4.1546394e-01   5.9373532e-01  -4.5957499e-04  -2.2204924e-04   4.6871152e-01  -5.8849089e-01  -8.1808381e-05   5.3134391e-04
   5.3750000e-01   5.0255518e+00   1.7606651e+00   6.5698306e-02  -4.3306935e-03   4.4515069e-01   5.5369209e-01  -4.7067745e-04  -1.9033802e-04   4.3928699e-01  -6.2739161e-01  -5.5241204e-05   5.5017543e-04
   5.4000000e-01   5.1138522e+00   1.7711864e+00   6.5484474e-02  -4.2224030e-03   4.7283527e-01   5.1099422e-01  -4.8019434e-04  -1.5702785e-04   4.0791744e-01  -6.6364090e-01  -2.7732452e-05   5.6707632e-04
   5.4250000e-01   5.2026586e+00   1.7809002e+00   6.5276140e-02  -4.1107630e-03   4.9838496e-01   4.6581250e-01  -4.8804573e-04  -1.2223460e-04   3.7473541e-01  -6.9705001e-01   6.2134420e-07   5.8191109e-04
   5.4500000e-01   5.2919297e+00   1.7897700e+00   6.5073473e-02  -3.9957225e-03   5.2167557e-01   4.1833161e-01  -4.9415745e-04  -8.6085516e-05   3.3988294e-01  -7.2744081e-01   2.9716878e-05   5.9455081e-04
   5.4750000e-01   5.3816281e+00   1.7977457e+00   6.4876734e-02  -3.8771791e-03   5.4259214e-01   3.6874948e-01  -4.9846173e-04  -4.8718813e-05   3.0351092e-01  -7.5464690e-01   5.9444398e-05   6.0487416e-04
   5.5000000e-01   5.4717014e+00   1.8048040e+00   6.4686005e-02  -3.7551396e-03   5.6102960e-01   3.1727664e-01  -5.0089767e-04  -1.0283414e-05   2.6577861e-01  -7.7851447e-01   8.9688085e-05   6.1276823e-04
   5.5250000e-01   5.5621026e+00   1.8109077e+00   6.4501462e-02  -3.6295570e-03   5.7689342e-01   2.6413539e-01  -5.0141184e-04   2.9061617e-05   2.2685291e-01  -7.9890345e-01   1.2032647e-04   6.1812948e-04
   5.5500000e-01   5.6527834e+00   1.8160196e+00   6.4323282e-02  -3.5003864e-03   5.9010018e-01   2.0955894e-01  -4.9995876e-04   6.9147641e-05   1.8690777e-01  -8.1568831e-01   1.5123293e-04   6.2086466e-04
   5.5750000e-01   5.7436913e+00   1.8201140e+00   6.4151574e-02  -3.3676250e-03   6.0057812e-01   1.5379053e-01  -4.9650138e-04   1.0979703e-04   1.4612338e-01  -8.2875903e-01   1.8227614e-04   6.2089163e-04
   5.6000000e-01   5.8347775e+00   1.8231396e+00   6.3986608e-02  -3.2311820e-03   6.0826764e-01   9.7082293e-02  -4.9101153e-04   1.5082403e-04   1.0468546e-01  -8.3802190e-01   2.1332070e-04   6.1814025e-04
   5.6250000e-01   5.9259874e+00   1.8250607e+00   6.3828557e-02  -3.0910255e-03   6.1312175e-01   3.9694260e-02  -4.8347033e-04   1.9203547e-04   6.2784390e-02  -8.4340024e-01   2.4422769e-04   6.1255310e-04
   5.6500000e-01   6.0172648e+00   1.8258397e+00   6.3677607e-02  -2.9471189e-03   6.1510646e-01  -1.8106806e-02  -4.7386857e-04   2.3323160e-04   2.0614408e-02  -8.4483513e-01   2.7485532e-04   6.0408621e-04
   5.6750000e-01   6.1085532e+00   1.8254856e+00   6.3533663e-02  -2.7995745e-03   6.1420112e-01  -7.6048515e-02  -4.6220699e-04   2.7420688e-04  -2.1627319e-02  -8.4228600e-01   3.0505961e-04   5.9270973e-04
   5.7000000e-01   6.1997956e+00   1.8239161e+00   6.3397192e-02  -2.6482130e-03   6.1039870e-01  -1.3385432e-01  -4.4849666e-04   3.1475134e-04  -6.3741589e-02  -8.3573116e-01   3.3469508e-04   5.7840855e-04
   5.7250000e-01   6.2909194e+00   1.8210142e+00   6.3268874e-02  -2.4927666e-03   6.0370599e-01  -1.9124486e-01  -4.3275910e-04   3.5465174e-04  -1.0552812e-01  -8.2516823e-01   3.6361548e-04   5.6118277e-04
   5.7500000e-01   6.3818656e+00   1.8168251e+00   6.3148398e-02  -2.3334654e-03   5.9414375e-01  -2.4793901e-01  -4.1502653e-04   3.9369202e-04  -1.4678650e-01  -8.1061448e-01   3.9167460e-04   5.4104822e-04
   5.7750000e-01   6.4725669e+00   1.8113033e+00   6.3036013e-02  -2.1702612e-03   5.8174681e-01  -3.0365543e-01  -3.9534194e-04   4.3165481e-04  -1.8731720e-01  -7.9210715e-01   4.1872699e-04   5.1803684e-04
   5.8000000e-01   6.5629638e+00   1.8044430e+00   6.2931732e-02  -2.0032208e-03   5.6656405e-01  -3.5811396e-01  -3.7375922e-04   4.6832259e-04  -2.2692253e-01  -7.6970354e-01   4.4462882e-04   4.9219698e-04
   5.8250000e-01   6.6529906e+00   1.7962105e+00   6.2835741e-02  -1.8323301e-03   5.4865837e-01  -4.1103711e-01  -3.5034310e-04   5.0347894e-04  -2.6540768e-01  -7.4348114e-01   4.6923865e-04   4.6359361e-04
   5.8500000e-01   6.7425872e+00   1.7865929e+00   6.2748105e-02  -1.6576329e-03   5.2810652e-01  -4.6215151e-01  -3.2516917e-04   5.3690984e-04  -3.0258171e-01  -7.1353752e-01   4.9241831e-04   4.3230849e-04
   5.8750000e-01   6.8316538e+00   1.7754732e+00   6.2669519e-02  -1.4788965e-03   5.0499897e-01  -5.1118947e-01  -2.9832370e-04   5.6840513e-04  -3.3825856e-01  -6.7999016e-01   5.1403372e-04   3.9843996e-04
   5.9000000e-01   6.9200863e+00   1.7627556e+00   6.2600555e-02  -1.2959620e-03   4.7943951e-01  -5.5789044e-01  -2.6990346e-04   5.9775976e-04  -3.7225804e-01  -6.4297616e-01   5.3395571e-04   3.6210296e-04
   5.9250000e-01   7.0078700e+00   1.7485604e+00   6.2540490e-02  -1.1092313e-03   4.5154501e-01  -6.0200226e-01  -2.4001550e-04   6.2477470e-04  -4.0440683e-01  -6.0265202e-01   5.5206084e-04   3.2342911e-04
   5.9500000e-01   7.0949320e+00   1.7328532e+00   6.2489537e-02  -9.1869547e-04   4.2144492e-01  -6.4328279e-01  -2.0877678e-04   6.4925864e-04  -4.3453941e-01  -5.5919307e-01   5.6823229e-04   2.8256622e-04
   5.9750000e-01   7.1811834e+00   1.7155760e+00   6.2448057e-02  -7.2429199e-04   3.8928080e-01  -6.8150139e-01  -1.7631387e-04   6.7102929e-04  -4.6249904e-01  -5.1279284e-01   5.8236059e-04   2.3967785e-04
   6.0000000e-01   7.2664448e+00   1.6965264e+00   6.2417292e-02  -5.2562277e-04   3.5520575e-01  -7.1644029e-01  -1.4276243e-04   6.8991477e-04  -4.8813866e-01  -4.6366224e-01   5.9434447e-04   1.9494266e-04
   6.0250000e-01   7.3507574e+00   1.6758960e+00   6.2396109e-02  -3.2323763e-04   3.1938376e-01  -7.4789583e-01  -1.0826672e-04   7.0575457e-04  -5.1132176e-01  -4.1202906e-01   6.0409160e-04   1.4855428e-04
   6.0500000e-01   7.4340584e+00   1.6536780e+00   6.2384576e-02  -1.1719817e-04   2.8198900e-01  -7.7567991e-01  -7.2979015e-05   7.1840106e-04  -5.3192320e-01  -3.5813683e-01   6.1151931e-04   1.0072034e-04
   6.0750000e-01   7.5161107e+00   1.6296194e+00   6.2384275e-02   9.2978014e-05   2.4320503e-01  -7.9962122e-01  -3.7058987e-05   7.2772069e-04  -5.4983003e-01  -3.0224375e-01   6.1655532e-04   5.1661432e-05
   6.1000000e-01   7.5969335e+00   1.6038539e+00   6.2394438e-02   3.0689743e-04   2.0322400e-01  -8.1956638e-01  -6.7297849e-07   7.3359507e-04  -5.6494220e-01  -2.4462172e-01   6.1913839e-04   1.6105368e-06
   6.1250000e-01   7.6765147e+00   1.5764522e+00   6.2414678e-02   5.2432331e-04   1.6224571e-01  -8.3538114e-01   3.6006749e-05   7.3592215e-04  -5.7717328e-01  -1.8555504e-01   6.1921892e-04  -4.9188065e-05
   6.1500000e-01   7.7545621e+00   1.5471355e+00   6.2446785e-02   7.4575032e-04   1.2047668e-01  -8.4695135e-01   7.2802831e-05   7.3461723e-04  -5.8645103e-01  -1.2533904e-01   6.1675952e-04  -1.0048011e-04
   6.1750000e-01   7.8311393e+00   1.5160762e+00   6.2489764e-02   9.7072397e-04   7.8129142e-02  -8.5418396e-01   1.0953367e-04   7.2961395e-04  -5.9271798e-01  -6.4278742e-02   6.1173551e-04  -1.5200235e-04
   6.2000000e-01   7.9062183e+00   1.4833220e+00   6.2543388e-02   1.1990614e-03   3.5419974e-02  -8.5700786e-01   1.4601434e-04   7.2086526e-04  -5.9593191e-01  -2.6873622e-03   6.0413540e-04  -2.0348394e-04
   6.2250000e-01   7.9794281e+00   1.4485545e+00   6.2609765e-02   1.4312832e-03  -7.4303890e-03  -8.5537459e-01   1.8205758e-04   7.0834403e-04  -5.9606628e-01   5.9115285e-02   5.9396121e-04  -2.5464781e-04
   6.2500000e-01   8.0509949e+00   1.4121002e+00   6.2686927e-02   1.6666652e-03  -5.0199089e-02  -8.4925910e-01   2.1747475e-04   6.9204402e-04  -5.9311052e-01   1.2080443e-01   5.8122883e-04  -3.0521221e-04
   6.2750000e-01   8.1206389e+00   1.3737584e+00   6.2776275e-02   1.9054810e-03  -9.2662014e-02  -8.3866014e-01   2.5207693e-04   6.7198029e-04  -5.8707030e-01   1.8205202e-01   5.6596823e-04  -3.5489214e-04
   6.3000000e-01   8.1883011e+00   1.3335564e+00   6.2877763e-02   2.1475759e-03  -1.3459499e-01  -8.2360074e-01   2.8567592e-04   6.4818978e-04  -5.7796770e-01   2.4252849e-01   5.4822364e-04  -4.0340105e-04
   6.3250000e-01   8.2540336e+00   1.2916211e+00   6.2990695e-02   2.3926275e-03  -1.7577500e-01  -8.0412850e-01   3.1808539e-04   6.2073169e-04  -5.6584129e-01   3.0190462e-01   5.2805360e-04  -4.5045258e-04
   6.3500000e-01   8.3174148e+00   1.2476665e+00   6.3117139e-02   2.6410019e-03  -2.1598140e-01  -7.8031568e-01   3.4912195e-04   5.8968770e-04  -5.5074607e-01   3.5985319e-01   5.0553098e-04  -4.9576196e-04
   6.3750000e-01   8.3787572e+00   1.2020374e+00   6.3254948e-02   2.8920275e-03  -2.5499715e-01  -7.5225922e-01   3.7860631e-04   5.5516209e-04  -5.3275342e-01   4.1605118e-01   4.8074290e-04  -5.3904839e-04
   6.4000000e-01   8.4375980e+00   1.1544428e+00   6.3406306e-02   3.1460402e-03  -2.9261009e-01  -7.2008067e-01   4.0636440e-04   5.1728179e-04  -5.1195088e-01   4.7018128e-01   4.5379050e-04  -5.8003611e-04
   6.4250000e-01   8.4941218e+00   1.1051068e+00   6.3569871e-02   3.4025837e-03  -3.2861410e-01  -6.8392578e-01   4.3222847e-04   4.7619610e-04  -4.8844183e-01   5.2193412e-01   4.2478872e-04  -6.1845694e-04
   6.4500000e-01   8.5481168e+00   1.0539542e+00   6.3746407e-02   3.6616413e-03  -3.6281036e-01  -6.4396420e-01   4.5603826e-04   4.3207648e-04  -4.6234514e-01   5.7100993e-01   3.9386589e-04  -6.5405167e-04
   6.4750000e-01   8.5994492e+00   1.0009733e+00   6.3936257e-02   3.9230967e-03  -3.9500855e-01  -6.0038886e-01   4.7764207e-04   3.8511612e-04  -4.3379466e-01   6.1712051e-01   3.6116333e-04  -6.8657199e-04
   6.5000000e-01   8.6482593e+00   9.4633880e-01   6.4138410e-02   4.1865939e-03  -4.2502797e-01  -5.5341513e-01   4.9689786e-04   3.3552903e-04  -4.0293866e-01   6.5999121e-01   3.2683476e-04  -7.1578272e-04
   6.5250000e-01   8.6940292e+00   8.8980486e-01   6.4355036e-02   4.4522787e-03  -4.5269871e-01  -5.0328024e-01   5.1367430e-04   2.8354995e-04  -3.6993912e-01   6.9936234e-01   2.9104565e-04  -7.4146275e-04
   6.5500000e-01   8.7371686e+00   8.3170709e-01   6.4583894e-02   4.7196248e-03  -4.7786270e-01  -4.5024182e-01   5.2785179e-04   2.2943240e-04  -3.3497103e-01   7.3499155e-01   2.5397253e-04  -7.6340804e-04
   6.5750000e-01   8.7772016e+00   7.7185324e-01   6.4826874e-02   4.9886710e-03  -5.0037478e-01  -3.9457718e-01   5.3932340e-04   1.7344865e-04  -2.9822148e-01   7.6665495e-01   2.1580216e-04  -7.8143225e-04
   6.6000000e-01   8.8142228e+00   7.1038459e-01   6.5083248e-02   5.2591130e-03  -5.2010362e-01  -3.3658165e-01   5.4799582e-04   1.1588775e-04  -2.5988876e-01   7.9414911e-01   1.7673058e-04  -7.9536911e-04
   6.6250000e-01   8.8483465e+00   6.4744141e-01   6.5352248e-02   5.5306715e-03  -5.3693269e-01  -2.7656705e-01   5.5379021e-04   5.7053906e-05  -2.2018133e-01   8.1729257e-01   1.3696215e-04  -8.0507402e-04
   6.6500000e-01   8.8789376e+00   5.8280463e-01   6.5636314e-02   5.8032944e-03  -5.5076104e-01  -2.1486081e-01   5.5664290e-04  -2.7335453e-06  -1.7931673e-01   8.3592694e-01   9.6708475e-05  -8.1042479e-04
   6.6750000e-01   8.9063969e+00   5.1675820e-01   6.5933459e-02   6.0766003e-03  -5.6150407e-01  -1.5180322e-01   5.5650622e-04  -6.3143929e-05  -1.3752041e-01   8.4991875e-01   5.6187264e-05  -8.1132413e-04
   6.7000000e-01   8.9306798e+00   4.4936514e-01   6.6243629e-02   6.3503641e-03  -5.6909422e-01  -8.7745992e-02   5.5334903e-04  -1.2383626e-04  -9.5024506e-02   8.5916034e-01   1.5621086e-05  -8.0770035e-04
   6.7250000e-01   8.9514510e+00   3.8058151e-01   6.6567925e-02   6.6243575e-03  -5.7348152e-01  -2.3050666e-02   5.4715722e-04  -1.8446051e-04  -5.2066519e-02   8.6357094e-01  -2.4763903e-05  -7.9950843e-04
   6.7500000e-01   8.9686158e+00   3.1047426e-01   6.6906450e-02   6.8982932e-03  -5.7463405e-01   4.1913753e-02   5.3793420e-04  -2.4466027e-04  -8.8880023e-03   8.6309767e-01  -6.4739296e-05  -7.8673120e-04
   6.7750000e-01   8.9825090e+00   2.3925693e-01   6.7257651e-02   7.1719230e-03  -5.7253837e-01   1.0677355e-01   5.2570120e-04  -3.0407614e-04   3.4266851e-02   8.5771628e-01  -1.0407583e-04  -7.6938022e-04
   6.8000000e-01   8.9925869e+00   1.6685313e-01   6.7623372e-02   7.4448943e-03  -5.6719969e-01   1.7115136e-01   5.1049740e-04  -3.6234576e-04   7.7152635e-02   8.4743174e-01  -1.4254481e-04  -7.4749631e-04
   6.8250000e-01   8.9991130e+00   9.3446281e-02   6.8002371e-02   7.7169702e-03  -5.5864213e-01   2.3466962e-01   4.9238013e-04  -4.1910843e-04   1.1952419e-01   8.3227865e-01  -1.7991960e-04  -7.2115002e-04
   6.8500000e-01   9.0019442e+00   1.9103598e-02   6.8394943e-02   7.9878156e-03  -5.4690866e-01   2.9695239e-01   4.7142472e-04  -4.7400652e-04   1.6113810e-01   8.1232141e-01  -2.1597708e-04  -6.9044187e-04
   6.8750000e-01   9.0010020e+00  -5.6088443e-02   6.8801150e-02   8.2571094e-03  -5.3206105e-01   3.5762785e-01   4.4772441e-04  -5.2668824e-04   2.0175414e-01   7.8765436e-01  -2.5049915e-04  -6.5550245e-04
   6.9000000e-01   8.9963318e+00  -1.3200632e-01   6.9220595e-02   8.5245566e-03  -5.1417967e-01   4.1633099e-01   4.2139002e-04  -5.7681059e-04   2.4113683e-01   7.5840144e-01  -2.8327425e-04  -6.1649202e-04
   6.9250000e-01   8.9878001e+00  -2.0856501e-01   6.9653534e-02   8.7897839e-03  -4.9336314e-01   4.7270571e-01   3.9254951e-04  -6.2404152e-04   2.7905687e-01   7.2471595e-01  -3.1409883e-04  -5.7360032e-04
   6.9500000e-01   8.9754529e+00  -2.8563647e-01   7.0099579e-02   9.0524847e-03  -4.6972787e-01   5.2640765e-01   3.6134745e-04  -6.6806306e-04   3.1529265e-01   6.8677981e-01  -3.4277882e-04  -5.2704559e-04
   6.9750000e-01   8.9592575e+00  -3.6311195e-01   7.0558640e-02   9.3123247e-03  -4.4340750e-01   5.7710640e-01   3.2794432e-04  -7.0857372e-04   3.4963161e-01   6.4480280e-01  -3.6913108e-04  -4.7707378e-04
   7.0000000e-01   8.9391124e+00  -4.4087210e-01   7.1030836e-02   9.5688688e-03  -4.1455220e-01   6.2448782e-01   2.9251566e-04  -7.4529083e-04   3.8187173e-01   5.9902158e-01  -3.9298475e-04  -4.2395745e-04
   7.0250000e-01   8.9151807e+00  -5.1878912e-01   7.1515430e-02   9.8219320e-03  -3.8332783e-01   6.6825669e-01   2.5525115e-04  -7.7795381e-04   4.1182279e-01   5.4969817e-01  -4.1418261e-04  -3.6799377e-04
   7.0500000e-01   8.8872285e+00  -5.9673593e-01   7.2012971e-02   1.0070920e-02  -3.4991502e-01   7.0813838e-01   2.1635348e-04  -8.0632538e-04   4.3930768e-01   4.9711898e-01  -4.3258229e-04  -3.0950379e-04
   7.0750000e-01   8.8555014e+00  -6.7458831e-01   7.2522479e-02   1.0315743e-02  -3.1450813e-01   7.4388157e-01   1.7603724e-04  -8.3019515e-04   4.6416361e-01   4.4159245e-01  -4.4805747e-04  -2.4882914e-04
   7.1000000e-01   8.8197775e+00  -7.5219890e-01   7.3044449e-02   1.0555761e-02  -2.7731408e-01   7.7525964e-01   1.3452751e-04  -8.4938046e-04   4.8624321e-01   3.8344790e-01  -4.6049891e-04  -1.8633133e-04
   7.1250000e-01   8.7802612e+00  -8.2945009e-01   7.3578056e-02   1.0790857e-02  -2.3855112e-01   8.0207295e-01   9.2058521e-05  -8.6372936e-04   5.0541560e-01   3.2303281e-01  -4.6981547e-04  -1.2238785e-04
   7.1500000e-01   8.7368982e+00  -9.0619470e-01   7.4123271e-02   1.1020565e-02  -1.9844750e-01   8.2415018e-01   4.8872083e-05  -8.7312161e-04   5.2156723e-01   2.6071099e-01  -4.7593486e-04  -5.7390512e-05
   7.1750000e-01   8.6895480e+00  -9.8226433e-01   7.4680317e-02   1.1244266e-02  -1.5724002e-01   8.4134975e-01   5.2160334e-06  -8.7747010e-04   5.3460277e-01   1.9686046e-01  -4.7880439e-04   8.2569254e-06
   7.2000000e-01   8.6386669e+00  -1.0576012e+00   7.5247663e-02   1.1462268e-02  -1.1517256e-01   8.5356151e-01  -3.8657441e-05  -8.7672298e-04   5.4444578e-01   1.3186956e-01  -4.7839154e-04   7.4144338e-05
   7.2250000e-01   8.5838822e+00  -1.1319737e+00   7.5826200e-02   1.1673533e-02  -7.2494519e-02   8.6070710e-01  -8.2493559e-05  -8.7086327e-04   5.5103926e-01   6.6136203e-02  -4.7468433e-04   1.3985468e-04
   7.2500000e-01   8.5255853e+00  -1.2053390e+00   7.6414635e-02   1.1878341e-02  -2.9459194e-02   8.6274119e-01  -1.2603669e-04  -8.5991046e-04   5.5434606e-01   6.3294445e-05  -4.6769160e-04   2.0497072e-04
   7.2750000e-01   8.4633816e+00  -1.2774096e+00   7.7013865e-02   1.2075467e-02   1.3677835e-02   8.5965172e-01  -1.6903218e-04  -8.4392014e-04   5.5434923e-01  -6.5942144e-02  -4.5744307e-04   2.6907452e-04
   7.3000000e-01   8.3977954e+00  -1.3482054e+00   7.7622258e-02   1.2265502e-02   5.6660391e-02   8.5146035e-01  -2.1122816e-04  -8.2298449e-04   5.5105212e-01  -1.3147419e-01  -4.4398935e-04   3.3175540e-04
   7.3250000e-01   8.3286607e+00  -1.4175086e+00   7.8240083e-02   1.2447649e-02   9.9233379e-02   8.3822229e-01  -2.5237736e-04  -7.9723156e-04   5.4447842e-01  -1.9612918e-01  -4.2740159e-04   3.9260979e-04
   7.3500000e-01   8.2560225e+00  -1.4851588e+00   7.8867011e-02   1.2621487e-02   1.4114446e-01   8.2002614e-01  -2.9223891e-04  -7.6682476e-04   5.3467197e-01  -2.5950915e-01  -4.0777112e-04   4.5124567e-04
   7.3750000e-01   8.1801524e+00  -1.5511228e+00   7.9502151e-02   1.2787189e-02   1.8214574e-01   7.9699313e-01  -3.3058012e-04  -7.3196147e-04   5.2169652e-01  -3.2122540e-01  -3.8520885e-04   5.0728709e-04
   7.4000000e-01   8.1010433e+00  -1.6152326e+00   8.0145333e-02   1.2944253e-02   2.2199537e-01   7.6927640e-01  -3.6717817e-04  -6.9287187e-04   5.0563526e-01  -3.8090050e-01  -3.5984451e-04   5.6037582e-04
   7.4250000e-01   8.0186368e+00  -1.6772594e+00   8.0796479e-02   1.3091943e-02   2.6045916e-01   7.3706006e-01  -4.0182173e-04  -6.4981753e-04   4.8659025e-01  -4.3817097e-01  -3.3182574e-04   6.1017418e-04
   7.4500000e-01   7.9332685e+00  -1.7372357e+00   8.1454575e-02   1.3230678e-02   2.9731214e-01   7.0055734e-01  -4.3431259e-04  -6.0308846e-04   4.6468171e-01  -4.9269099e-01  -3.0131705e-04   6.5637005e-04
   7.4750000e-01   7.8450380e+00  -1.7950618e+00   8.2119195e-02   1.3360251e-02   3.3233998e-01   6.6000919e-01  -4.6446699e-04  -5.5300112e-04   4.4004718e-01  -5.4413427e-01  -2.6849857e-04   6.9867822e-04
   7.5000000e-01   7.7538286e+00  -1.8504447e+00   8.2790367e-02   1.3479665e-02   3.6534042e-01   6.1568284e-01  -4.9211703e-04  -4.9989671e-04   4.1284049e-01  -5.9219579e-01  -2.3356469e-04   7.3684171e-04
   7.5250000e-01   7.6599382e+00  -1.9034236e+00   8.3467201e-02   1.3589309e-02   3.9612454e-01   5.6786904e-01  -5.1711184e-04  -4.4413685e-04   3.8323072e-01  -6.3659511e-01  -1.9672263e-04   7.7063616e-04
   7.5500000e-01   7.5635525e+00  -1.9539815e+00   8.4149089e-02   1.3689293e-02   4.2451797e-01   5.1687987e-01  -5.3931867e-04  -3.8610068e-04   3.5140099e-01  -6.7707798e-01  -1.5819085e-04   7.9987095e-04
   7.5750000e-01   7.4646141e+00  -2.0018481e+00   8.4835893e-02   1.3778727e-02   4.5036195e-01   4.6304690e-01  -5.5862369e-04  -3.2618283e-04   3.1754711e-01  -7.1341750e-01  -1.1819733e-04   8.2438968e-04
   7.6000000e-01   7.3633524e+00  -2.0470380e+00   8.5526898e-02   1.3857848e-02   4.7351428e-01   4.0671792e-01  -5.7493282e-04  -2.6478861e-04   2.8187626e-01  -7.4541625e-01  -7.6977872e-05   8.4407265e-04
   7.6250000e-01   7.2600177e+00  -2.0896449e+00   8.6221414e-02   1.3927150e-02   4.9385016e-01   3.4825406e-01  -5.8817224e-04  -2.0233013e-04   2.4460547e-01  -7.7290754e-01  -3.4774269e-05   8.5883765e-04
   7.6500000e-01   7.1544212e+00  -2.1291639e+00   8.6919426e-02   1.3984880e-02   5.1126285e-01   2.8802838e-01  -5.9828874e-04  -1.3922557e-04   2.0596012e-01  -7.9575550e-01   8.1675834e-06   8.6863884e-04
   7.6750000e-01   7.0470945e+00  -2.1660999e+00   8.7619833e-02   1.4033048e-02   5.2566426e-01   2.2642058e-01  -6.0525002e-04  -7.5890772e-05   1.6617238e-01  -8.1385703e-01   5.1599495e-05   8.7346930e-04
   7.7000000e-01   6.9378865e+00  -2.1999587e+00   8.8322498e-02   1.4069948e-02   5.3698528e-01   1.6381650e-01  -6.0904455e-04  -1.2740314e-05   1.2547956e-01  -8.2714108e-01   9.5272929e-05   8.7335851e-04
   7.7250000e-01   6.8271393e+00  -2.2310484e+00   8.9026679e-02   1.4096810e-02   5.4517610e-01   1.0060330e-01  -6.0968157e-04   4.9819622e-05   8.4122530e-02  -8.3556943e-01   1.3894082e-04   8.6837303e-04
   7.7500000e-01   6.7148356e+00  -2.2590261e+00   8.9731975e-02   1.4112495e-02   5.5020626e-01   3.7168039e-02  -6.0719059e-04   1.1139190e-04   4.2344088e-02  -8.3913609e-01   1.8235944e-04   8.5861467e-04
   7.7750000e-01   6.6013036e+00  -2.2842762e+00   9.0437780e-02   1.4118462e-02   5.5206466e-01  -2.6106661e-02  -6.0162100e-04   1.7159459e-04   3.8731272e-04  -8.3786709e-01   2.2529015e-04   8.4421958e-04
   7.8000000e-01   6.4864804e+00  -2.3062844e+00   9.1143599e-02   1.4112966e-02   5.5075933e-01  -8.8843650e-02  -5.9304127e-04   2.3006071e-04  -4.1506012e-02  -8.3181961e-01   2.6750110e-04   8.2535619e-04
   7.8250000e-01   6.3706831e+00  -2.3254809e+00   9.1848910e-02   1.4097597e-02   5.4631715e-01  -1.5067563e-01  -5.8153825e-04   2.8644449e-04  -8.3096964e-02  -8.2108106e-01   3.0876888e-04   8.0222334e-04
   7.8500000e-01   6.2540115e+00  -2.3417849e+00   9.2553233e-02   1.4072126e-02   5.3878337e-01  -2.1124670e-01  -5.6721603e-04   3.4042213e-04  -1.2415099e-01  -8.0576780e-01   3.4888002e-04   7.7504787e-04
   7.8750000e-01   6.1365579e+00  -2.3549819e+00   9.3255915e-02   1.4035865e-02   5.2822104e-01  -2.7021462e-01  -5.5019494e-04   3.9169395e-04  -1.6443935e-01  -7.8602378e-01   3.8763238e-04   7.4408224e-04
   7.9000000e-01   6.0185381e+00  -2.3653844e+00   9.3956602e-02   1.3989941e-02   5.1471032e-01  -3.2725367e-01  -5.3061025e-04   4.3998780e-04  -2.0374051e-01  -7.6201879e-01   4.2483647e-04   7.0960148e-04
   7.9250000e-01   5.9000778e+00  -2.3730114e+00   9.4654836e-02   1.3934457e-02   4.9834765e-01  -3.8205621e-01  -5.0861088e-04   4.8505991e-04  -2.4184142e-01  -7.3394664e-01   4.6031652e-04   6.7190040e-04
   7.9500000e-01   5.7812930e+00  -2.3776790e+00   9.5349885e-02   1.3868812e-02   4.7924485e-01  -4.3433432e-01  -4.8435790e-04   5.2669611e-04  -2.7853873e-01  -7.0202336e-01   4.9391151e-04   6.3129069e-04
   7.9750000e-01   5.6623485e+00  -2.3796251e+00   9.6041446e-02   1.3793848e-02   4.5752815e-01  -4.8382171e-01  -4.5802311e-04   5.6471356e-04  -3.1363987e-01  -6.6648484e-01   5.2547603e-04   5.8809748e-04
   8.0000000e-01   5.5433726e+00  -2.3789578e+00   9.6729156e-02   1.3709952e-02   4.3333708e-01  -5.3027492e-01  -4.2978746e-04   5.9896110e-04  -3.4696409e-01  -6.2758479e-01   5.5488088e-04   5.4265623e-04
   8.0250000e-01   5.4244966e+00  -2.3756154e+00   9.7412370e-02   1.3616927e-02   4.0682336e-01  -5.7347427e-01  -3.9983942e-04   6.2931959e-04  -3.7834331e-01  -5.8559241e-01   5.8201367e-04   4.9530967e-04
   8.0500000e-01   5.3058606e+00  -2.3696696e+00   9.8090597e-02   1.3515023e-02   3.7814966e-01  -6.1322491e-01  -3.6837346e-04   6.5570208e-04  -4.0762291e-01  -5.4079009e-01   6.0677914e-04   4.4640442e-04
   8.0750000e-01   5.1875681e+00  -2.3613480e+00   9.8763729e-02   1.3405018e-02   3.4748844e-01  -6.4935731e-01  -3.3558838e-04   6.7805345e-04  -4.3466239e-01  -4.9347102e-01   6.2909934e-04   3.9628799e-04
   8.1000000e-01   5.0697607e+00  -2.3505891e+00   9.9431040e-02   1.3286701e-02   3.1502060e-01  -6.8172772e-01  -3.0168573e-04   6.9634983e-04  -4.5933593e-01  -4.4393684e-01   6.4891373e-04   3.4530573e-04
   8.1250000e-01   4.9525636e+00  -2.3374961e+00   1.0009212e-01   1.3160412e-02   2.8093424e-01  -7.1021833e-01  -2.6686827e-04   7.1059774e-04  -4.8153275e-01  -3.9249531e-01   6.6617900e-04   2.9379788e-04
   8.1500000e-01   4.8360239e+00  -2.3223434e+00   1.0074714e-01   1.3027079e-02   2.4542334e-01  -7.3473707e-01  -2.3133841e-04   7.2083270e-04  -5.0115751e-01  -3.3945817e-01   6.8086889e-04   2.4209724e-04
   8.1750000e-01   4.7203748e+00  -2.3048935e+00   1.0139466e-01   1.2885871e-02   2.0868652e-01  -7.5521770e-01  -1.9529680e-04   7.2711836e-04  -5.1813040e-01  -2.8513849e-01   6.9297374e-04   1.9052568e-04
   8.2000000e-01   4.6055576e+00  -2.2856272e+00   1.0203565e-01   1.2738416e-02   1.7092566e-01  -7.7161888e-01  -1.5894090e-04   7.2954408e-04  -5.3238732e-01  -2.2984930e-01   7.0250002e-04   1.3939339e-04
   8.2250000e-01   4.4918630e+00  -2.2642631e+00   1.0266829e-01   1.2583719e-02   1.3234474e-01  -7.8392406e-01  -1.2246372e-04   7.2822402e-04  -5.4387977e-01  -1.7390049e-01   7.0946968e-04   8.8994645e-05
   8.2500000e-01   4.3791942e+00  -2.2412415e+00   1.0329366e-01   1.2423274e-02   9.3148566e-02  -7.9214021e-01  -8.6052549e-05   7.2329430e-04  -5.5257479e-01  -1.1759812e-01   7.1391941e-04   3.9608406e-05
   8.2750000e-01   4.2677452e+00  -2.2164947e+00   1.0391068e-01   1.2256815e-02   5.3541583e-02  -7.9629725e-01  -4.9887860e-05   7.1491151e-04  -5.5845470e-01  -6.1241670e-02   7.1589983e-04  -8.5052597e-06
   8.3000000e-01   4.1576037e+00  -2.1901269e+00   1.0451904e-01   1.2084668e-02   1.3726748e-02  -7.9644682e-01  -1.4142309e-05   7.0325026e-04  -5.6151678e-01  -5.1226695e-03   7.1547457e-04  -5.5105880e-05
   8.3250000e-01   4.0487101e+00  -2.1623938e+00   1.0511934e-01   1.1907697e-02  -2.6095565e-02  -7.9266113e-01   2.1020179e-05   6.8850098e-04  -5.6177291e-01   5.0476187e-02   7.1271928e-04  -9.9972501e-05
   8.3500000e-01   3.9413850e+00  -2.1331523e+00   1.0570976e-01   1.1725350e-02  -6.5728593e-02  -7.8503173e-01   5.5445204e-05   6.7086753e-04  -5.5924910e-01   1.0528401e-01   7.0772065e-04  -1.4290769e-04
   8.3750000e-01   3.8354330e+00  -2.1027479e+00   1.0629168e-01   1.1538816e-02  -1.0498015e-01  -7.7366821e-01   8.8988557e-05   6.5056511e-04  -5.5398491e-01   1.5904078e-01   7.0057527e-04  -1.8373388e-04
   8.4000000e-01   3.7311258e+00  -2.0711174e+00   1.0686360e-01   1.1347818e-02  -1.4366354e-01  -7.5869667e-01   1.2151679e-04   6.2781757e-04  -5.4603287e-01   2.1150045e-01   6.9138859e-04  -2.2229773e-04
   8.4250000e-01   3.6283544e+00  -2.0384790e+00   1.0742630e-01   1.1153101e-02  -1.8159834e-01  -7.4025850e-01   1.5290765e-04   6.0285572e-04  -5.3545786e-01   2.6243020e-01   6.8027371e-04  -2.5846699e-04
   8.4500000e-01   3.5272856e+00  -2.0048646e+00   1.0797890e-01   1.0954728e-02  -2.1861124e-01  -7.1850869e-01   1.8305041e-04   5.7591451e-04  -5.2233636e-01   3.1161241e-01   6.6735037e-04  -2.9213290e-04
   8.4750000e-01   3.4279022e+00  -1.9704069e+00   1.0852160e-01   1.0753137e-02  -2.5453665e-01  -6.9361456e-01   2.1184612e-04   5.4723144e-04  -5.0675575e-01   3.5884456e-01   6.5274373e-04  -3.2320824e-04
   8.5000000e-01   3.3302348e+00  -1.9352086e+00   1.0905430e-01   1.0548660e-02  -2.8921735e-01  -6.6575425e-01   2.3920767e-04   5.1704444e-04  -4.8881353e-01   4.0393987e-01   6.3658333e-04  -3.5162741e-04
   8.5250000e-01   3.2344117e+00  -1.8993274e+00   1.0957631e-01   1.0341450e-02  -3.2250504e-01  -6.3511501e-01   2.6505987e-04   4.8558940e-04  -4.6861655e-01   4.4672810e-01   6.1900197e-04  -3.7734653e-04
   8.5500000e-01   3.1402511e+00  -1.8629250e+00   1.1008875e-01   1.0132089e-02  -3.5426077e-01  -6.0189257e-01   2.8933933e-04   4.5310015e-04  -4.4628016e-01   4.8705454e-01   6.0013466e-04  -4.0034021e-04
   8.5750000e-01   3.0481374e+00  -1.8259929e+00   1.1058943e-01   9.9204483e-03  -3.8435538e-01  -5.6628812e-01   3.1199432e-04   4.1980336e-04  -4.2192745e-01   5.2478234e-01   5.8011766e-04  -4.2060510e-04
   8.6000000e-01   2.9577510e+00  -1.7887022e+00   1.1108023e-01   9.7071762e-03  -4.1266977e-01  -5.2850909e-01   3.3298447e-04   3.8592153e-04  -3.9568835e-01   5.5978978e-01   5.5908742e-04  -4.3815336e-04
   8.6250000e-01   2.8691657e+00  -1.7511141e+00   1.1156073e-01   9.4924569e-03  -4.3909520e-01  -4.8876670e-01   3.5228053e-04   3.5166917e-04  -3.6769888e-01   5.9197177e-01   5.3717977e-04  -4.5301473e-04
   8.6500000e-01   2.7826500e+00  -1.7132783e+00   1.1202942e-01   9.2763882e-03  -4.6353352e-01  -4.4727375e-01   3.6986398e-04   3.1724983e-04  -3.3810032e-01   6.2124018e-01   5.1452905e-04  -4.6523641e-04
   8.6750000e-01   2.6979859e+00  -1.6753000e+00   1.1248753e-01   9.0593776e-03  -4.8589719e-01  -4.0424545e-01   3.8572646e-04   2.8285898e-04  -3.0703833e-01   6.4752199e-01   4.9126725e-04  -4.7487854e-04
   8.7000000e-01   2.6151466e+00  -1.6372472e+00   1.1293520e-01   8.8416610e-03  -5.0610945e-01  -3.5989756e-01   3.9986940e-04   2.4868170e-04  -2.7466225e-01   6.7075959e-01   4.6752334e-04  -4.8201435e-04
   8.7250000e-01   2.5341391e+00  -1.5991813e+00   1.1337239e-01   8.6234452e-03  -5.2410432e-01  -3.1444521e-01   4.1230347e-04   2.1489163e-04  -2.4112430e-01   6.9091056e-01   4.4342263e-04  -4.8672907e-04
   8.7500000e-01   2.4551936e+00  -1.5611740e+00   1.1379773e-01   8.4049187e-03  -5.3982657e-01  -2.6810074e-01   4.2304805e-04   1.8164809e-04  -2.0657879e-01   7.0794758e-01   4.1908620e-04  -4.8911943e-04
   8.7750000e-01   2.3781178e+00  -1.5232826e+00   1.1421231e-01   8.1863265e-03  -5.5323159e-01  -2.2107487e-01   4.3213045e-04   1.4909978e-04  -1.7118144e-01   7.2185696e-01   3.9463024e-04  -4.8929036e-04
   8.8000000e-01   2.3028376e+00  -1.4855545e+00   1.1461651e-01   7.9678531e-03  -5.6428533e-01  -1.7357541e-01   4.3958543e-04   1.1738343e-04  -1.3508862e-01   7.3263845e-01   3.7016574e-04  -4.8735447e-04
   8.8250000e-01   2.2295064e+00  -1.4480602e+00   1.1500940e-01   7.7497081e-03  -5.7296409e-01  -1.2580513e-01   4.4545460e-04   8.6621103e-05  -9.8456720e-02   7.4030498e-01   3.4579804e-04  -4.8343136e-04
   8.8500000e-01   2.1580806e+00  -1.4108477e+00   1.1539118e-01   7.5320738e-03  -5.7925434e-01  -7.7962222e-02   4.4978565e-04   5.6922218e-05  -6.1441497e-02   7.4488166e-01   3.2162649e-04  -4.7764564e-04
   8.8750000e-01   2.0883806e+00  -1.3739344e+00   1.1576284e-01   7.3150609e-03  -5.8315245e-01  -3.0240410e-02   4.5263176e-04   2.8385240e-05  -2.4197440e-02   7.4640521e-01   2.9774422e-04  -4.7012579e-04
   8.9000000e-01   2.0206572e+00  -1.3374136e+00   1.1612283e-01   7.0989428e-03  -5.8466447e-01   1.7174087e-02   4.5405102e-04   1.0927838e-06   1.3122794e-02   7.4492341e-01   2.7423795e-04  -4.6100331e-04
   8.9250000e-01   1.9547024e+00  -1.3012868e+00   1.1647233e-01   6.8837836e-03  -5.8380577e-01   6.4100374e-02   4.5410566e-04  -2.4882764e-05   5.0368938e-02   7.4049436e-01   2.5118780e-04  -4.5041131e-04
   8.9500000e-01   1.8904399e+00  -1.2655731e+00   1.1681172e-01   6.6696794e-03  -5.8060075e-01   1.1036409e-01   4.5286152e-04  -4.9480485e-05   8.7393630e-02   7.3318591e-01   2.2866725e-04  -4.3848385e-04
   8.9750000e-01   1.8281417e+00  -1.2303825e+00   1.1713929e-01   6.4569673e-03  -5.7508255e-01   1.5579986e-01   4.5038750e-04  -7.2654693e-05   1.2405290e-01   7.2307468e-01   2.0674307e-04  -4.2535415e-04
   9.0000000e-01   1.7674642e+00  -1.1956581e+00   1.1745702e-01   6.2455388e-03  -5.6729256e-01   2.0024797e-01   4.4675477e-04  -9.4367127e-05   1.6020661e-01   7.1024594e-01   1.8547538e-04  -4.1115497e-04
   9.0250000e-01   1.7085121e+00  -1.1614623e+00   1.1776420e-01   6.0356063e-03  -5.5728017e-01   2.4355731e-01   4.4203641e-04  -1.1459183e-04   1.9571888e-01   6.9479260e-01   1.6491765e-04  -3.9601685e-04
   9.0500000e-01   1.6513414e+00  -1.1278461e+00   1.1806040e-01   5.8273567e-03  -5.4510232e-01   2.8558529e-01   4.3630683e-04  -1.3331396e-04   2.3045849e-01   6.7681437e-01   1.4511682e-04  -3.8006721e-04
   9.0750000e-01   1.5957261e+00  -1.0947641e+00   1.1834692e-01   5.6206931e-03  -5.3082306e-01   3.2619640e-01   4.2964113e-04  -1.5052598e-04   2.6429918e-01   6.5641793e-01   1.2611347e-04  -3.6343108e-04
   9.1000000e-01   1.5418143e+00  -1.0622960e+00   1.1862275e-01   5.4158902e-03  -5.1451325e-01   3.6526452e-01   4.2211484e-04  -1.6623131e-04   2.9712005e-01   6.3371532e-01   1.0794193e-04  -3.4622865e-04
   9.1250000e-01   1.4895402e+00  -1.0304455e+00   1.1888820e-01   5.2129962e-03  -4.9625004e-01   4.0267177e-01   4.1380328e-04  -1.8044124e-04   3.2880580e-01   6.0882392e-01   9.0630508e-05  -3.2857580e-04
   9.1500000e-01   1.4387512e+00  -9.9917813e-01   1.1914414e-01   5.0119362e-03  -4.7611647e-01   4.3830817e-01   4.0478122e-04  -1.9317344e-04   3.5924697e-01   5.8186620e-01   7.4201730e-05  -3.1058443e-04
   9.1750000e-01   1.3895652e+00  -9.6856412e-01   1.1938972e-01   4.8129663e-03  -4.5420107e-01   4.7207311e-01   3.9512256e-04  -2.0445416e-04   3.8834026e-01   5.5296822e-01   5.8672519e-05  -2.9236010e-04
   9.2000000e-01   1.3419379e+00  -9.3860852e-01   1.1962512e-01   4.6161382e-03  -4.3059743e-01   5.0387447e-01   3.8489986e-04  -2.1431579e-04   4.1598865e-01   5.2225964e-01   4.4054525e-05  -2.7400285e-04
   9.2250000e-01   1.2957207e+00  -9.0926796e-01   1.1985120e-01   4.4213424e-03  -4.0540373e-01   5.3362816e-01   3.7418408e-04  -2.2279530e-04   4.4210162e-01   4.8987369e-01   3.0354391e-05  -2.5560801e-04
   9.2500000e-01   1.2509086e+00  -8.8055785e-01   1.2006790e-01   4.2286599e-03  -3.7872234e-01   5.6125877e-01   3.6304432e-04  -2.2993506e-04   4.6659528e-01   4.5594609e-01   1.7574000e-05  -2.3726476e-04
   9.2750000e-01   1.2076618e+00  -8.5257077e-01   1.2027404e-01   4.0384394e-03  -3.5065942e-01   5.8670020e-01   3.5154757e-04  -2.3578344e-04   4.8939257e-01   4.2061363e-01   5.7107701e-06  -2.1905422e-04
   9.3000000e-01   1.1657450e+00  -8.2521516e-01   1.2047108e-01   3.8504026e-03  -3.2132443e-01   6.0989387e-01   3.3975841e-04  -2.4039089e-04   5.1042324e-01   3.8401577e-01  -5.2419331e-06  -2.0105342e-04
   9.3250000e-01   1.1251241e+00  -7.9848894e-01   1.2065916e-01   3.6645718e-03  -2.9082976e-01   6.3078955e-01   3.2773887e-04  -2.4381121e-04   5.2962402e-01   3.4629319e-01  -1.5294597e-05  -1.8333333e-04
   9.3500000e-01   1.0857810e+00  -7.7239666e-01   1.2083831e-01   3.4809930e-03  -2.5929030e-01   6.4934534e-01   3.1554832e-04  -2.4610106e-04   5.4693866e-01   3.0758726e-01  -2.4461257e-05  -1.6595865e-04
   9.3750000e-01   1.0478690e+00  -7.4703063e-01   1.2100732e-01   3.3000334e-03  -2.2682306e-01   6.6552792e-01   3.0324328e-04  -2.4732026e-04   5.6231801e-01   2.6803855e-01  -3.2759184e-05  -1.4898573e-04
   9.4000000e-01   1.0111712e+00  -7.2229399e-01   1.2116761e-01   3.1213781e-03  -1.9354669e-01   6.7931136e-01   2.9087727e-04  -2.4752913e-04   5.7571993e-01   2.2778871e-01  -4.0208465e-05  -1.3246714e-04
   9.4250000e-01   9.7566958e-01  -6.9818865e-01   1.2131920e-01   2.9450654e-03  -1.5958114e-01   6.9067762e-01   2.7850083e-04  -2.4678930e-04   5.8710936e-01   1.8697889e-01  -4.6831818e-05  -1.1644950e-04
   9.4500000e-01   9.4133396e-01  -6.7470911e-01   1.2146221e-01   2.7711067e-03  -1.2504729e-01   6.9961631e-01   2.6616137e-04  -2.4516317e-04   5.9645830e-01   1.4574946e-01  -5.2654288e-05  -1.0097369e-04
   9.4750000e-01   9.0815671e-01  -6.5186147e-01   1.2159659e-01   2.5995578e-03  -9.0066494e-02   7.0612461e-01   2.5390322e-04  -2.4271353e-04   6.0374577e-01   1.0423951e-01  -5.7702969e-05  -8.6074781e-05
   9.5000000e-01   8.7609033e-01  -6.2962921e-01   1.2172257e-01   2.4303886e-03  -5.4760288e-02   7.1020700e-01   2.4176755e-04  -2.3950306e-04   6.0895774e-01   6.2586784e-02  -6.2006705e-05  -7.1782764e-05
   9.5250000e-01   8.4511314e-01  -6.0800903e-01   1.2184021e-01   2.2636195e-03  -1.9249963e-02   7.1187510e-01   2.2979241e-04  -2.3559402e-04   6.1208707e-01   2.0927178e-02  -6.5595841e-05  -5.8122412e-05
   9.5500000e-01   8.1528054e-01  -5.8704154e-01   1.2194895e-01   2.0994485e-03   1.6343767e-02   7.1114749e-01   2.1801271e-04  -2.3104792e-04   6.1313343e-01  -2.0606080e-02  -6.8501960e-05  -4.5112460e-05
   9.5750000e-01   7.8644416e-01  -5.6664973e-01   1.2204984e-01   1.9376030e-03   5.1901117e-02   7.0804947e-01   2.0646033e-04  -2.2592514e-04   6.1210313e-01  -6.1881301e-02  -7.0757581e-05  -3.2768704e-05
   9.6000000e-01   7.5861248e-01  -5.4684541e-01   1.2214270e-01   1.7781643e-03   8.7303565e-02   7.0261291e-01   1.9516408e-04  -2.2028477e-04   6.0900907e-01  -1.0276971e-01  -7.2396015e-05  -2.1102067e-05
   9.6250000e-01   7.3175638e-01  -5.2761810e-01   1.2222764e-01   1.6211238e-03   1.2243419e-01   6.9487603e-01   1.8414985e-04  -2.1418437e-04   6.0387058e-01  -1.4314543e-01  -7.3451118e-05  -1.0119405e-05
   9.6500000e-01   7.0585483e-01  -5.0896155e-01   1.2230473e-01   1.4664909e-03   1.5717796e-01   6.8488318e-01   1.7344064e-04  -2.0767972e-04   5.9671332e-01  -1.8288582e-01  -7.3957087e-05   1.7633866e-07
   9.6750000e-01   6.8081196e-01  -4.9082317e-01   1.2237467e-01   1.3140732e-03   1.9142210e-01   6.7268479e-01   1.6305666e-04  -2.0082494e-04   5.8756903e-01  -2.2187117e-01  -7.3948271e-05   9.7848326e-06
   9.7000000e-01   6.5676771e-01  -4.7329365e-01   1.2243614e-01   1.1643004e-03   2.2505631e-01   6.5833661e-01   1.5301542e-04  -1.9367140e-04   5.7647548e-01  -2.5998657e-01  -7.3459029e-05   1.8711280e-05
   9.7250000e-01   6.3357047e-01  -4.5628568e-01   1.2249031e-01   1.0168316e-03   2.5797312e-01   6.4190013e-01   1.4333185e-04  -1.8626874e-04   5.6347616e-01  -2.9712011e-01  -7.2523466e-05   2.6962160e-05
   9.7500000e-01   6.1119549e-01  -4.3978802e-01   1.2253729e-01   8.7165027e-04   2.9006811e-01   6.2344210e-01   1.3401842e-04  -1.7866434e-04   5.4862017e-01  -3.3316396e-01  -7.1175359e-05   3.4546720e-05
   9.7750000e-01   5.8963144e-01  -4.2379745e-01   1.2257708e-01   7.2877608e-04   3.2124019e-01   6.0303424e-01   1.2508521e-04  -1.7090317e-04   5.3196198e-01  -3.6801469e-01  -6.9448024e-05   4.1476875e-05
   9.8000000e-01   5.6881947e-01  -4.0828038e-01   1.2261010e-01   5.8808815e-04   3.5139188e-01   5.8075319e-01   1.1654006e-04  -1.6302802e-04   5.1356126e-01  -4.0157314e-01  -6.7374182e-05   4.7766365e-05
   9.8250000e-01   5.4874675e-01  -3.9323161e-01   1.2263637e-01   4.4959299e-04   3.8042952e-01   5.5668006e-01   1.0838866e-04  -1.5507918e-04   4.9348262e-01  -4.3374487e-01  -6.4985865e-05   5.3431095e-05
   9.8500000e-01   5.2939201e-01  -3.7864033e-01   1.2265600e-01   3.1327123e-04   4.0826350e-01   5.3090029e-01   1.0063471e-04  -1.4709448e-04   4.7179539e-01  -4.6444034e-01  -6.2314312e-05   5.8488783e-05
   9.8750000e-01   5.1084392e-01  -3.6456639e-01   1.2266802e-01   1.7945105e-04   4.3480850e-01   5.0350274e-01   9.3279992e-05  -1.3910814e-04   4.4857339e-01  -4.9357558e-01  -5.9389875e-05   6.2959863e-05
   9.9000000e-01   4.9301337e-01  -3.5095555e-01   1.2267316e-01   4.7913627e-05   4.5998362e-01   4.7458031e-01   8.6324590e-05  -1.3115246e-04   4.2389463e-01  -5.2107137e-01  -5.6241884e-05   6.6865250e-05
   9.9250000e-01   4.7581829e-01  -3.3775678e-01   1.2267210e-01  -8.1559261e-05   4.8371262e-01   4.4422971e-01   7.9766972e-05  -1.2325793e-04   3.9784108e-01  -5.4685343e-01  -5.2898624e-05   7.0226344e-05
   9.9500000e-01   4.5924231e-01  -3.2496095e-01   1.2266493e-01  -2.0898402e-04   5.0592409e-01   4.1255089e-01   7.3604079e-05  -1.1545260e-04   3.7049843e-01  -5.7085299e-01  -4.9387310e-05   7.3065552e-05
   9.9750000e-01   4.4326789e-01  -3.1255805e-01   1.2265172e-01  -3.3438218e-04   5.2655162e-01   3.7964670e-01   6.7831454e-05  -1.0776212e-04   3.4195580e-01  -5.9300681e-01  -4.5734034e-05   7.5406079e-05
   1.0000000e+00   4.2787787e-01  -3.0053809e-01   1.2263257e-01  -4.5777560e-04   5.4553394e-01   3.4562268e-01   6.2443351e-05  -1.0020984e-04   3.1230548e-01  -6.1325734e-01  -4.1963733e-05   7.7271745e-05
