   0.0000000e+00   4.2787787e-01  -3.0053809e-01   1.2263257e-01  -4.5777560e-04  -2.6575925e-01  -5.3325450e-01  -1.3852342e-04   2.5891388e-04   6.8618350e-01  -1.8230092e-01   9.5319858e-05   4.3025236e-05
   2.5000000e-03   4.1324398e-01  -2.8901554e-01   1.2260558e-01  -5.7850856e-04  -2.9242196e-01  -5.2540973e-01  -1.2557774e-04   2.5135321e-04   6.7706846e-01  -2.0272288e-01   9.7471118e-05   4.8990858e-05
   5.0000000e-03   3.9910284e-01  -2.7781823e-01   1.2257337e-01  -6.9746231e-04  -3.1869242e-01  -5.1684759e-01  -1.1301009e-04   2.4377649e-04   6.6693232e-01  -2.2276320e-01   9.9920659e-05   5.4519947e-05
   7.5000000e-03   3.8544471e-01  -2.6694008e-01   1.2253599e-01  -8.1465149e-04  -3.4453478e-01  -5.0758569e-01  -1.0082127e-04   2.3620201e-04   6.5579417e-01  -2.4240055e-01   1.0264665e-04   5.9625493e-05
   1.0000000e-02   3.7230350e-01  -2.5640402e-01   1.2249302e-01  -9.2992428e-04  -3.6991405e-01  -4.9764185e-01  -8.9011178e-05   2.2864645e-04   6.4367415e-01  -2.6161460e-01   1.0562793e-04   6.4321571e-05
   1.2500000e-02   3.5981620e-01  -2.4630150e-01   1.2244282e-01  -1.0427090e-03  -3.9479613e-01  -4.8703353e-01  -7.7578863e-05   2.2112384e-04   6.3059343e-01  -2.8038684e-01   1.0884400e-04   6.8624710e-05
   1.5000000e-02   3.4779948e-01  -2.3651126e-01   1.2238731e-01  -1.1536584e-03  -4.1914778e-01  -4.7577923e-01  -6.6522679e-05   2.1364842e-04   6.1657409e-01  -2.9869805e-01   1.1227524e-04   7.2548976e-05
   1.7500000e-02   3.3608794e-01  -2.2692358e-01   1.2232834e-01  -1.2634145e-03  -4.4293673e-01  -4.6389859e-01  -5.5840265e-05   2.0623484e-04   6.0163920e-01  -3.1652859e-01   1.1590268e-04   7.6106420e-05
   2.0000000e-02   3.2510227e-01  -2.1781768e-01   1.2226095e-01  -1.3702507e-03  -4.6613164e-01  -4.5140934e-01  -4.5528531e-05   1.9889217e-04   5.8581278e-01  -3.3386252e-01   1.1970800e-04   7.9315258e-05
   2.2500000e-02   3.1438654e-01  -2.0889078e-01   1.2219036e-01  -1.4759724e-03  -4.8870209e-01  -4.3833185e-01  -3.5583930e-05   1.9163305e-04   5.6911967e-01  -3.5068141e-01   1.2367376e-04   8.2187440e-05
   2.5000000e-02   3.0415388e-01  -2.0028416e-01   1.2211403e-01  -1.5796926e-03  -5.1061867e-01  -4.2468558e-01  -2.6002284e-05   1.8446664e-04   5.5158561e-01  -3.6696899e-01   1.2778313e-04   8.4737980e-05
   2.7500000e-02   2.9439935e-01  -1.9199378e-01   1.2203186e-01  -1.6813734e-03  -5.3185294e-01  -4.1049022e-01  -1.6778958e-05   1.7740096e-04   5.3323718e-01  -3.8270962e-01   1.3202003e-04   8.6981776e-05
   3.0000000e-02   2.8489282e-01  -1.8386733e-01   1.2194665e-01  -1.7819912e-03  -5.5237743e-01  -3.9576713e-01  -7.9089164e-06   1.7044579e-04   5.1410171e-01  -3.9788694e-01   1.3636911e-04   8.8930848e-05
   3.2500000e-02   2.7594118e-01  -1.7610660e-01   1.2185451e-01  -1.8801777e-03  -5.7216577e-01  -3.8053594e-01   6.1336705e-07   1.6360596e-04   4.9420737e-01  -4.1248713e-01   1.4081565e-04   9.0600919e-05
   3.5000000e-02   2.6735198e-01  -1.6858366e-01   1.2175773e-01  -1.9767358e-03  -5.9119256e-01  -3.6481772e-01   8.7936594e-06   1.5688777e-04   4.7358303e-01  -4.2649586e-01   1.4534569e-04   9.2005202e-05
   3.7500000e-02   2.5907919e-01  -1.6126779e-01   1.2165686e-01  -2.0718563e-03  -6.0943343e-01  -3.4863408e-01   1.6638043e-05   1.5029722e-04   4.5225825e-01  -4.3989925e-01   1.4994595e-04   9.3156292e-05
   4.0000000e-02   2.5115402e-01  -1.5417875e-01   1.2155146e-01  -2.1653787e-03  -6.2686512e-01  -3.3200665e-01   2.4152898e-05   1.4383898e-04   4.3026331e-01  -4.5268429e-01   1.5460376e-04   9.4066989e-05
   4.2500000e-02   2.4367171e-01  -1.4737682e-01   1.2144015e-01  -2.2568188e-03  -6.4346544e-01  -3.1495650e-01   3.1344842e-05   1.3751546e-04   4.0762911e-01  -4.6483909e-01   1.5930711e-04   9.4750776e-05
   4.5000000e-02   2.3647297e-01  -1.4075749e-01   1.2132499e-01  -2.3468997e-03  -6.5921326e-01  -2.9750613e-01   3.8220611e-05   1.3133058e-04   3.8438717e-01  -4.7635166e-01   1.6404464e-04   9.5219282e-05
   4.7500000e-02   2.2955649e-01  -1.3431931e-01   1.2120598e-01  -2.4356167e-03  -6.7408855e-01  -2.7967820e-01   4.4787135e-05   1.2528754e-04   3.6056960e-01  -4.8721069e-01   1.6880560e-04   9.5483932e-05
   5.0000000e-02   2.2300428e-01  -1.2811335e-01   1.2108192e-01  -2.5225454e-03  -6.8807245e-01  -2.6149493e-01   5.1051507e-05   1.1938756e-04   3.3620909e-01  -4.9740593e-01   1.7357980e-04   9.5556558e-05
   5.2500000e-02   2.1678182e-01  -1.2211542e-01   1.2095319e-01  -2.6078214e-03  -7.0114719e-01  -2.4297896e-01   5.7020881e-05   1.1363167e-04   3.1133881e-01  -5.0692763e-01   1.7835762e-04   9.5448322e-05
   5.5000000e-02   2.1081298e-01  -1.1627625e-01   1.2082083e-01  -2.6918097e-03  -7.1329613e-01  -2.2415373e-01   6.2702461e-05   1.0802150e-04   2.8599244e-01  -5.1576643e-01   1.8313004e-04   9.5169487e-05
   5.7500000e-02   2.0509356e-01  -1.1059246e-01   1.2068487e-01  -2.7745214e-03  -7.2450381e-01  -2.0504285e-01   6.8103532e-05   1.0255819e-04   2.6020414e-01  -5.2391372e-01   1.8788851e-04   9.4730011e-05
   6.0000000e-02   1.9974629e-01  -1.0513754e-01   1.2054346e-01  -2.8552933e-03  -7.3475594e-01  -1.8566905e-01   7.3231438e-05   9.7240232e-05   2.3400847e-01  -5.3136191e-01   1.9262500e-04   9.4140216e-05
   6.2500000e-02   1.9463683e-01  -9.9826638e-02   1.2039849e-01  -2.9348024e-03  -7.4403939e-01  -1.6605632e-01   7.8093446e-05   9.2067871e-05   2.0744040e-01  -5.3810371e-01   1.9733201e-04   9.3409215e-05
   6.5000000e-02   1.8974682e-01  -9.4647781e-02   1.2025022e-01  -3.0131381e-03  -7.5234220e-01  -1.4622894e-01   8.2696837e-05   8.7041206e-05   1.8053523e-01  -5.4413253e-01   2.0200247e-04   9.2545717e-05
   6.7500000e-02   1.8513488e-01  -8.9634403e-02   1.2009772e-01  -3.0899702e-03  -7.5965364e-01  -1.2621078e-01   8.7048894e-05   8.2158875e-05   1.5332862e-01  -5.4944261e-01   2.0662975e-04   9.1558326e-05
   7.0000000e-02   1.8080654e-01  -8.4786533e-02   1.1994085e-01  -3.1652425e-03  -7.6596418e-01  -1.0602577e-01   9.1156835e-05   7.7419004e-05   1.2585651e-01  -5.5402890e-01   2.1120766e-04   9.0455219e-05
   7.2500000e-02   1.7667920e-01  -8.0054188e-02   1.1978083e-01  -3.2393967e-03  -7.7126546e-01  -8.5698628e-02   9.5027782e-05   7.2820818e-05   9.8155087e-02  -5.5788692e-01   2.1573042e-04   8.9243911e-05
   7.5000000e-02   1.7274798e-01  -7.5433803e-02   1.1961774e-01  -3.3124546e-03  -7.7555039e-01  -6.5254215e-02   9.8668821e-05   6.8363288e-05   7.0260760e-02  -5.6101298e-01   2.2019261e-04   8.7931586e-05
   7.7500000e-02   1.6913479e-01  -7.0990538e-02   1.1944958e-01  -3.3837072e-03  -7.7881310e-01  -4.4716334e-02   1.0208698e-04   6.4042901e-05   4.2210131e-02  -5.6340417e-01   2.2458919e-04   8.6525223e-05
   8.0000000e-02   1.6569748e-01  -6.6642656e-02   1.1927858e-01  -3.4539479e-03  -7.8104891e-01  -2.4110114e-02   1.0528913e-04   5.9858438e-05   1.4039942e-02  -5.6505822e-01   2.2891545e-04   8.5031176e-05
   8.2500000e-02   1.6243459e-01  -6.2388776e-02   1.1910476e-01  -3.5231820e-03  -7.8225442e-01  -3.4607182e-03   1.0828205e-04   5.5808452e-05  -1.4212949e-02  -5.6597364e-01   2.3316700e-04   8.3455499e-05
   8.5000000e-02   1.5944428e-01  -5.8278058e-02   1.1892648e-01  -3.5908261e-03  -7.8242745e-01   1.7207569e-02   1.1107247e-04   5.1889519e-05  -4.2511611e-02  -5.6614968e-01   2.3733978e-04   8.1803842e-05
   8.7500000e-02   1.5664546e-01  -5.4264500e-02   1.1874503e-01  -3.6573401e-03  -7.8156708e-01   3.7869735e-02   1.1366694e-04   4.8099508e-05  -7.0819075e-02  -5.6558632e-01   2.4142997e-04   8.0081484e-05
   9.0000000e-02   1.5400466e-01  -5.0330026e-02   1.1856096e-01  -3.7229179e-03  -7.7967359e-01   5.8500497e-02   1.1607191e-04   4.4436720e-05  -9.9098371e-02  -5.6428436e-01   2.4543404e-04   7.8293432e-05
   9.2500000e-02   1.5158871e-01  -4.6505362e-02   1.1837313e-01  -3.7871549e-03  -7.7674857e-01   7.9075219e-02   1.1829375e-04   4.0898128e-05  -1.2731257e-01  -5.6224528e-01   2.4934871e-04   7.6444213e-05
   9.5000000e-02   1.4937815e-01  -4.2776805e-02   1.1818183e-01  -3.8501562e-03  -7.7279481e-01   9.9569149e-02   1.2033865e-04   3.7480961e-05  -1.5542481e-01  -5.5947134e-01   2.5317091e-04   7.4538012e-05
   9.7500000e-02   1.4731450e-01  -3.9115281e-02   1.1798805e-01  -3.9122701e-03  -7.6781636e-01   1.1995710e-01   1.2221270e-04   3.4183397e-05  -1.8339836e-01  -5.5596564e-01   2.5689781e-04   7.2578886e-05
   1.0000000e-01   1.4543557e-01  -3.5536191e-02   1.1779113e-01  -3.9732646e-03  -7.6181850e-01   1.4021432e-01   1.2392187e-04   3.1002877e-05  -2.1119662e-01  -5.5173202e-01   2.6052675e-04   7.0570447e-05
   1.0250000e-01   1.4377643e-01  -3.2050112e-02   1.1759045e-01  -4.0329196e-03  -7.5480779e-01   1.6031649e-01   1.2547201e-04   2.7936210e-05  -2.3878321e-01  -5.4677497e-01   2.6405527e-04   6.8515792e-05
   1.0500000e-01   1.4224804e-01  -2.8617119e-02   1.1738754e-01  -4.0917755e-03  -7.4679198e-01   1.8023865e-01   1.2686882e-04   2.4981725e-05  -2.6612193e-01  -5.4109997e-01   2.6748106e-04   6.6418168e-05
   1.0750000e-01   1.4088258e-01  -2.5249074e-02   1.1718183e-01  -4.1496347e-03  -7.3778005e-01   1.9995630e-01   1.2811791e-04   2.2137183e-05  -2.9317691e-01  -5.3471321e-01   2.7080197e-04   6.4280392e-05
   1.1000000e-01   1.3973242e-01  -2.1961265e-02   1.1697241e-01  -4.2061740e-03  -7.2778224e-01   2.1944555e-01   1.2922476e-04   1.9399494e-05  -3.1991256e-01  -5.2762145e-01   2.7401598e-04   6.2104631e-05
   1.1250000e-01   1.3870614e-01  -1.8717131e-02   1.1676087e-01  -4.2619539e-03  -7.1680997e-01   2.3868195e-01   1.3019474e-04   1.6767133e-05  -3.4629361e-01  -5.1983254e-01   2.7712121e-04   5.9893417e-05
   1.1500000e-01   1.3782863e-01  -1.5524404e-02   1.1654677e-01  -4.3168218e-03  -7.0487588e-01   2.5764152e-01   1.3103309e-04   1.4238187e-05  -3.7228522e-01  -5.1135503e-01   2.8011588e-04   5.7648886e-05
   1.1750000e-01   1.3716456e-01  -1.2399342e-02   1.1632901e-01  -4.3703842e-03  -6.9199382e-01   2.7630101e-01   1.3174500e-04   1.1809792e-05  -3.9785295e-01  -5.0219795e-01   2.8299832e-04   5.5372378e-05
   1.2000000e-01   1.3660947e-01  -9.3063421e-03   1.1610938e-01  -4.4232822e-03  -6.7817877e-01   2.9463663e-01   1.3233549e-04   9.4808166e-06  -4.2296283e-01  -4.9237153e-01   2.8576694e-04   5.3065912e-05
   1.2250000e-01   1.3620856e-01  -6.2576179e-03   1.1588711e-01  -4.4752414e-03  -6.6344695e-01   3.1262525e-01   1.3280953e-04   7.2494917e-06  -4.4758139e-01  -4.8188658e-01   2.8842024e-04   5.0730917e-05
   1.2500000e-01   1.3599595e-01  -3.2571141e-03   1.1566165e-01  -4.5260616e-03  -6.4781570e-01   3.3024430e-01   1.3317201e-04   5.1136583e-06  -4.7167570e-01  -4.7075447e-01   2.9095678e-04   4.8368270e-05
   1.2750000e-01   1.3588878e-01  -2.8166710e-04   1.1543441e-01  -4.5762475e-03  -6.3130350e-01   3.4747095e-01   1.3342769e-04   3.0724860e-06  -4.9521341e-01  -4.5898777e-01   2.9337519e-04   4.5979533e-05
   1.3000000e-01   1.3594899e-01   2.6562525e-03   1.1520435e-01  -4.6254305e-03  -6.1392996e-01   3.6428320e-01   1.3358131e-04   1.1243591e-06  -5.1816278e-01  -4.4659944e-01   2.9567417e-04   4.3565452e-05
   1.3250000e-01   1.3617604e-01   5.5622644e-03   1.1497152e-01  -4.6736256e-03  -5.9571582e-01   3.8065939e-01   1.3363753e-04  -7.3217106e-07  -5.4049274e-01  -4.3360317e-01   2.9785244e-04   4.1126608e-05
   1.3500000e-01   1.3649203e-01   8.4521406e-03   1.1473721e-01  -4.7212964e-03  -5.7668286e-01   3.9657779e-01   1.3360092e-04  -2.4973900e-06  -5.6217288e-01  -4.2001387e-01   2.9990877e-04   3.8664396e-05
   1.3750000e-01   1.3701431e-01   1.1309559e-02   1.1449952e-01  -4.7677636e-03  -5.5685398e-01   4.1201786e-01   1.3347605e-04  -4.1729693e-06  -5.8317356e-01  -4.0584642e-01   3.0184198e-04   3.6178653e-05
   1.4000000e-01   1.3765056e-01   1.4153001e-02   1.1425999e-01  -4.8135778e-03  -5.3625311e-01   4.2695892e-01   1.3326741e-04  -5.7592379e-06  -6.0346587e-01  -3.9111702e-01   3.0365092e-04   3.3670277e-05
   1.4250000e-01   1.3840230e-01   1.6982279e-02   1.1401860e-01  -4.8587301e-03  -5.1490518e-01   4.4138080e-01   1.3297944e-04  -7.2564350e-06  -6.2302170e-01  -3.7584254e-01   3.0533443e-04   3.1140093e-05
   1.4500000e-01   1.3935477e-01   1.9793913e-02   1.1377404e-01  -4.9027553e-03  -4.9283615e-01   4.5526433e-01   1.3261662e-04  -8.6656066e-06  -6.4181382e-01  -3.6003997e-01   3.0689143e-04   2.8587685e-05
   1.4750000e-01   1.4039665e-01   2.2599901e-02   1.1352809e-01  -4.9462869e-03  -4.7007295e-01   4.6859025e-01   1.3218334e-04  -9.9863885e-06  -6.5981580e-01  -3.4372776e-01   3.0832082e-04   2.6014143e-05
   1.5000000e-01   1.4160962e-01   2.5396895e-02   1.1327951e-01  -4.9888807e-03  -4.4664345e-01   4.8134028e-01   1.3168402e-04  -1.1219139e-05  -6.7700218e-01  -3.2692443e-01   3.0962152e-04   2.3419359e-05
   1.5250000e-01   1.4295399e-01   2.8191669e-02   1.1302895e-01  -5.0307735e-03  -4.2257646e-01   4.9349651e-01   1.3112307e-04  -1.2363628e-05  -6.9334839e-01  -3.0964945e-01   3.1079249e-04   2.0803783e-05
   1.5500000e-01   1.4440750e-01   3.0984599e-02   1.1277675e-01  -5.0720841e-03  -3.9790165e-01   5.0504154e-01   1.3050489e-04  -1.3419286e-05  -7.0883085e-01  -2.9192311e-01   3.1183268e-04   1.8168213e-05
   1.5750000e-01   1.4605937e-01   3.3781276e-02   1.1252167e-01  -5.1123689e-03  -3.7264959e-01   5.1595898e-01   1.2983392e-04  -1.4386152e-05  -7.2342700e-01  -2.7376562e-01   3.1274109e-04   1.5512080e-05
   1.6000000e-01   1.4777827e-01   3.6580086e-02   1.1226562e-01  -5.1523114e-03  -3.4685166e-01   5.2623252e-01   1.2911462e-04  -1.5263006e-05  -7.3711527e-01  -2.5519882e-01   3.1351669e-04   1.2836908e-05
   1.6250000e-01   1.4971366e-01   3.9390539e-02   1.1200652e-01  -5.1911715e-03  -3.2054005e-01   5.3584713e-01   1.2835147e-04  -1.6049637e-05  -7.4987520e-01  -2.3624398e-01   3.1415854e-04   1.0141881e-05
   1.6500000e-01   1.5174624e-01   4.2209608e-02   1.1174611e-01  -5.2295639e-03  -2.9374771e-01   5.4478799e-01   1.2754898e-04  -1.6744774e-05  -7.6168739e-01  -2.1692387e-01   3.1466563e-04   7.4281696e-06
   1.6750000e-01   1.5393662e-01   4.5042667e-02   1.1148356e-01  -5.2671968e-03  -2.6650833e-01   5.5304120e-01   1.2671175e-04  -1.7347417e-05  -7.7253358e-01  -1.9726135e-01   3.1503704e-04   4.6960305e-06
   1.7000000e-01   1.5625852e-01   4.7891931e-02   1.1121929e-01  -5.3042229e-03  -2.3885629e-01   5.6059352e-01   1.2584438e-04  -1.7856249e-05  -7.8239664e-01  -1.7728002e-01   3.1527184e-04   1.9462468e-06
   1.7250000e-01   1.5871862e-01   5.0758225e-02   1.1095324e-01  -5.3406115e-03  -2.1082664e-01   5.6743247e-01   1.2495156e-04  -1.8269856e-05  -7.9126063e-01  -1.5700396e-01   3.1536915e-04  -8.2040311e-07
   1.7500000e-01   1.6134109e-01   5.3650038e-02   1.1068517e-01  -5.3762851e-03  -1.8245503e-01   5.7354639e-01   1.2403807e-04  -1.8586782e-05  -7.9911082e-01  -1.3645751e-01   3.1532813e-04  -3.6034337e-06
   1.7750000e-01   1.6407452e-01   5.6559287e-02   1.1041573e-01  -5.4114702e-03  -1.5377773e-01   5.7892431e-01   1.2310873e-04  -1.8805232e-05  -8.0593370e-01  -1.1566596e-01   3.1514796e-04  -6.4013425e-06
   1.8000000e-01   1.6700259e-01   5.9505363e-02   1.1014399e-01  -5.4458398e-03  -1.2483154e-01   5.8355618e-01   1.2216847e-04  -1.8923568e-05  -8.1171699e-01  -9.4654316e-02   3.1482789e-04  -9.2139245e-06
   1.8250000e-01   1.7001387e-01   6.2467182e-02   1.0987127e-01  -5.4798607e-03  -9.5653748e-02   5.8743266e-01   1.2122229e-04  -1.8939715e-05  -8.1644970e-01  -7.3448979e-02   3.1436720e-04  -1.2038879e-05
   1.8500000e-01   1.7325932e-01   6.5480444e-02   1.0959593e-01  -5.5129513e-03  -6.6282136e-02   5.9054539e-01   1.2027531e-04  -1.8851816e-05  -8.2012215e-01  -5.2075450e-02   3.1376525e-04  -1.4876359e-05
   1.8750000e-01   1.7656077e-01   6.8506009e-02   1.0931997e-01  -5.5458194e-03  -3.6754887e-02   5.9288671e-01   1.1933272e-04  -1.8657612e-05  -8.2272592e-01  -3.0561175e-02   3.1302144e-04  -1.7723219e-05
   1.9000000e-01   1.8011218e-01   7.1593680e-02   1.0904137e-01  -5.5777492e-03  -7.1105726e-03   5.9444995e-01   1.1839984e-04  -1.8354960e-05  -8.2425398e-01  -8.9322544e-03   3.1213528e-04  -2.0579505e-05
   1.9250000e-01   1.8371748e-01   7.4694739e-02   1.0876221e-01  -5.6094766e-03   2.2611904e-02   5.9522929e-01   1.1748209e-04  -1.7941542e-05  -8.2470059e-01   1.2783151e-02   3.1110630e-04  -2.3441618e-05
   1.9500000e-01   1.8758421e-01   7.7867794e-02   1.0848045e-01  -5.6402798e-03   5.2373347e-02   5.9521977e-01   1.1658502e-04  -1.7414928e-05  -8.2406143e-01   3.4558395e-02   3.0993422e-04  -2.6309365e-05
   1.9750000e-01   1.9150136e-01   8.1054734e-02   1.0819819e-01  -5.6709047e-03   8.2134315e-02   5.9441748e-01   1.1571427e-04  -1.6772799e-05  -8.2233351e-01   5.6364699e-02   3.0861875e-04  -2.9178633e-05
   2.0000000e-01   1.9569254e-01   8.4323887e-02   1.0791338e-01  -5.7006191e-03   1.1185517e-01   5.9281922e-01   1.1487563e-04  -1.6012463e-05  -8.1951528e-01   7.8174978e-02   3.0715982e-04  -3.2048950e-05
   2.0250000e-01   1.9993058e-01   8.7607098e-02   1.0762814e-01  -5.7301777e-03   1.4149611e-01   5.9042303e-01   1.1407501e-04  -1.5131661e-05  -8.1560653e-01   9.9959950e-02   3.0555738e-04  -3.4915657e-05
   2.0500000e-01   2.0445608e-01   9.0982969e-02   1.0734039e-01  -5.7588405e-03   1.7101724e-01   5.8722753e-01   1.1331843e-04  -1.4127466e-05  -8.1060854e-01   1.2169220e-01   3.0381159e-04  -3.7777960e-05
   2.0750000e-01   2.0902467e-01   9.4372732e-02   1.0705227e-01  -5.7873689e-03   2.0037859e-01   5.8323276e-01   1.1261205e-04  -1.2997748e-05  -8.0452393e-01   1.4334207e-01   3.0192270e-04  -4.0630626e-05
   2.1000000e-01   2.1389695e-01   9.7866495e-02   1.0676168e-01  -5.8150109e-03   2.2954021e-01   5.7843919e-01   1.1196217e-04  -1.1739370e-05  -7.9735684e-01   1.6488194e-01   2.9989117e-04  -4.3472529e-05
   2.1250000e-01   2.1880677e-01   1.0137311e-01   1.0647079e-01  -5.8425432e-03   2.5846215e-01   5.7284891e-01   1.1137520e-04  -1.0350414e-05  -7.8911274e-01   1.8628187e-01   2.9771754e-04  -4.6297810e-05
   2.1500000e-01   2.2403822e-01   1.0499567e-01   1.0617745e-01  -5.8691973e-03   2.8710458e-01   5.6646426e-01   1.1085768e-04  -8.8275554e-06  -7.7979866e-01   2.0751418e-01   2.9540265e-04  -4.9104990e-05
   2.1750000e-01   2.2930134e-01   1.0862964e-01   1.0588388e-01  -5.8957649e-03   3.1542777e-01   5.5928944e-01   1.1041630e-04  -7.1691744e-06  -7.6942296e-01   2.2854876e-01   2.9294741e-04  -5.1887566e-05
   2.2000000e-01   2.3490552e-01   1.1239200e-01   1.0558790e-01  -5.9214623e-03   3.4339222e-01   5.5132867e-01   1.1005784e-04  -5.3717912e-06  -7.5799553e-01   2.4935799e-01   2.9035303e-04  -5.4643673e-05
   2.2250000e-01   2.4053507e-01   1.1616392e-01   1.0529175e-01  -5.9470950e-03   3.7095864e-01   5.4258829e-01   1.0978925e-04  -3.4341714e-06  -7.4552764e-01   2.6991174e-01   2.8762085e-04  -5.7366155e-05
   2.2500000e-01   2.4652794e-01   1.2007776e-01   1.0499321e-01  -5.9718622e-03   3.9808803e-01   5.3307441e-01   1.0961754e-04  -1.3527024e-06  -7.3203206e-01   2.9018258e-01   2.8475254e-04  -6.0052753e-05
   2.2750000e-01   2.5253949e-01   1.2399889e-01   1.0469455e-01  -5.9965849e-03   4.2474173e-01   5.2279554e-01   1.0954991e-04   8.7337093e-07  -7.1752294e-01   3.1014049e-01   2.8174991e-04  -6.2695657e-05
   2.3000000e-01   2.5893288e-01   1.2807391e-01   1.0439358e-01  -6.0204589e-03   4.5088149e-01   5.1175968e-01   1.0959358e-04   3.2477135e-06  -7.0201593e-01   3.2975830e-01   2.7861513e-04  -6.5292106e-05
   2.3250000e-01   2.6534318e-01   1.3215575e-01   1.0409250e-01  -6.0442953e-03   4.7646946e-01   4.9997755e-01   1.0975596e-04   5.7705509e-06  -6.8552802e-01   3.4900631e-01   2.7535052e-04  -6.7833723e-05
   2.3500000e-01   2.7215390e-01   1.3640326e-01   1.0378918e-01  -6.0673017e-03   5.0146832e-01   4.8745904e-01   1.1004449e-04   8.4455385e-06  -6.6807772e-01   3.6785772e-01   2.7195884e-04  -7.0317203e-05
   2.3750000e-01   2.7897954e-01   1.4065696e-01   1.0348577e-01  -6.0902772e-03   5.2584125e-01   4.7421706e-01   1.1046677e-04   1.1272283e-05  -6.4968485e-01   3.8628326e-01   2.6844298e-04  -7.2733615e-05
   2.4000000e-01   2.8622545e-01   1.4508843e-01   1.0318018e-01  -6.1124401e-03   5.4955209e-01   4.6026341e-01   1.1103038e-04   1.4254374e-05  -6.3037070e-01   4.0425666e-01   2.6480630e-04  -7.5079092e-05
   2.4250000e-01   2.9348411e-01   1.4952529e-01   1.0287452e-01  -6.1345783e-03   5.7256524e-01   4.4561317e-01   1.1174310e-04   1.7390707e-05  -6.1015788e-01   4.2174924e-01   2.6105235e-04  -7.7344174e-05
   2.4500000e-01   3.0118138e-01   1.5415110e-01   1.0256676e-01  -6.1559249e-03   5.9484589e-01   4.3028007e-01   1.1261263e-04   2.0684710e-05  -5.8907043e-01   4.3873533e-01   2.5718515e-04  -7.9524380e-05
   2.4750000e-01   3.0889300e-01   1.5878311e-01   1.0225893e-01  -6.1772461e-03   6.1635987e-01   4.1428135e-01   1.1364687e-04   2.4134523e-05  -5.6713368e-01   4.5518705e-01   2.5320893e-04  -8.1609805e-05
   2.5000000e-01   3.1706620e-01   1.6361694e-01   1.0194906e-01  -6.1977891e-03   6.3707393e-01   3.9763257e-01   1.1485359e-04   2.7743384e-05  -5.4437434e-01   4.7107948e-01   2.4912844e-04  -8.3595384e-05
   2.5250000e-01   3.2525901e-01   1.6845945e-01   1.0163911e-01  -6.2183012e-03   6.5695554e-01   3.8035312e-01   1.1624076e-04   3.1508642e-05  -5.2082039e-01   4.8638566e-01   2.4494868e-04  -8.5470836e-05
   2.5500000e-01   3.3391844e-01   1.7350841e-01   1.0132726e-01  -6.2380773e-03   6.7597318e-01   3.6246051e-01   1.1781619e-04   3.5433022e-05  -4.9650112e-01   5.0108148e-01   2.4067514e-04  -8.7230307e-05
   2.5750000e-01   3.4261442e-01   1.7857370e-01   1.0101526e-01  -6.2577995e-03   6.9409620e-01   3.4397615e-01   1.1958784e-04   3.9513154e-05  -4.7144706e-01   5.1514114e-01   2.3631363e-04  -8.8863308e-05
   2.6000000e-01   3.5178183e-01   1.8384954e-01   1.0070150e-01  -6.2768255e-03   7.1129499e-01   3.2491948e-01   1.2156350e-04   4.3751133e-05  -4.4569002e-01   5.2854144e-01   2.3187046e-04  -9.0363219e-05
   2.6250000e-01   3.6100208e-01   1.8914913e-01   1.0038755e-01  -6.2957781e-03   7.2754096e-01   3.0531388e-01   1.2375105e-04   4.8142792e-05  -4.1926297e-01   5.4125787e-01   2.2735231e-04  -9.1719364e-05
   2.6500000e-01   3.7067963e-01   1.9465439e-01   1.0007202e-01  -6.3140963e-03   7.4280664e-01   2.8518085e-01   1.2615819e-04   5.2689202e-05  -3.9220010e-01   5.5326824e-01   2.2276634e-04  -9.2924256e-05
   2.6750000e-01   3.8050273e-01   2.0022541e-01   9.9756024e-02  -6.3322242e-03   7.5706567e-01   2.6454514e-01   1.2879265e-04   5.7386445e-05  -3.6453670e-01   5.6454974e-01   2.1812013e-04  -9.3967638e-05
   2.7000000e-01   3.9069135e-01   2.0596161e-01   9.9438857e-02  -6.3498743e-03   7.7029292e-01   2.4343085e-01   1.3166197e-04   6.2233286e-05  -3.3630924e-01   5.7508108e-01   2.1342175e-04  -9.4840684e-05
   2.7250000e-01   4.0112812e-01   2.1181029e-01   9.9120956e-02  -6.3672176e-03   7.8246445e-01   2.2186391e-01   1.3477363e-04   6.7226196e-05  -3.0755520e-01   5.8484124e-01   2.0867972e-04  -9.5533517e-05
   2.7500000e-01   4.1184929e-01   2.1778787e-01   9.8802213e-02  -6.3842093e-03   7.9355764e-01   1.9987095e-01   1.3813494e-04   7.2361600e-05  -2.7831316e-01   5.9381012e-01   2.0390305e-04  -9.6036341e-05
   2.7750000e-01   4.2292963e-01   2.2392851e-01   9.8482490e-02  -6.4007805e-03   8.0355118e-01   1.7747894e-01   1.4175302e-04   7.7636469e-05  -2.4862268e-01   6.0196858e-01   1.9910123e-04  -9.6339566e-05
   2.8000000e-01   4.3420576e-01   2.3015803e-01   9.8162232e-02  -6.4171224e-03   8.1242512e-01   1.5471704e-01   1.4563484e-04   8.3044615e-05  -2.1852427e-01   6.0929791e-01   1.9428426e-04  -9.6432675e-05
   2.8250000e-01   4.4596213e-01   2.3660561e-01   9.7840765e-02  -6.4329305e-03   8.2016097e-01   1.3161309e-01   1.4978707e-04   8.8583633e-05  -1.8805939e-01   6.1578092e-01   1.8946263e-04  -9.6306257e-05
   2.8500000e-01   4.5781884e-01   2.4309874e-01   9.7519045e-02  -6.4486271e-03   8.2674162e-01   1.0819879e-01   1.5421624e-04   9.4244480e-05  -1.5727037e-01   6.2140055e-01   1.8464732e-04  -9.5949375e-05
   2.8750000e-01   4.7028025e-01   2.4986613e-01   9.7195922e-02  -6.4636841e-03   8.3215155e-01   8.4502705e-02   1.5892846e-04   1.0002537e-04  -1.2620036e-01   6.2614155e-01   1.7984985e-04  -9.5352637e-05
   2.9000000e-01   4.8285176e-01   2.5668333e-01   9.6872565e-02  -6.4786301e-03   8.3637669e-01   6.0558183e-02   1.6392973e-04   1.0591596e-04  -9.4893309e-02   6.2998891e-01   1.7508223e-04  -9.4505236e-05
   2.9250000e-01   4.9594433e-01   2.6373630e-01   9.6548096e-02  -6.4930504e-03   8.3940459e-01   3.6396098e-02   1.6922552e-04   1.1191170e-04  -6.3393886e-02   6.3292913e-01   1.7035697e-04  -9.3397265e-05
   2.9500000e-01   5.0926544e-01   2.7089230e-01   9.6223179e-02  -6.5072502e-03   8.4122440e-01   1.2050451e-02   1.7482110e-04   1.1800262e-04  -3.1747452e-02   6.3494948e-01   1.6568711e-04  -9.2018358e-05
   2.9750000e-01   5.2301574e-01   2.7824181e-01   9.5897422e-02  -6.5210359e-03   8.4182692e-01  -1.2445597e-02   1.8072123e-04   1.2418116e-04   0.0000000e+00   6.3603848e-01   1.6108619e-04  -9.0358446e-05
   3.0000000e-01   5.3709976e-01   2.8574112e-01   9.5571063e-02  -6.5345121e-03   8.4120464e-01  -3.7057387e-02   1.8693029e-04   1.3043746e-04   3.1801902e-02   6.3618573e-01   1.5656827e-04  -8.8407495e-05
   3.0250000e-01   5.5149122e-01   2.9337843e-01   9.5244151e-02  -6.5477032e-03   8.3935177e-01  -6.1749361e-02   1.9345215e-04   1.3676045e-04   6.3611166e-02   6.3538203e-01   1.5214790e-04  -8.6155716e-05
   3.0500000e-01   5.6645594e-01   3.0127173e-01   9.4916286e-02  -6.5603813e-03   8.3626430e-01  -8.6487371e-02   2.0029017e-04   1.4314239e-04   9.5380245e-02   6.3361924e-01   1.4784012e-04  -8.3593153e-05
   3.0750000e-01   5.8167801e-01   3.0927942e-01   9.4588021e-02  -6.5728347e-03   8.3193994e-01  -1.1123415e-01   2.0744729e-04   1.4956973e-04   1.2706118e-01   6.3089066e-01   1.4366046e-04  -8.0710501e-05
   3.1000000e-01   5.9733395e-01   3.1747974e-01   9.4259090e-02  -6.5849118e-03   8.2637824e-01  -1.3595319e-01   2.1492577e-04   1.5603088e-04   1.5860570e-01   6.2719072e-01   1.3962494e-04  -7.7498444e-05
   3.1250000e-01   6.1347546e-01   3.2589423e-01   9.3929473e-02  -6.5965794e-03   8.1958058e-01  -1.6060783e-01   2.2272731e-04   1.6251410e-04   1.8996521e-01   6.2251507e-01   1.3575002e-04  -7.3947758e-05
   3.1500000e-01   6.2988424e-01   3.3442633e-01   9.3599487e-02  -6.6080235e-03   8.1155020e-01  -1.8515920e-01   2.3085300e-04   1.6900353e-04   2.2109094e-01   6.1686106e-01   1.3205264e-04  -7.0050348e-05
   3.1750000e-01   6.4686481e-01   3.4320885e-01   9.3268757e-02  -6.6189974e-03   8.0229224e-01  -2.0957024e-01   2.3930317e-04   1.7548700e-04   2.5193397e-01   6.1022689e-01   1.2855012e-04  -6.5797384e-05
   3.2000000e-01   6.6428575e-01   3.5218275e-01   9.2937498e-02  -6.6296171e-03   7.9181374e-01  -2.3380244e-01   2.4807752e-04   1.8194948e-04   2.8244530e-01   6.0261237e-01   1.2526026e-04  -6.1180959e-05
   3.2250000e-01   6.8206701e-01   3.6131273e-01   9.2605821e-02  -6.6399492e-03   7.8012362e-01  -2.5781630e-01   2.5717499e-04   1.8837390e-04   3.1257589e-01   5.9401900e-01   1.2220121e-04  -5.6194139e-05
   3.2500000e-01   7.0036245e-01   3.7066438e-01   9.2273575e-02  -6.6498752e-03   7.6723282e-01  -2.8157309e-01   2.6659367e-04   1.9474458e-04   3.4227682e-01   5.8444936e-01   1.1939151e-04  -5.0829749e-05
   3.2750000e-01   7.1919485e-01   3.8024552e-01   9.1940783e-02  -6.6593843e-03   7.5315417e-01  -3.0503388e-01   2.7633090e-04   2.0104519e-04   3.7149927e-01   5.7390744e-01   1.1685002e-04  -4.5081013e-05
   3.3000000e-01   7.3840514e-01   3.8998728e-01   9.1607625e-02  -6.6686022e-03   7.3790249e-01  -3.2815839e-01   2.8638315e-04   2.0725640e-04   4.0019462e-01   5.6239929e-01   1.1459597e-04  -3.8942888e-05
   3.3250000e-01   7.5807639e-01   3.9992425e-01   9.1274038e-02  -6.6774669e-03   7.2149458e-01  -3.5090672e-01   2.9674596e-04   2.1335921e-04   4.2831457e-01   5.4993229e-01   1.1264883e-04  -3.2410580e-05
   3.3500000e-01   7.7841251e-01   4.1014008e-01   9.0939882e-02  -6.6858279e-03   7.0394926e-01  -3.7324013e-01   3.0741392e-04   2.1933638e-04   4.5581116e-01   5.3651462e-01   1.1102830e-04  -2.5478474e-05
   3.3750000e-01   7.9920072e-01   4.2054372e-01   9.0605373e-02  -6.6938494e-03   6.8528727e-01  -3.9511833e-01   3.1838073e-04   2.2516708e-04   4.8263687e-01   5.2215690e-01   1.0975438e-04  -1.8143441e-05
   3.4000000e-01   8.2044676e-01   4.3113662e-01   9.0270521e-02  -6.7015280e-03   6.6553136e-01  -4.1650110e-01   3.2963907e-04   2.3082980e-04   5.0874470e-01   5.0687143e-01   1.0884721e-04  -1.0403292e-05
   3.4250000e-01   8.4222798e-01   4.4194938e-01   8.9935289e-02  -6.7088075e-03   6.4470632e-01  -4.3734870e-01   3.4118055e-04   2.3630325e-04   5.3408825e-01   4.9067187e-01   1.0832704e-04  -2.2561662e-06
   3.4500000e-01   8.6466351e-01   4.5302796e-01   8.9599639e-02  -6.7156013e-03   6.2283890e-01  -4.5762212e-01   3.5299571e-04   2.4156672e-04   5.5862183e-01   4.7357299e-01   1.0821423e-04   6.2999254e-06
   3.4750000e-01   8.8761538e-01   4.6431421e-01   8.9263687e-02  -6.7220127e-03   5.9995781e-01  -4.7728169e-01   3.6507404e-04   2.4659717e-04   5.8230046e-01   4.5559195e-01   1.0852923e-04   1.5264572e-05
   3.5000000e-01   9.1108979e-01   4.7580912e-01   8.8927450e-02  -6.7280374e-03   5.7609374e-01  -4.9628797e-01   3.7740389e-04   2.5137099e-04   6.0508005e-01   4.3674764e-01   1.0929246e-04   2.4636223e-05
   3.5250000e-01   9.3509478e-01   4.8751436e-01   8.8590941e-02  -6.7336697e-03   5.5127936e-01  -5.1460192e-01   3.8997243e-04   2.5586412e-04   6.2691741e-01   4.1706070e-01   1.1052427e-04   3.4412148e-05
   3.5500000e-01   9.5982869e-01   4.9950512e-01   8.8254102e-02  -6.7387623e-03   5.2554929e-01  -5.3218575e-01   4.0276562e-04   2.6005379e-04   6.4777043e-01   3.9655247e-01   1.1224487e-04   4.4590518e-05
   3.5750000e-01   9.8514093e-01   5.1171945e-01   8.7917034e-02  -6.7434257e-03   4.9894002e-01  -5.4900134e-01   4.1576830e-04   2.6391516e-04   6.6759804e-01   3.7524688e-01   1.1447440e-04   5.5166524e-05
   3.6000000e-01   1.0110406e+00   5.2415873e-01   8.7579755e-02  -6.7476517e-03   4.7148997e-01  -5.6501112e-01   4.2896405e-04   2.6742304e-04   6.8636037e-01   3.5316965e-01   1.1723272e-04   6.6134043e-05
   3.6250000e-01   1.0375335e+00   5.3682293e-01   8.7242285e-02  -6.7514348e-03   4.4323943e-01  -5.8017811e-01   4.4233520e-04   2.7055189e-04   7.0401884e-01   3.3034829e-01   1.2053942e-04   7.7485536e-05
   3.6500000e-01   1.0646292e+00   5.4971343e-01   8.6904645e-02  -6.7547658e-03   4.1423055e-01  -5.9446605e-01   4.5586278e-04   2.7327593e-04   7.2053625e-01   3.0681206e-01   1.2441370e-04   8.9212045e-05
   3.6750000e-01   1.0924812e+00   5.6288391e-01   8.6566827e-02  -6.7575260e-03   3.8450727e-01  -6.0783997e-01   4.6952657e-04   2.7557018e-04   7.3587684e-01   2.8259113e-01   1.2887430e-04   1.0130495e-04
   3.7000000e-01   1.1209987e+00   5.7629694e-01   8.6228886e-02  -6.7597797e-03   3.5411529e-01  -6.2026531e-01   4.8330507e-04   2.7740868e-04   7.5000638e-01   2.5771803e-01   1.3393954e-04   1.1375288e-04
   3.7250000e-01   1.1501714e+00   5.8994572e-01   8.5890849e-02  -6.7615309e-03   3.2310205e-01  -6.3170838e-01   4.9717549e-04   2.7876529e-04   7.6289228e-01   2.3222717e-01   1.3962718e-04   1.2654267e-04
   3.7500000e-01   1.1800076e+00   6.0383017e-01   8.5552741e-02  -6.7627694e-03   2.9151665e-01  -6.4213654e-01   5.1111375e-04   2.7961384e-04   7.7450363e-01   2.0615477e-01   1.4595431e-04   1.3965953e-04
   3.7750000e-01   1.2105181e+00   6.1795094e-01   8.5214584e-02  -6.7634822e-03   2.5940984e-01  -6.5151822e-01   5.2509443e-04   2.7992832e-04   7.8481136e-01   1.7953874e-01   1.5293728e-04   1.5308702e-04
   3.8000000e-01   1.2417128e+00   6.3230827e-01   8.4876404e-02  -6.7636568e-03   2.2683396e-01  -6.5982308e-01   5.3909083e-04   2.7968288e-04   7.9378829e-01   1.5241877e-01   1.6059163e-04   1.6680703e-04
   3.8250000e-01   1.2737037e+00   6.4693614e-01   8.4538230e-02  -6.7631977e-03   1.9384282e-01  -6.6702225e-01   5.5307497e-04   2.7885233e-04   8.0140922e-01   1.2483553e-01   1.6893197e-04   1.8080113e-04
   3.8500000e-01   1.3064690e+00   6.6182208e-01   8.4200098e-02  -6.7621137e-03   1.6049174e-01  -6.7308809e-01   5.6701757e-04   2.7741157e-04   8.0765099e-01   9.6831613e-02   1.7797202e-04   1.9504867e-04
   3.8750000e-01   1.3399668e+00   6.7694778e-01   8.3862035e-02  -6.7604306e-03   1.2683735e-01  -6.7799435e-01   5.8088814e-04   2.7533580e-04   8.1249257e-01   6.8451613e-02   1.8772445e-04   2.0952658e-04
   3.9000000e-01   1.3742086e+00   6.9231271e-01   8.3524071e-02  -6.7581316e-03   9.2937661e-02  -6.8171631e-01   5.9465492e-04   2.7260075e-04   8.1591515e-01   3.9741745e-02   1.9820077e-04   2.2420997e-04
   3.9250000e-01   1.4092011e+00   7.0791483e-01   8.3186233e-02  -6.7552028e-03   5.8851869e-02  -6.8423094e-01   6.0828495e-04   2.6918286e-04   8.1790224e-01   1.0749837e-02   2.0941126e-04   2.3907214e-04
   3.9500000e-01   1.4449713e+00   7.2375792e-01   8.2848556e-02  -6.7516125e-03   2.4640347e-02  -6.8551692e-01   6.2174409e-04   2.6505936e-04   8.1843973e-01  -1.8474852e-02   2.2136486e-04   2.5408476e-04
   3.9750000e-01   1.4815250e+00   7.3983895e-01   8.2511070e-02  -6.7473458e-03  -9.6354752e-03  -6.8555481e-01   6.3499704e-04   2.6020836e-04   8.1751599e-01  -4.7881535e-02   2.3406909e-04   2.6921766e-04
   4.0000000e-01   1.5188737e+00   7.5615635e-01   8.2173808e-02  -6.7423824e-03  -4.3913191e-02  -6.8432707e-01   6.4800745e-04   2.5460902e-04   8.1512191e-01  -7.7417986e-02   2.4752996e-04   2.8443885e-04
   4.0250000e-01   1.5571184e+00   7.7273353e-01   8.1836838e-02  -6.7366197e-03  -7.8129521e-02  -6.8181818e-01   6.6073790e-04   2.4824152e-04   8.1125101e-01  -1.0703120e-01   2.6175189e-04   2.9971575e-04
   4.0500000e-01   1.5962132e+00   7.8955039e-01   8.1500182e-02  -6.7300841e-03  -1.1222041e-01  -6.7801469e-01   6.7314996e-04   2.4108726e-04   8.0589946e-01  -1.3666645e-01   2.7673767e-04   3.1501319e-04
   4.0750000e-01   1.6361444e+00   8.0659703e-01   8.1163869e-02  -6.7227740e-03  -1.4612112e-01  -6.7290539e-01   6.8520432e-04   2.3312904e-04   7.9906614e-01  -1.6626760e-01   2.9248832e-04   3.3029391e-04
   4.1000000e-01   1.6769226e+00   8.2387014e-01   8.0827939e-02  -6.7146659e-03  -1.7976636e-01  -6.6648136e-01   6.9686076e-04   2.2435117e-04   7.9075277e-01  -1.9577732e-01   3.0900300e-04   3.4551891e-04
   4.1250000e-01   1.7185585e+00   8.4136622e-01   8.0492429e-02  -6.7057347e-03  -2.1309041e-01  -6.5873611e-01   7.0807831e-04   2.1473962e-04   7.8096391e-01  -2.2513719e-01   3.2627894e-04   3.6064751e-04
   4.1500000e-01   1.7610617e+00   8.5908106e-01   8.0157380e-02  -6.6959556e-03  -2.4602719e-01  -6.4966563e-01   7.1881529e-04   2.0428213e-04   7.6970706e-01  -2.5428777e-01   3.4431130e-04   3.7563735e-04
   4.1750000e-01   1.8044469e+00   8.7701144e-01   7.9822836e-02  -6.6852976e-03  -2.7851045e-01  -6.3926849e-01   7.2902939e-04   1.9296835e-04   7.5699268e-01  -2.8316875e-01   3.6309315e-04   3.9044455e-04
   4.2000000e-01   1.8487228e+00   8.9515224e-01   7.9488839e-02  -6.6737342e-03  -3.1047385e-01  -6.2754594e-01   7.3867780e-04   1.8078998e-04   7.4283425e-01  -3.1171897e-01   3.8261537e-04   4.0502369e-04
   4.2250000e-01   1.8938997e+00   9.1349830e-01   7.9155434e-02  -6.6612367e-03  -3.4185112e-01  -6.1450198e-01   7.4771729e-04   1.6774090e-04   7.2724831e-01  -3.3987658e-01   4.0286654e-04   4.1932791e-04
   4.2500000e-01   1.9399874e+00   9.3204403e-01   7.8822668e-02  -6.6477753e-03  -3.7257620e-01  -6.0014344e-01   7.5610433e-04   1.5381730e-04   7.1025449e-01  -3.6757913e-01   4.2383292e-04   4.3330896e-04
   4.2750000e-01   1.9871067e+00   9.5080553e-01   7.8490677e-02  -6.6331958e-03  -4.0258335e-01  -5.8447975e-01   7.6379519e-04   1.3901716e-04   6.9187555e-01  -3.9476432e-01   4.4549835e-04   4.4691859e-04
   4.3000000e-01   2.0351631e+00   9.6975311e-01   7.8159439e-02  -6.6175755e-03  -4.3180732e-01  -5.6752357e-01   7.7074604e-04   1.2334156e-04   6.7213735e-01  -4.2136887e-01   4.6784426e-04   4.6010614e-04
   4.3250000e-01   2.0841586e+00   9.8887817e-01   7.7828999e-02  -6.6008888e-03  -4.6018348e-01  -5.4929065e-01   7.7691311e-04   1.0679433e-04   6.5106892e-01  -4.4732926e-01   4.9084955e-04   4.7281979e-04
   4.3500000e-01   2.1341017e+00   1.0081730e+00   7.7499412e-02  -6.5831019e-03  -4.8764799e-01  -5.2979987e-01   7.8225283e-04   8.9382147e-05   6.2870247e-01  -4.7258189e-01   5.1449053e-04   4.8500685e-04
   4.3750000e-01   2.1849992e+00   1.0276293e+00   7.7170729e-02  -6.5641815e-03  -5.1413797e-01  -5.0907331e-01   7.8672193e-04   7.1114640e-05   6.0507339e-01  -4.9706320e-01   5.3874085e-04   4.9661378e-04
   4.4000000e-01   2.2368617e+00   1.0472387e+00   7.6843009e-02  -6.5440884e-03  -5.3959161e-01  -4.8713627e-01   7.9027766e-04   5.2004485e-05   5.8022025e-01  -5.2070991e-01   5.6357152e-04   5.0758646e-04
   4.4250000e-01   2.2896956e+00   1.0669918e+00   7.6516310e-02  -6.5227868e-03  -5.6394841e-01  -4.6401732e-01   7.9287788e-04   3.2067541e-05   5.5418477e-01  -5.4345908e-01   5.8895083e-04   5.1787029e-04
   4.4500000e-01   2.3435075e+00   1.0868788e+00   7.6190690e-02  -6.5002392e-03  -5.8714926e-01  -4.3974839e-01   7.9448126e-04   1.1322945e-05   5.2701184e-01  -5.6524833e-01   6.1484433e-04   5.2741033e-04
   4.4750000e-01   2.3983035e+00   1.1068892e+00   7.5866211e-02  -6.4764073e-03  -6.0913666e-01  -4.1436474e-01   7.9504741e-04  -1.0206796e-05   4.9874944e-01  -5.8601601e-01   6.4121482e-04   5.3615153e-04
   4.5000000e-01   2.4541197e+00   1.1270149e+00   7.5542975e-02  -6.4512095e-03  -6.2985489e-01  -3.8790488e-01   7.9453707e-04  -3.2496002e-05   4.6944866e-01  -6.0570148e-01   6.6802238e-04   5.4403914e-04
   4.5250000e-01   2.5110264e+00   1.1472488e+00   7.5221142e-02  -6.4245094e-03  -6.4925012e-01  -3.6041040e-01   7.9291227e-04  -5.5516111e-05   4.3916361e-01  -6.2424538e-01   6.9522432e-04   5.5101907e-04
   4.5500000e-01   2.5689362e+00   1.1675676e+00   7.4900669e-02  -6.3963878e-03  -6.6727062e-01  -3.3192670e-01   7.9013646e-04  -7.9234111e-05   4.0795136e-01  -6.4158926e-01   7.2277525e-04   5.5703696e-04
   4.5750000e-01   2.6278527e+00   1.1879584e+00   7.4581625e-02  -6.3668015e-03  -6.8386695e-01  -3.0250259e-01   7.8617476e-04  -1.0361333e-04   3.7587192e-01  -6.5767610e-01   7.5062708e-04   5.6203912e-04
   4.6000000e-01   2.6877863e+00   1.2084076e+00   7.4264094e-02  -6.3356954e-03  -6.9899207e-01  -2.7219024e-01   7.8099410e-04  -1.2861347e-04   3.4298814e-01  -6.7245058e-01   7.7872902e-04   5.6597280e-04
   4.6250000e-01   2.7487238e+00   1.2288999e+00   7.3948128e-02  -6.3030481e-03  -7.1260157e-01  -2.4104525e-01   7.7456343e-04  -1.5419034e-04   3.0936563e-01  -6.8585915e-01   8.0702764e-04   5.6878634e-04
   4.6500000e-01   2.8106705e+00   1.2494207e+00   7.3633808e-02  -6.2688092e-03  -7.2465382e-01  -2.0912653e-01   7.6685392e-04  -1.8029604e-04   2.7507270e-01  -6.9785038e-01   8.3546694e-04   5.7042947e-04
   4.6750000e-01   2.8736274e+00   1.2699545e+00   7.3321210e-02  -6.2329326e-03  -7.3511014e-01  -1.7649630e-01   7.5783912e-04  -2.0687893e-04   2.4018021e-01  -7.0837505e-01   8.6398839e-04   5.7085357e-04
   4.7000000e-01   2.9376012e+00   1.2904851e+00   7.3010428e-02  -6.1953601e-03  -7.4393495e-01  -1.4321993e-01   7.4749518e-04  -2.3388369e-04   2.0476148e-01  -7.1738648e-01   8.9253105e-04   5.7001197e-04
   4.7250000e-01   3.0025765e+00   1.3109963e+00   7.2701513e-02  -6.1560710e-03  -7.5109594e-01  -1.0936602e-01   7.3580101e-04  -2.6125118e-04   1.6889218e-01  -7.2484061e-01   9.2103163e-04   5.6786009e-04
   4.7500000e-01   3.0687335e+00   1.3314596e+00   7.2394927e-02  -6.1146832e-03  -7.5656424e-01  -7.5005210e-02   7.2273846e-04  -2.8892061e-04   1.3265018e-01  -7.3069652e-01   9.4942461e-04   5.6435627e-04
   4.7750000e-01   3.1358697e+00   1.3518619e+00   7.2090377e-02  -6.0714937e-03  -7.6031450e-01  -4.0212223e-02   7.0829244e-04  -3.1682539e-04   9.6115375e-02  -7.3491606e-01   9.7764240e-04   5.5946085e-04
   4.8000000e-01   3.2039821e+00   1.3721858e+00   7.1787947e-02  -6.0264567e-03  -7.6232511e-01  -5.0646345e-03   6.9245118e-04  -3.4489540e-04   5.9369598e-02  -7.3746438e-01   1.0056154e-03   5.5313720e-04
   4.8250000e-01   3.2730558e+00   1.3924147e+00   7.1487694e-02  -5.9795478e-03  -7.6257834e-01   3.0357204e-02   6.7520642e-04  -3.7305702e-04   2.2496405e-02  -7.3831018e-01   1.0332723e-03   5.4535194e-04
   4.8500000e-01   3.3431379e+00   1.4125234e+00   7.1189830e-02  -5.9306140e-03  -7.6106048e-01   6.5970664e-02   6.5655358e-04  -4.0123396e-04  -1.4419078e-02  -7.3742592e-01   1.0605398e-03   5.3607529e-04
   4.8750000e-01   3.4142023e+00   1.4324930e+00   7.0894405e-02  -5.8796426e-03  -7.5776195e-01   1.0169059e-01   6.3649190e-04  -4.2934657e-04  -5.1290348e-02  -7.3478794e-01   1.0873436e-03   5.2528124e-04
   4.9000000e-01   3.4863284e+00   1.4522854e+00   7.0601759e-02  -5.8263881e-03  -7.5267742e-01   1.3743008e-01   6.1502458e-04  -4.5731325e-04  -8.8029719e-02  -7.3037670e-01   1.1136076e-03   5.1294774e-04
   4.9250000e-01   3.5594923e+00   1.4718740e+00   7.0311985e-02  -5.7708107e-03  -7.4580592e-01   1.7310007e-01   5.9215894e-04  -4.8504941e-04  -1.2454853e-01  -7.2417686e-01   1.1392550e-03   4.9905695e-04
   4.9500000e-01   3.6335913e+00   1.4912529e+00   7.0024939e-02  -5.7130612e-03  -7.3715093e-01   2.0860910e-01   5.6790648e-04  -5.1246682e-04  -1.6075735e-01  -7.1617760e-01   1.1642078e-03   4.8359563e-04
   4.9750000e-01   3.7086500e+00   1.5103905e+00   6.9740831e-02  -5.6530031e-03  -7.2672048e-01   2.4386427e-01   5.4228316e-04  -5.3947531e-04  -1.9656620e-01  -7.0637272e-01   1.1883876e-03   4.6655529e-04
   5.0000000e-01   3.7846507e+00   1.5292624e+00   6.9459760e-02  -5.5905922e-03  -7.1452727e-01   2.7877122e-01   5.1530942e-04  -5.6598252e-04  -2.3188481e-01  -6.9476084e-01   1.2117153e-03   4.4793248e-04
   5.0250000e-01   3.8615796e+00   1.5478428e+00   6.9181843e-02  -5.5257716e-03  -7.0058872e-01   3.1323441e-01   4.8701031e-04  -5.9189429e-04  -2.6662283e-01  -6.8134552e-01   1.2341120e-03   4.2772901e-04
   5.0500000e-01   3.9394179e+00   1.5661065e+00   6.8907183e-02  -5.4584958e-03  -6.8492701e-01   3.4715738e-01   4.5741562e-04  -6.1711482e-04  -3.0069008e-01  -6.6613545e-01   1.2554984e-03   4.0595214e-04
   5.0750000e-01   4.0181623e+00   1.5840212e+00   6.8635955e-02  -5.3886700e-03  -6.6756916e-01   3.8044306e-01   4.2655990e-04  -6.4154725e-04  -3.3399683e-01  -6.4914451e-01   1.2757960e-03   3.8261477e-04
   5.1000000e-01   4.0977891e+00   1.6015604e+00   6.8368262e-02  -5.3162523e-03  -6.4854702e-01   4.1299401e-01   3.9448256e-04  -6.6509370e-04  -3.6645403e-01  -6.3039194e-01   1.2949267e-03   3.5773564e-04
   5.1250000e-01   4.1782789e+00   1.6186952e+00   6.8104235e-02  -5.2411843e-03  -6.2789733e-01   4.4471269e-01   3.6122789e-04  -6.8765572e-04  -3.9797361e-01  -6.0990241e-01   1.3128135e-03   3.3133949e-04
   5.1500000e-01   4.2596088e+00   1.6353974e+00   6.7843995e-02  -5.1634159e-03  -6.0566171e-01   4.7550180e-01   3.2684513e-04  -7.0913462e-04  -4.2846871e-01  -5.8770614e-01   1.3293804e-03   3.0345722e-04
   5.1750000e-01   4.3417782e+00   1.6516232e+00   6.7587787e-02  -5.0828122e-03  -5.8188664e-01   5.0526467e-01   2.9138843e-04  -7.2943207e-04  -4.5785399e-01  -5.6383885e-01   1.3445533e-03   2.7412585e-04
   5.2000000e-01   4.4247462e+00   1.6673500e+00   6.7335676e-02  -4.9993684e-03  -5.5662342e-01   5.3390543e-01   2.5491685e-04  -7.4845011e-04  -4.8604592e-01  -5.3834196e-01   1.3582596e-03   2.4338886e-04
   5.2250000e-01   4.5084873e+00   1.6825458e+00   6.7087804e-02  -4.9130259e-03  -5.2992817e-01   5.6132941e-01   2.1749437e-04  -7.6609174e-04  -5.1296300e-01  -5.1126258e-01   1.3704290e-03   2.1129617e-04
   5.2500000e-01   4.5929740e+00   1.6971783e+00   6.6844318e-02  -4.8237274e-03  -5.0186172e-01   5.8744348e-01   1.7918981e-04  -7.8226129e-04  -5.3852611e-01  -4.8265348e-01   1.3809938e-03   1.7790421e-04
   5.2750000e-01   4.6781842e+00   1.7112076e+00   6.6605415e-02  -4.7313833e-03  -4.7248956e-01   6.1215644e-01   1.4007677e-04  -7.9686498e-04  -5.6265876e-01  -4.5257308e-01   1.3898890e-03   1.4327585e-04
   5.3000000e-01   4.7640803e+00   1.7246056e+00   6.6371205e-02  -4.6359644e-03  -4.4188176e-01   6.3537929e-01   1.0023355e-04  -8.0981115e-04  -5.8528740e-01  -4.2108549e-01   1.3970528e-03   1.0748053e-04
   5.3250000e-01   4.8506299e+00   1.7373379e+00   6.6141843e-02  -4.5374141e-03  -4.1011282e-01   6.5702563e-01   5.9743023e-05  -8.2101084e-04  -6.0634166e-01  -3.8826040e-01   1.4024268e-03   7.0594194e-05
   5.3500000e-01   4.9377988e+00   1.7493697e+00   6.5917488e-02  -4.4356768e-03  -3.7726156e-01   6.7701203e-01   1.8692509e-05  -8.3037821e-04  -6.2575467e-01  -3.5417301e-01   1.4059565e-03   3.2699211e-05
   5.3750000e-01   5.0255518e+00   1.7606651e+00   6.5698306e-02  -4.3306935e-03  -3.4341099e-01   6.9525839e-01  -2.2826372e-05  -8.3783097e-04  -6.4346331e-01  -3.1890394e-01   1.4075915e-03  -6.1157279e-06
   5.4000000e-01   5.1138522e+00   1.7711864e+00   6.5484474e-02  -4.2224030e-03  -3.0864809e-01   7.1168826e-01  -6.4717891e-05  -8.4329091e-04  -6.5940849e-01  -2.8253912e-01   1.4072857e-03  -4.5755730e-05
   5.4250000e-01   5.2026586e+00   1.7809002e+00   6.5276140e-02  -4.1107630e-03  -2.7306370e-01   7.2622925e-01  -1.0688241e-04  -8.4668425e-04  -6.7353544e-01  -2.4516963e-01   1.4049979e-03  -8.6119821e-05
   5.4500000e-01   5.2919297e+00   1.7897700e+00   6.5073473e-02  -3.9957225e-03  -2.3675227e-01   7.3881336e-01  -1.4921659e-04  -8.4794218e-04  -6.8579391e-01  -2.0689153e-01   1.4006919e-03  -1.2710115e-04
   5.4750000e-01   5.3816281e+00   1.7977457e+00   6.4876734e-02  -3.8771791e-03  -1.9981162e-01   7.4937733e-01  -1.9161367e-04  -8.4700126e-04  -6.9613848e-01  -1.6780561e-01   1.3943369e-03  -1.6858733e-04
   5.5000000e-01   5.4717014e+00   1.8048040e+00   6.4686005e-02  -3.7551396e-03  -1.6234278e-01   7.5786298e-01  -2.3396370e-04  -8.4380387e-04  -7.0452876e-01  -1.2801730e-01   1.3859075e-03  -2.1046043e-04
   5.5250000e-01   5.5621026e+00   1.8109077e+00   6.4501462e-02  -3.6295570e-03  -1.2444966e-01   7.6421751e-01  -2.7615387e-04  -8.3829862e-04  -7.1092962e-01  -8.7636356e-02   1.3753845e-03  -2.5259742e-04
   5.5500000e-01   5.6527834e+00   1.8160196e+00   6.4323282e-02  -3.5003864e-03  -8.6238812e-02   7.6839391e-01  -3.1806877e-04  -8.3044077e-04  -7.1531143e-01  -4.6776597e-02   1.3627546e-03  -2.9487046e-04
   5.5750000e-01   5.7436913e+00   1.8201140e+00   6.4151574e-02  -3.3676250e-03  -4.7819144e-02   7.7035118e-01  -3.5959078e-04  -8.2019266e-04  -7.1765026e-01  -5.5556456e-03   1.3480111e-03  -3.3714719e-04
   5.6000000e-01   5.8347775e+00   1.8231396e+00   6.3986608e-02  -3.2311820e-03  -9.3016121e-03   7.7005467e-01  -4.0060038e-04  -8.0752412e-04  -7.1792804e-01   3.5905468e-02   1.3311538e-03  -3.7929127e-04
   5.6250000e-01   5.9259874e+00   1.8250607e+00   6.3828557e-02  -3.0910255e-03   2.9201094e-02   7.6747639e-01  -4.4097656e-04  -7.9241275e-04  -7.1613277e-01   7.7482585e-02   1.3121892e-03  -4.2116268e-04
   5.6500000e-01   6.0172648e+00   1.8258397e+00   6.3677607e-02  -2.9471189e-03   6.7574887e-02   7.6259521e-01  -4.8059717e-04  -7.7484437e-04  -7.1225864e-01   1.1904878e-01   1.2911311e-03  -4.6261820e-04
   5.6750000e-01   6.1085532e+00   1.8254856e+00   6.3533663e-02  -2.7995745e-03   1.0570462e-01   7.5539719e-01  -5.1933936e-04  -7.5481326e-04  -7.0630621e-01   1.6047464e-01   1.2680002e-03  -5.0351158e-04
   5.7000000e-01   6.1997956e+00   1.8239161e+00   6.3397192e-02  -2.6482130e-03   1.4347445e-01   7.4587570e-01  -5.5708000e-04  -7.3232251e-04  -6.9828248e-01   2.0162888e-01   1.2428247e-03  -5.4369463e-04
   5.7250000e-01   6.2909194e+00   1.8210142e+00   6.3268874e-02  -2.4927666e-03   1.8076821e-01   7.3403168e-01  -5.9369610e-04  -7.0738413e-04  -6.8820104e-01   2.4237883e-01   1.2156399e-03  -5.8301770e-04
   5.7500000e-01   6.3818656e+00   1.8168251e+00   6.3148398e-02  -2.3334654e-03   2.1746977e-01   7.1987381e-01  -6.2906528e-04  -6.8001950e-04  -6.7608211e-01   2.8259047e-01   1.1864891e-03  -6.2132961e-04
   5.7750000e-01   6.4725669e+00   1.8113033e+00   6.3036013e-02  -2.1702612e-03   2.5346344e-01   7.0341871e-01  -6.6306623e-04  -6.5025945e-04  -6.6195260e-01   3.2212915e-01   1.1554226e-03  -6.5847853e-04
   5.8000000e-01   6.5629638e+00   1.8044430e+00   6.2931732e-02  -2.0032208e-03   2.8863435e-01   6.8469102e-01  -6.9557918e-04  -6.1814455e-04  -6.4584615e-01   3.6085991e-01   1.1224987e-03  -6.9431253e-04
   5.8250000e-01   6.6529906e+00   1.7962105e+00   6.2835741e-02  -1.8323301e-03   3.2286887e-01   6.6372356e-01  -7.2648638e-04  -5.8372515e-04  -6.2780317e-01   3.9864812e-01   1.0877831e-03  -7.2868026e-04
   5.8500000e-01   6.7425872e+00   1.7865929e+00   6.2748105e-02  -1.6576329e-03   3.5605503e-01   6.4055736e-01  -7.5567262e-04  -5.4706155e-04  -6.0787078e-01   4.3535985e-01   1.0513491e-03  -7.6143152e-04
   5.8750000e-01   6.8316538e+00   1.7754732e+00   6.2669519e-02  -1.4788965e-03   3.8808287e-01   6.1524166e-01  -7.8302568e-04  -5.0822384e-04  -5.8610280e-01   4.7086257e-01   1.0132776e-03  -7.9241819e-04
   5.9000000e-01   6.9200863e+00   1.7627556e+00   6.2600555e-02  -1.2959620e-03   4.1884494e-01   5.8783389e-01  -8.0843685e-04  -4.6729202e-04  -5.6255969e-01   5.0502560e-01   9.7365670e-04  -8.2149475e-04
   5.9250000e-01   7.0078700e+00   1.7485604e+00   6.2540490e-02  -1.1092313e-03   4.4823661e-01   5.5839989e-01  -8.3180144e-04  -4.2435626e-04  -5.3730843e-01   5.3772035e-01   9.3258199e-04  -8.4851845e-04
   5.9500000e-01   7.0949320e+00   1.7328532e+00   6.2489537e-02  -9.1869547e-04   4.7615658e-01   5.2701370e-01  -8.5301924e-04  -3.7951664e-04  -5.1042243e-01   5.6882110e-01   8.9015610e-04  -8.7335041e-04
   5.9750000e-01   7.1811834e+00   1.7155760e+00   6.2448057e-02  -7.2429199e-04   5.0250725e-01   4.9375746e-01  -8.7199505e-04  -3.3288297e-04  -4.8198139e-01   5.9820550e-01   8.4648861e-04  -8.9585631e-04
   6.0000000e-01   7.2664448e+00   1.6965264e+00   6.2417292e-02  -5.2562277e-04   5.2719511e-01   4.5872120e-01  -8.8863919e-04  -2.8457446e-04  -4.5207114e-01   6.2575522e-01   8.0169582e-04  -9.1590722e-04
   6.0250000e-01   7.3507574e+00   1.6758960e+00   6.2396109e-02  -3.2323763e-04   5.5013115e-01   4.2200296e-01  -9.0286790e-04  -2.3472008e-04  -4.2078340e-01   6.5135619e-01   7.5590049e-04  -9.3337975e-04
   6.0500000e-01   7.4340584e+00   1.6536780e+00   6.2384576e-02  -1.1719817e-04   5.7123128e-01   3.8370850e-01  -9.1460390e-04  -1.8345801e-04  -3.8821561e-01   6.7489926e-01   7.0923154e-04  -9.4815702e-04
   6.0750000e-01   7.5161107e+00   1.6296194e+00   6.2384275e-02   9.2978014e-05   5.9041669e-01   3.4395086e-01  -9.2377679e-04  -1.3093510e-04  -3.5447067e-01   6.9628088e-01   6.6182372e-04  -9.6012959e-04
   6.1000000e-01   7.5969335e+00   1.6038539e+00   6.2394438e-02   3.0689743e-04   6.0761422e-01   3.0285042e-01  -9.3032354e-04  -7.7306980e-05  -3.1965665e-01   7.1540340e-01   6.1381728e-04  -9.6919568e-04
   6.1250000e-01   7.6765147e+00   1.5764522e+00   6.2414678e-02   5.2432331e-04   6.2275674e-01   2.6053451e-01  -9.3418889e-04  -2.2737563e-05  -2.8388651e-01   7.3217563e-01   5.6535753e-04  -9.7526197e-04
   6.1500000e-01   7.7545621e+00   1.5471355e+00   6.2446785e-02   7.4575032e-04   6.3578345e-01   2.1713693e-01  -9.3532577e-04   3.2601651e-05  -2.4727775e-01   7.4651345e-01   5.1659446e-04  -9.7824442e-04
   6.1750000e-01   7.8311393e+00   1.5160762e+00   6.2489764e-02   9.7072397e-04   6.4664029e-01   1.7279783e-01  -9.3369569e-04   8.8531684e-05  -2.0995211e-01   7.5834014e-01   4.6768227e-04  -9.7806864e-04
   6.2000000e-01   7.9062183e+00   1.4833220e+00   6.2543388e-02   1.1990614e-03   6.5528018e-01   1.2766319e-01  -9.2926911e-04   1.4486673e-04  -1.7203513e-01   7.6758692e-01   4.1877888e-04  -9.7467057e-04
   6.2250000e-01   7.9794281e+00   1.4485545e+00   6.2609765e-02   1.4312832e-03   6.6166333e-01   8.1884359e-02  -9.2202577e-04   2.0141485e-04  -1.3365581e-01   7.7419344e-01   3.7004538e-04  -9.6799718e-04
   6.2500000e-01   8.0509949e+00   1.4121002e+00   6.2686927e-02   1.6666652e-03   6.6575755e-01   3.5617708e-02  -9.1195504e-04   2.5797837e-04  -9.4946163e-02   7.7810813e-01   3.2164556e-04  -9.5800682e-04
   6.2750000e-01   8.1206389e+00   1.3737584e+00   6.2776275e-02   1.9054810e-03   6.6753843e-01  -1.0975951e-02  -8.9905613e-04   3.1435463e-04  -5.6040784e-02   7.7928864e-01   2.7374525e-04  -9.4466989e-04
   6.3000000e-01   8.1883011e+00   1.3335564e+00   6.2877763e-02   2.1475759e-03   6.6698963e-01  -5.7731861e-02  -8.8333841e-04   3.7033669e-04  -1.7076379e-02   7.7770224e-01   2.2651179e-04  -9.2796927e-04
   6.3250000e-01   8.2540336e+00   1.2916211e+00   6.2990695e-02   2.3926275e-03   6.6410304e-01  -1.0448192e-01  -8.6482159e-04   4.2571413e-04   2.1808705e-02   7.7332612e-01   1.8011336e-04  -9.0790073e-04
   6.3500000e-01   8.3174148e+00   1.2476665e+00   6.3117139e-02   2.6410019e-03   6.5887895e-01  -1.5105514e-01  -8.4353590e-04   4.8027355e-04   6.0474984e-02   7.6614784e-01   1.3471835e-04  -8.8447353e-04
   6.3750000e-01   8.3787572e+00   1.2020374e+00   6.3254948e-02   2.8920275e-03   6.5132620e-01  -1.9727850e-01  -8.1952223e-04   5.3379992e-04   9.8782349e-02   7.5616542e-01   9.0494708e-05  -8.5771047e-04
   6.4000000e-01   8.4375980e+00   1.1544428e+00   6.3406306e-02   3.1460402e-03   6.4146228e-01  -2.4297730e-01  -7.9283226e-04   5.8607678e-04   1.3659059e-01   7.4338782e-01   4.7609215e-05  -8.2764861e-04
   6.4250000e-01   8.4941218e+00   1.1051068e+00   6.3569871e-02   3.4025837e-03   6.2931342e-01  -2.8797614e-01  -7.6352844e-04   6.3688779e-04   1.7375996e-01   7.2783497e-01   6.2268133e-06  -7.9433917e-04
   6.4500000e-01   8.5481168e+00   1.0539542e+00   6.3746407e-02   3.6616413e-03   6.1491463e-01  -3.3209941e-01  -7.3168407e-04   6.8601726e-04   2.1015168e-01   7.0953808e-01  -3.3490117e-05  -7.5784801e-04
   6.4750000e-01   8.5994492e+00   1.0009733e+00   6.3936257e-02   3.9230967e-03   5.9830967e-01  -3.7517203e-01  -6.9738323e-04   7.3325115e-04   2.4562856e-01   6.8853974e-01  -7.1382491e-05  -7.1825572e-04
   6.5000000e-01   8.6482593e+00   9.4633880e-01   6.4138410e-02   4.1865939e-03   5.7955108e-01  -4.1702042e-01  -6.6072070e-04   7.7837851e-04   2.8005552e-01   6.6489391e-01  -1.0729525e-04  -6.7565749e-04
   6.5250000e-01   8.6940292e+00   8.8980486e-01   6.4355036e-02   4.4522787e-03   5.5870007e-01  -4.5747279e-01  -6.2180180e-04   8.2119156e-04   3.1330020e-01   6.3866627e-01  -1.4107810e-04  -6.3016385e-04
   6.5500000e-01   8.7371686e+00   8.3170709e-01   6.4583894e-02   4.7196248e-03   5.3582645e-01  -4.9636058e-01  -5.8074225e-04   8.6148809e-04   3.4523349e-01   6.0993373e-01  -1.7258627e-04  -5.8189952e-04
   6.5750000e-01   8.7772016e+00   7.7185324e-01   6.4826874e-02   4.9886710e-03   5.1100844e-01  -5.3351861e-01  -5.3766788e-04   8.9907120e-04   3.7573015e-01   5.7878490e-01  -2.0168123e-04  -5.3100447e-04
   6.6000000e-01   8.8142228e+00   7.1038459e-01   6.5083248e-02   5.2591130e-03   4.8433253e-01  -5.6878631e-01  -4.9271435e-04   9.3375134e-04   4.0466938e-01   5.4531958e-01  -2.2823143e-04  -4.7763293e-04
   6.6250000e-01   8.8483465e+00   6.4744141e-01   6.5352248e-02   5.5306715e-03   4.5589323e-01  -6.0200856e-01  -4.4602682e-04   9.6534740e-04   4.3193534e-01   5.0964857e-01  -2.5211306e-04  -4.2195302e-04
   6.6500000e-01   8.8789376e+00   5.8280463e-01   6.5636314e-02   5.8032944e-03   4.2579282e-01  -6.3303590e-01  -3.9775948e-04   9.9368656e-04   4.5741775e-01   4.7189413e-01  -2.7321070e-04  -3.6414781e-04
   6.6750000e-01   8.9063969e+00   5.1675820e-01   6.5933459e-02   6.0766003e-03   3.9414105e-01  -6.6172619e-01  -3.4807519e-04   1.0186072e-03   4.8101244e-01   4.3218870e-01  -2.9141808e-04  -3.0441291e-04
   6.7000000e-01   8.9306798e+00   4.4936514e-01   6.6243629e-02   6.3503641e-03   3.6105476e-01  -6.8794505e-01  -2.9714486e-04   1.0399593e-03   5.0262186e-01   3.9067495e-01  -3.0663871e-04  -2.4295674e-04
   6.7250000e-01   8.9514510e+00   3.8058151e-01   6.6567925e-02   6.6243575e-03   3.2665754e-01  -7.1156640e-01  -2.4514694e-04   1.0576048e-03   5.2215559e-01   3.4750573e-01  -3.1878654e-04  -1.8000062e-04
   6.7500000e-01   8.9686158e+00   3.1047426e-01   6.6906450e-02   6.8982932e-03   2.9107924e-01  -7.3247349e-01  -1.9226673e-04   1.0714194e-03   5.3953086e-01   3.0284335e-01  -3.2778656e-04  -1.1577760e-04
   6.7750000e-01   8.9825090e+00   2.3925693e-01   6.7257651e-02   7.1719230e-03   2.5445559e-01  -7.5055997e-01  -1.3869580e-04   1.0812941e-03   5.5467302e-01   2.5685838e-01  -3.3357544e-04  -5.0530347e-05
   6.8000000e-01   8.9925869e+00   1.6685313e-01   6.7623372e-02   7.4448943e-03   2.1692762e-01  -7.6572993e-01  -8.4631136e-05   1.0871347e-03   5.6751593e-01   2.0973037e-01  -3.3610196e-04   1.5487194e-05
   6.8250000e-01   8.9991130e+00   9.3446281e-02   6.8002371e-02   7.7169702e-03   1.7864115e-01  -7.7789925e-01  -3.0274437e-05   1.0888645e-03   5.7800244e-01   1.6164588e-01  -3.3532760e-04   8.2013229e-05
   6.8500000e-01   9.0019442e+00   1.9103598e-02   6.8394943e-02   7.9878156e-03   1.3974622e-01  -7.8699595e-01   2.4168751e-05   1.0864239e-03   5.8608473e-01   1.1279847e-01  -3.3122694e-04   1.4877795e-04
   6.8750000e-01   9.0010020e+00  -5.6088443e-02   6.8801150e-02   8.2571094e-03   1.0039645e-01  -7.9296088e-01   7.8489909e-05   1.0797718e-03   5.9172465e-01   6.3387698e-02  -3.2378805e-04   2.1550492e-04
   6.9000000e-01   8.9963318e+00  -1.3200632e-01   6.9220595e-02   8.5245566e-03   6.0748430e-02  -7.9574830e-01   1.3247846e-04   1.0688864e-03   5.9489403e-01   1.3618127e-02  -3.1301281e-04   2.8191281e-04
   6.9250000e-01   8.9878001e+00  -2.0856501e-01   6.9653534e-02   8.7897839e-03   2.0961043e-02  -7.9532640e-01   1.8592274e-04   1.0537655e-03   5.9557494e-01  -3.6301324e-02  -2.9891718e-04   3.4771609e-04
   6.9500000e-01   8.9754529e+00  -2.8563647e-01   7.0099579e-02   9.0524847e-03  -1.8805249e-02  -7.9167775e-01   2.3861098e-04   1.0344274e-03   5.9375987e-01  -8.6158673e-02  -2.8153138e-04   4.1262716e-04
   6.9750000e-01   8.9592575e+00  -3.6311195e-01   7.0558640e-02   9.3123247e-03  -5.8389109e-02  -7.8479966e-01   2.9033231e-04   1.0109114e-03   5.8945194e-01  -1.3573976e-01  -2.6090004e-04   4.7635761e-04
   7.0000000e-01   8.9391124e+00  -4.4087210e-01   7.1030836e-02   9.5688688e-03  -9.7629064e-02  -7.7470451e-01   3.4087785e-04   9.8327779e-04   5.8266496e-01  -1.8482917e-01  -2.3708218e-04   5.3861943e-04
   7.0250000e-01   8.9151807e+00  -5.1878912e-01   7.1515430e-02   9.8219320e-03  -1.3636426e-01  -7.6141997e-01   3.9004170e-04   9.5160840e-04   5.7342351e-01  -2.3321189e-01  -2.1015122e-04   5.9912788e-04
   7.0500000e-01   8.8872285e+00  -5.9673593e-01   7.2012971e-02   1.0070920e-02  -1.7443523e-01  -7.4498915e-01   4.3762209e-04   9.1600652e-04   5.6176292e-01  -2.8067363e-01  -1.8019485e-04   6.5760139e-04
   7.0750000e-01   8.8555014e+00  -6.7458831e-01   7.2522479e-02   1.0315743e-02  -2.1168467e-01  -7.2547054e-01   4.8342238e-04   8.7659675e-04   5.4772925e-01  -3.2700301e-01  -1.4731481e-04   7.1376544e-04
   7.1000000e-01   8.8197775e+00  -7.5219890e-01   7.3044449e-02   1.0555761e-02  -2.4795817e-01  -7.0293812e-01   5.2725219e-04   8.3352504e-04   5.3137911e-01  -3.7199174e-01  -1.1162656e-04   7.6735218e-04
   7.1250000e-01   8.7802612e+00  -8.2945009e-01   7.3578056e-02   1.0790857e-02  -2.8310505e-01  -6.7748104e-01   5.6892841e-04   7.8695795e-04   5.1277954e-01  -4.1543676e-01  -7.3258977e-05   8.1810416e-04
   7.1500000e-01   8.7368982e+00  -9.0619470e-01   7.4123271e-02   1.1020565e-02  -3.1697908e-01  -6.4920340e-01   6.0827628e-04   7.3708232e-04   4.9200771e-01  -4.5714087e-01  -3.2353798e-05   8.6577485e-04
   7.1750000e-01   8.6895480e+00  -9.8226433e-01   7.4680317e-02   1.1244266e-02  -3.4943922e-01  -6.1822414e-01   6.4513037e-04   6.8410489e-04   4.6915069e-01  -4.9691368e-01   1.0934914e-05   9.1013000e-04
   7.2000000e-01   8.6386669e+00  -1.0576012e+00   7.5247663e-02   1.1462268e-02  -3.8035041e-01  -5.8467580e-01   6.7933559e-04   6.2825011e-04   4.4430502e-01  -5.3457422e-01   5.6441382e-05   9.5095204e-04
   7.2250000e-01   8.5838822e+00  -1.1319737e+00   7.5826200e-02   1.1673533e-02  -4.0958418e-01  -5.4870497e-01   7.1074808e-04   5.6976096e-04   4.1757633e-01  -5.6995010e-01   1.0398895e-04   9.8803791e-04
   7.2500000e-01   8.5255853e+00  -1.2053390e+00   7.6414635e-02   1.1878341e-02  -4.3701941e-01  -5.1047056e-01   7.3923610e-04   5.0889579e-04   3.8907884e-01  -6.0288040e-01   1.5339081e-04   1.0212040e-03
   7.2750000e-01   8.4633816e+00  -1.2774096e+00   7.7013865e-02   1.2075467e-02  -4.6254292e-01  -4.7014426e-01   7.6468088e-04   4.4592942e-04   3.5893484e-01  -6.3321494e-01   2.0445098e-04   1.0502844e-03
   7.3000000e-01   8.3977954e+00  -1.3482054e+00   7.7622258e-02   1.2265502e-02  -4.8605011e-01  -4.2790808e-01   7.8697733e-04   3.8114850e-04   3.2727412e-01  -6.6081728e-01   2.5696516e-04   1.0751357e-03
   7.3250000e-01   8.3286607e+00  -1.4175086e+00   7.8240083e-02   1.2447649e-02  -5.0744550e-01  -3.8395458e-01   8.0603474e-04   3.1485228e-04   2.9423328e-01  -6.8556414e-01   3.1072191e-04   1.0956357e-03
   7.3500000e-01   8.2560225e+00  -1.4851588e+00   7.8867011e-02   1.2621487e-02  -5.2664322e-01  -3.3848547e-01   8.2177735e-04   2.4735017e-04   2.5995509e-01  -7.0734671e-01   3.6550366e-04   1.1116854e-03
   7.3750000e-01   8.1801524e+00  -1.5511228e+00   7.9502151e-02   1.2787189e-02  -5.4356748e-01  -2.9170989e-01   8.3414485e-04   1.7895869e-04   2.2458778e-01  -7.2607174e-01   4.2108789e-04   1.1232104e-03
   7.4000000e-01   8.1010433e+00  -1.6152326e+00   8.0145333e-02   1.2944253e-02  -5.5815297e-01  -2.4384381e-01   8.4309277e-04   1.1000081e-04   1.8828422e-01  -7.4166169e-01   4.7724837e-04   1.1301606e-03
   7.4250000e-01   8.0186368e+00  -1.6772594e+00   8.0796479e-02   1.3091943e-02  -5.7034515e-01  -1.9510897e-01   8.4859281e-04   4.0804200e-05   1.5120116e-01  -7.5405521e-01   5.3375636e-04   1.1325112e-03
   7.4500000e-01   7.9332685e+00  -1.7372357e+00   8.1454575e-02   1.3230678e-02  -5.8010059e-01  -1.4573042e-01   8.5063302e-04  -2.8303028e-05   1.1349843e-01  -7.6320813e-01   5.9038188e-04   1.1302635e-03
   7.4750000e-01   7.8450380e+00  -1.7950618e+00   8.2119195e-02   1.3360251e-02  -5.8738711e-01  -9.5935790e-02   8.4921787e-04  -9.6993325e-05   7.5338050e-02  -7.6909331e-01   6.4689501e-04   1.1234449e-03
   7.5000000e-01   7.7538286e+00  -1.8504447e+00   8.2790367e-02   1.3479665e-02  -5.9218389e-01  -4.5954547e-02   8.4436821e-04  -1.6494050e-04   3.6883412e-02  -7.7170066e-01   7.0306722e-04   1.1121077e-03
   7.5250000e-01   7.6599382e+00  -1.9034236e+00   8.3467201e-02   1.3589309e-02  -5.9448162e-01   3.9846802e-03   8.3612119e-04  -2.3182450e-04  -1.7015939e-03  -7.7103755e-01   7.5867256e-04   1.0963306e-03
   7.5500000e-01   7.5635525e+00  -1.9539815e+00   8.4149089e-02   1.3689293e-02  -5.9428238e-01   5.3655232e-02   8.2452997e-04  -2.9733298e-04  -4.0253444e-02  -7.6712855e-01   8.1348905e-04   1.0762169e-03
   7.5750000e-01   7.4646141e+00  -2.0018481e+00   8.4835893e-02   1.3778727e-02  -5.9159962e-01   1.0283298e-01   8.0966333e-04  -3.6116176e-04  -7.8609845e-02  -7.6001505e-01   8.6729986e-04   1.0518945e-03
   7.6000000e-01   7.3633524e+00  -2.0470380e+00   8.5526898e-02   1.3857848e-02  -5.8645798e-01   1.5129870e-01   7.9160526e-04  -4.2301888e-04  -1.1661057e-01  -7.4975506e-01   9.1989455e-04   1.0235142e-03
   7.6250000e-01   7.2600177e+00  -2.0896449e+00   8.6221414e-02   1.3927150e-02  -5.7889305e-01   1.9883951e-01   7.7045433e-04  -4.8262679e-04  -1.5409830e-01  -7.3642257e-01   9.7107022e-04   9.9124952e-04
   7.6500000e-01   7.1544212e+00  -2.1291639e+00   8.6919426e-02   1.3984880e-02  -5.6895108e-01   2.4524855e-01   7.4632300e-04  -5.3972094e-04  -1.9091940e-01  -7.2010712e-01   1.0206327e-03   9.5529470e-04
   7.6750000e-01   7.0470945e+00  -2.1660999e+00   8.7619833e-02   1.4033048e-02  -5.5668866e-01   2.9032889e-01   7.1933698e-04  -5.9405694e-04  -2.2692473e-01  -7.0091271e-01   1.0683974e-03   9.1586313e-04
   7.7000000e-01   6.9378865e+00  -2.1999587e+00   8.8322498e-02   1.4069948e-02  -5.4217223e-01   3.3389207e-01   6.8963415e-04  -6.4540693e-04  -2.6197034e-01  -6.7895737e-01   1.1141905e-03   8.7318636e-04
   7.7250000e-01   6.8271393e+00  -2.2310484e+00   8.9026679e-02   1.4096810e-02  -5.2547763e-01   3.7576113e-01   6.5736383e-04  -6.9356485e-04  -2.9591819e-01  -6.5437176e-01   1.1578498e-03   8.2751140e-04
   7.7500000e-01   6.7148356e+00  -2.2590261e+00   8.9731975e-02   1.4112495e-02  -5.0668959e-01   4.1577007e-01   6.2268561e-04  -7.3834479e-04  -3.2863675e-01  -6.2729861e-01   1.1992253e-03   7.7909969e-04
   7.7750000e-01   6.6013036e+00  -2.2842762e+00   9.0437780e-02   1.4118462e-02  -4.8590110e-01   4.5376615e-01   5.8576839e-04  -7.7958481e-04  -3.6000166e-01  -5.9789095e-01   1.2381803e-03   7.2822392e-04
   7.8000000e-01   6.4864804e+00  -2.3062844e+00   9.1143599e-02   1.4112966e-02  -4.6321281e-01   4.8960901e-01   5.4678918e-04  -8.1714463e-04  -3.8989619e-01  -5.6631183e-01   1.2745914e-03   6.7516752e-04
   7.8250000e-01   6.3706831e+00  -2.3254809e+00   9.1848910e-02   1.4097597e-02  -4.3873238e-01   5.2317287e-01   5.0593198e-04  -8.5090925e-04  -4.1821176e-01  -5.3273209e-01   1.3083498e-03   6.2022069e-04
   7.8500000e-01   6.2540115e+00  -2.3417849e+00   9.2553233e-02   1.4072126e-02  -4.1257375e-01   5.5434612e-01   4.6338655e-04  -8.8078767e-04  -4.4484834e-01  -4.9732968e-01   1.3393608e-03   5.6367923e-04
   7.8750000e-01   6.1365579e+00  -2.3549819e+00   9.3255915e-02   1.4035865e-02  -3.8485647e-01   5.8303164e-01   4.1934719e-04  -9.0671294e-04  -4.6971481e-01  -4.6028841e-01   1.3675448e-03   5.0584256e-04
   7.9000000e-01   6.0185381e+00  -2.3653844e+00   9.3956602e-02   1.3989941e-02  -3.5570490e-01   6.0914762e-01   3.7401158e-04  -9.2864319e-04  -4.9272921e-01  -4.2179617e-01   1.3928369e-03   4.4701053e-04
   7.9250000e-01   5.9000778e+00  -2.3730114e+00   9.4654836e-02   1.3934457e-02  -3.2524754e-01   6.3262724e-01   3.2757945e-04  -9.4656058e-04  -5.1381901e-01  -3.8204392e-01   1.4151874e-03   3.8748185e-04
   7.9500000e-01   5.7812930e+00  -2.3776790e+00   9.5349885e-02   1.3868812e-02  -2.9361620e-01   6.5341867e-01   2.8025146e-04  -9.6047079e-04  -5.3292119e-01  -3.4122453e-01   1.4345615e-03   3.2755230e-04
   7.9750000e-01   5.6623485e+00  -2.3796251e+00   9.6041446e-02   1.3793848e-02  -2.6094529e-01   6.7148511e-01   2.3222795e-04  -9.7040281e-04  -5.4998240e-01  -2.9953117e-01   1.4509391e-03   2.6751203e-04
   8.0000000e-01   5.5433726e+00  -2.3789578e+00   9.6729156e-02   1.3709952e-02  -2.2737106e-01   6.8680450e-01   1.8370784e-04  -9.7640782e-04  -5.6495895e-01  -2.5715623e-01   1.4643146e-03   2.0764393e-04
   8.0250000e-01   5.4244966e+00  -2.3756154e+00   9.7412370e-02   1.3616927e-02  -1.9303086e-01   6.9936908e-01   1.3488749e-04  -9.7855813e-04  -5.7781676e-01  -2.1429022e-01   1.4746968e-03   1.4822200e-04
   8.0500000e-01   5.3058606e+00  -2.3696696e+00   9.8090597e-02   1.3515023e-02  -1.5806243e-01   7.0918499e-01   8.5959614e-05  -9.7694614e-04  -5.8853126e-01  -1.7112051e-01   1.4821079e-03   8.9509485e-05
   8.0750000e-01   5.1875681e+00  -2.3613480e+00   9.8763729e-02   1.3405018e-02  -1.2260321e-01   7.1627175e-01   3.7112341e-05  -9.7168297e-04  -5.9708728e-01  -1.2783038e-01   1.4865834e-03   3.1757415e-05
   8.1000000e-01   5.0697607e+00  -2.3505891e+00   9.9431040e-02   1.3286701e-02  -8.6789645e-02   7.2066159e-01  -1.1471773e-05  -9.6289703e-04  -6.0347879e-01  -8.4597968e-02   1.4881713e-03  -2.4796731e-05
   8.1250000e-01   4.9525636e+00  -2.3374961e+00   1.0009212e-01   1.3160412e-02  -5.0756590e-02   7.2239878e-01  -5.9616591e-05  -9.5073254e-04  -6.0770869e-01  -4.1595391e-02   1.4869314e-03  -7.9930306e-05
   8.1500000e-01   4.8360239e+00  -2.3223434e+00   1.0074714e-01   1.3027079e-02  -1.4636677e-02   7.2153881e-01  -1.0715318e-04  -9.3534788e-04  -6.0978846e-01   1.0118684e-03   1.4829349e-03  -1.3343606e-04
   8.1750000e-01   4.7203748e+00  -2.3048935e+00   1.0139466e-01   1.2885871e-02   2.1440238e-02   7.1814768e-01  -1.5392055e-04  -9.1691398e-04  -6.0973786e-01   4.3066201e-02   1.4762631e-03  -1.8512403e-04
   8.2000000e-01   4.6055576e+00  -2.2856272e+00   1.0203565e-01   1.2738416e-02   5.7347597e-02   7.1230093e-01  -1.9976621e-04  -8.9561266e-04  -6.0758455e-01   8.4417638e-02   1.4670069e-03  -2.3482052e-04
   8.2250000e-01   4.4918630e+00  -2.2642631e+00   1.0266829e-01   1.2583719e-02   9.2962618e-02   7.0408279e-01  -2.4454681e-04  -8.7163474e-04  -6.0336368e-01   1.2492552e-01   1.4552659e-03  -2.8237085e-04
   8.2500000e-01   4.3791942e+00  -2.2412415e+00   1.0329366e-01   1.2423274e-02   1.2816673e-01   6.9358538e-01  -2.8812852e-04  -8.4517867e-04  -5.9711740e-01   1.6445761e-01   1.4411474e-03  -3.2763704e-04
   8.2750000e-01   4.2677452e+00  -2.2164947e+00   1.0391068e-01   1.2256815e-02   1.6284598e-01   6.8090762e-01  -3.3038742e-04  -8.1644850e-04  -5.8889453e-01   2.0289150e-01   1.4247655e-03  -3.7050004e-04
   8.3000000e-01   4.1576037e+00  -2.1901269e+00   1.0451904e-01   1.2084668e-02   1.9689133e-01   6.6615439e-01  -3.7120982e-04  -7.8565235e-04  -5.7874996e-01   2.4011448e-01   1.4062406e-03  -4.1085902e-04
   8.3250000e-01   4.0487101e+00  -2.1623938e+00   1.0511934e-01   1.1907697e-02   2.3019903e-01   6.4943584e-01  -4.1049241e-04  -7.5300123e-04  -5.6674425e-01   2.7602314e-01   1.3856976e-03  -4.4863008e-04
   8.3500000e-01   3.9413850e+00  -2.1331523e+00   1.0570976e-01   1.1725350e-02   2.6267080e-01   6.3086588e-01  -4.4814245e-04  -7.1870629e-04  -5.5294310e-01   3.1052496e-01   1.3632661e-03  -4.8374894e-04
   8.3750000e-01   3.8354330e+00  -2.1027479e+00   1.0629168e-01   1.1538816e-02   2.9421407e-01   6.1056222e-01  -4.8407773e-04  -6.8297912e-04  -5.3741686e-01   3.4353631e-01   1.3390787e-03  -5.1616651e-04
   8.4000000e-01   3.7311258e+00  -2.0711174e+00   1.0686360e-01   1.1347818e-02   3.2474216e-01   5.8864458e-01  -5.1822667e-04  -6.4602856e-04  -5.2024006e-01   3.7498423e-01   1.3132704e-03  -5.4585205e-04
   8.4250000e-01   3.6283544e+00  -2.0384790e+00   1.0742630e-01   1.1153101e-02   3.5417437e-01   5.6523475e-01  -5.5052807e-04  -6.0806102e-04  -5.0149086e-01   4.0480480e-01   1.2859778e-03  -5.7278955e-04
   8.4500000e-01   3.5272856e+00  -2.0048646e+00   1.0797890e-01   1.0954728e-02   3.8243609e-01   5.4045511e-01  -5.8093110e-04  -5.6927798e-04  -4.8125063e-01   4.3294405e-01   1.2573383e-03  -5.9697920e-04
   8.4750000e-01   3.4279022e+00  -1.9704069e+00   1.0852160e-01   1.0753137e-02   4.0945882e-01   5.1442845e-01  -6.0939498e-04  -5.2987581e-04  -4.5960345e-01   4.5935699e-01   1.2274894e-03  -6.1843515e-04
   8.5000000e-01   3.3302348e+00  -1.9352086e+00   1.0905430e-01   1.0548660e-02   4.3518023e-01   4.8727712e-01  -6.3588875e-04  -4.9004459e-04  -4.3663561e-01   4.8400755e-01   1.1965677e-03  -6.3718504e-04
   8.5250000e-01   3.2344117e+00  -1.8993274e+00   1.0957631e-01   1.0341450e-02   4.5954407e-01   4.5912202e-01  -6.6039096e-04  -4.4996644e-04  -4.1243525e-01   5.0686853e-01   1.1647084e-03  -6.5326980e-04
   8.5500000e-01   3.1402511e+00  -1.8629250e+00   1.1008875e-01   1.0132089e-02   4.8250015e-01   4.3008329e-01  -6.8288927e-04  -4.0981715e-04  -3.8709184e-01   5.2792024e-01   1.1320450e-03  -6.6674057e-04
   8.5750000e-01   3.0481374e+00  -1.8259929e+00   1.1058943e-01   9.9204483e-03   5.0400430e-01   4.0027741e-01  -7.0338011e-04  -3.6976089e-04  -3.6069585e-01   5.4715191e-01   1.0987080e-03  -6.7766141e-04
   8.6000000e-01   2.9577510e+00  -1.7887022e+00   1.1108023e-01   9.7071762e-03   5.2401816e-01   3.6981968e-01  -7.2186815e-04  -3.2995556e-04  -3.3333827e-01   5.6455906e-01   1.0648249e-03  -6.8610384e-04
   8.6250000e-01   2.8691657e+00  -1.7511141e+00   1.1156073e-01   9.4924569e-03   5.4250913e-01   3.3882224e-01  -7.3836591e-04  -2.9054909e-04  -3.0511034e-01   5.8014430e-01   1.0305198e-03  -6.9214839e-04
   8.6500000e-01   2.7826500e+00  -1.7132783e+00   1.1202942e-01   9.2763882e-03   5.5945023e-01   3.0739256e-01  -7.5289336e-04  -2.5167694e-04  -2.7610315e-01   5.9391736e-01   9.9591236e-04  -6.9588444e-04
   8.6750000e-01   2.6979859e+00  -1.6753000e+00   1.1248753e-01   9.0593776e-03   5.7481985e-01   2.7563557e-01  -7.6547719e-04  -2.1346667e-04  -2.4640730e-01   6.0589328e-01   9.6111816e-04  -6.9740670e-04
   8.7000000e-01   2.6151466e+00  -1.6372472e+00   1.1293520e-01   8.8416610e-03   5.8860162e-01   2.4365249e-01  -7.7615052e-04  -1.7603597e-04  -2.1611266e-01   6.1609260e-01   9.2624785e-04  -6.9681536e-04
   8.7250000e-01   2.5341391e+00  -1.5991813e+00   1.1337239e-01   8.6234452e-03   6.0078423e-01   2.1154041e-01  -7.8495231e-04  -1.3949219e-04  -1.8530805e-01   6.2454092e-01   8.9140711e-04  -6.9421535e-04
   8.7500000e-01   2.4551936e+00  -1.5611740e+00   1.1379773e-01   8.4049187e-03   6.1136124e-01   1.7939085e-01  -7.9192692e-04  -1.0392978e-04  -1.5408102e-01   6.3126879e-01   8.5669637e-04  -6.8971601e-04
   8.7750000e-01   2.3781178e+00  -1.5232826e+00   1.1421231e-01   8.1863265e-03   6.2033078e-01   1.4729195e-01  -7.9712340e-04  -6.9435134e-05  -1.2251761e-01   6.3631052e-01   8.2221059e-04  -6.8342879e-04
   8.8000000e-01   2.3028376e+00  -1.4855545e+00   1.1461651e-01   7.9678531e-03   6.2769537e-01   1.1532781e-01  -8.0059516e-04  -3.6085429e-05  -9.0702104e-02   6.3970408e-01   7.8803918e-04  -6.7546706e-04
   8.8250000e-01   2.2295064e+00  -1.4480602e+00   1.1500940e-01   7.7497081e-03   6.3346176e-01   8.3576998e-02  -8.0239943e-04  -3.9460919e-06  -5.8716922e-02   6.4149083e-01   7.5426585e-04  -6.6594567e-04
   8.8500000e-01   2.1580806e+00  -1.4108477e+00   1.1539118e-01   7.5320738e-03   6.3764061e-01   5.2113711e-02  -8.0259673e-04   2.6926611e-05  -2.6642404e-02   6.4171489e-01   7.2096859e-04  -6.5497976e-04
   8.8750000e-01   2.0883806e+00  -1.3739344e+00   1.1576284e-01   7.3150609e-03   6.4024629e-01   2.1008676e-02  -8.0125040e-04   5.6483524e-05   5.4433182e-03   6.4042283e-01   6.8821962e-04  -6.4268421e-04
   8.9000000e-01   2.0206572e+00  -1.3374136e+00   1.1612283e-01   7.0989428e-03   6.4129672e-01  -9.6735869e-03  -7.9842623e-04   8.4687733e-05   3.7464437e-02   6.3766330e-01   6.5608543e-04  -6.2917300e-04
   8.9250000e-01   1.9547024e+00  -1.3012868e+00   1.1647233e-01   6.8837836e-03   6.4081304e-01  -3.9871763e-02  -7.9419184e-04   1.1150834e-04   6.9347580e-02   6.3348666e-01   6.2462681e-04  -6.1455867e-04
   8.9500000e-01   1.8904399e+00  -1.2655731e+00   1.1681172e-01   6.6696794e-03   6.3881946e-01  -6.9528510e-02  -7.8861643e-04   1.3692175e-04   1.0102189e-01   6.2794483e-01   5.9389889e-04  -5.9895202e-04
   8.9750000e-01   1.8281417e+00  -1.2303825e+00   1.1713929e-01   6.4569673e-03   6.3534303e-01  -9.8592646e-02  -7.8177035e-04   1.6091577e-04   1.3241911e-01   6.2109046e-01   5.6395131e-04  -5.8246074e-04
   9.0000000e-01   1.7674642e+00  -1.1956581e+00   1.1745702e-01   6.2455388e-03   6.3041341e-01  -1.2701501e-01  -7.7372456e-04   1.8348118e-04   1.6347361e-01   6.1297743e-01   5.3482830e-04  -5.6519043e-04
   9.0250000e-01   1.7085121e+00  -1.1614623e+00   1.1776420e-01   6.0356063e-03   6.2406266e-01  -1.5475127e-01  -7.6455051e-04   2.0461710e-04   1.9412246e-01   6.0366004e-01   5.0656880e-04  -5.4724318e-04
   9.0500000e-01   1.6513414e+00  -1.1278461e+00   1.1806040e-01   5.8273567e-03   6.1632510e-01  -1.8176148e-01  -7.5431966e-04   2.2432993e-04   2.2430544e-01   5.9319268e-01   4.7920666e-04  -5.2871713e-04
   9.0750000e-01   1.5957261e+00  -1.0947641e+00   1.1834692e-01   5.6206931e-03   6.0723703e-01  -2.0800811e-01  -7.4310318e-04   2.4262920e-04   2.5396506e-01   5.8163034e-01   4.5277082e-04  -5.0970757e-04
   9.1000000e-01   1.5418143e+00  -1.0622960e+00   1.1862275e-01   5.4158902e-03   5.9683664e-01  -2.3345830e-01  -7.3097172e-04   2.5953199e-04   2.8304655e-01   5.6902750e-01   4.2728546e-04  -4.9030489e-04
   9.1250000e-01   1.4895402e+00  -1.0304455e+00   1.1888820e-01   5.2129962e-03   5.8516373e-01  -2.5808232e-01  -7.1799513e-04   2.7505966e-04   3.1149791e-01   5.5543841e-01   4.0277023e-04  -4.7059543e-04
   9.1500000e-01   1.4387512e+00  -9.9917813e-01   1.1914414e-01   5.0119362e-03   5.7225962e-01  -2.8185292e-01  -7.0424216e-04   2.8923639e-04   3.3926981e-01   5.4091738e-01   3.7924047e-04  -4.5066204e-04
   9.1750000e-01   1.3895652e+00  -9.6856412e-01   1.1938972e-01   4.8129663e-03   5.5816699e-01  -3.0474680e-01  -6.8978035e-04   3.0209209e-04   3.6631566e-01   5.2551762e-01   3.5670739e-04  -4.3058215e-04
   9.2000000e-01   1.3419379e+00  -9.3860852e-01   1.1962512e-01   4.6161382e-03   5.4292966e-01  -3.2674348e-01  -6.7467576e-04   3.1365991e-04   3.9259152e-01   5.0929172e-01   3.3517830e-04  -4.1042871e-04
   9.2250000e-01   1.2957207e+00  -9.0926796e-01   1.1985120e-01   4.4213424e-03   5.2659249e-01  -3.4782451e-01  -6.5899277e-04   3.2397466e-04   4.1805609e-01   4.9229199e-01   3.1465687e-04  -3.9027116e-04
   9.2500000e-01   1.2509086e+00  -8.8055785e-01   1.2006790e-01   4.2286599e-03   5.0920128e-01  -3.6797421e-01  -6.4279405e-04   3.3307418e-04   4.4267067e-01   4.7456980e-01   2.9514333e-04  -3.7017428e-04
   9.2750000e-01   1.2076618e+00  -8.5257077e-01   1.2027404e-01   4.0384394e-03   4.9080258e-01  -3.8718039e-01  -6.2614035e-04   3.4100066e-04   4.6639914e-01   4.5617466e-01   2.7663463e-04  -3.5019643e-04
   9.3000000e-01   1.1657450e+00  -8.2521516e-01   1.2047108e-01   3.8504026e-03   4.7144358e-01  -4.0543197e-01  -6.0909033e-04   3.4779588e-04   4.8920786e-01   4.3715606e-01   2.5912482e-04  -3.3039354e-04
   9.3250000e-01   1.1251241e+00  -7.9848894e-01   1.2065916e-01   3.6645718e-03   4.5117199e-01  -4.2272005e-01  -5.9170055e-04   3.5350326e-04   5.1106565e-01   4.1756252e-01   2.4260515e-04  -3.1081726e-04
   9.3500000e-01   1.0857810e+00  -7.7239666e-01   1.2083831e-01   3.4809930e-03   4.3003601e-01  -4.3903780e-01  -5.7402540e-04   3.5816762e-04   5.3194376e-01   3.9744145e-01   2.2706430e-04  -2.9151484e-04
   9.3750000e-01   1.0478690e+00  -7.4703063e-01   1.2100732e-01   3.3000334e-03   4.0808413e-01  -4.5438114e-01  -5.5611703e-04   3.6183647e-04   5.5181582e-01   3.7683801e-01   2.1248857e-04  -2.7252715e-04
   9.4000000e-01   1.0111712e+00  -7.2229399e-01   1.2116761e-01   3.1213781e-03   3.8536509e-01  -4.6874682e-01  -5.3802522e-04   3.6455614e-04   5.7065771e-01   3.5579738e-01   1.9886222e-04  -2.5389317e-04
   9.4250000e-01   9.7566958e-01  -6.9818865e-01   1.2131920e-01   2.9450654e-03   3.6192777e-01  -4.8213327e-01  -5.1979743e-04   3.6637351e-04   5.8844756e-01   3.3436351e-01   1.8616757e-04  -2.3564784e-04
   9.4500000e-01   9.4133396e-01  -6.7470911e-01   1.2146221e-01   2.7711067e-03   3.3782112e-01  -4.9454047e-01  -5.0147876e-04   3.6733565e-04   6.0516573e-01   3.1257923e-01   1.7438519e-04  -2.1782231e-04
   9.4750000e-01   9.0815671e-01  -6.5186147e-01   1.2159659e-01   2.5995578e-03   3.1309411e-01  -5.0596986e-01  -4.8311199e-04   3.6748976e-04   6.2079468e-01   2.9048610e-01   1.6349408e-04  -2.0044380e-04
   9.5000000e-01   8.7609033e-01  -6.2962921e-01   1.2172257e-01   2.4303886e-03   2.8779564e-01  -5.1642416e-01  -4.6473752e-04   3.6688263e-04   6.3531897e-01   2.6812466e-01   1.5347190e-04  -1.8353628e-04
   9.5250000e-01   8.4511314e-01  -6.0800903e-01   1.2184021e-01   2.2636195e-03   2.6197445e-01  -5.2590730e-01  -4.4639340e-04   3.6556067e-04   6.4872519e-01   2.4553430e-01   1.4429509e-04  -1.6712028e-04
   9.5500000e-01   8.1528054e-01  -5.8704154e-01   1.2194895e-01   2.0994485e-03   2.3567910e-01  -5.3442456e-01  -4.2811538e-04   3.6357012e-04   6.6100190e-01   2.2275265e-01   1.3593908e-04  -1.5121191e-04
   9.5750000e-01   7.8644416e-01  -5.6664973e-01   1.2204984e-01   1.9376030e-03   2.0895789e-01  -5.4198191e-01  -4.0993689e-04   3.6095571e-04   6.7213953e-01   1.9981716e-01   1.2837849e-04  -1.3582606e-04
   9.6000000e-01   7.5861248e-01  -5.4684541e-01   1.2214270e-01   1.7781643e-03   1.8185881e-01  -5.4858639e-01  -3.9188911e-04   3.5776151e-04   6.8213038e-01   1.7676394e-01   1.2158719e-04  -1.2097424e-04
   9.6250000e-01   7.3175638e-01  -5.2761810e-01   1.2222764e-01   1.6211238e-03   1.5442951e-01  -5.5424590e-01  -3.7400105e-04   3.5403053e-04   6.9096857e-01   1.5362808e-01   1.1553849e-04  -1.0666530e-04
   9.6500000e-01   7.0585483e-01  -5.0896155e-01   1.2230473e-01   1.4664909e-03   1.2671724e-01  -5.5896922e-01  -3.5629954e-04   3.4980468e-04   6.9864997e-01   1.3044362e-01   1.1020523e-04  -9.2905543e-05
   9.6750000e-01   6.8081196e-01  -4.9082317e-01   1.2237467e-01   1.3140732e-03   9.8768798e-02  -5.6276578e-01  -3.3880932e-04   3.4512448e-04   7.0517214e-01   1.0724416e-01   1.0555995e-04  -7.9700007e-05
   9.7000000e-01   6.5676771e-01  -4.7329365e-01   1.2243614e-01   1.1643004e-03   7.0630528e-02  -5.6564594e-01  -3.2155310e-04   3.4002953e-04   7.1053435e-01   8.4060987e-02   1.0157495e-04  -6.7048887e-05
   9.7250000e-01   6.3357047e-01  -4.5628568e-01   1.2249031e-01   1.0168316e-03   4.2348251e-02  -5.6762056e-01  -3.0455164e-04   3.3455778e-04   7.1473739e-01   6.0925497e-02   9.8222512e-05  -5.4952423e-05
   9.7500000e-01   6.1119549e-01  -4.3978802e-01   1.2253729e-01   8.7165027e-04   1.3967243e-02  -5.6870114e-01  -2.8782376e-04   3.2874577e-04   7.1778367e-01   3.7868183e-02   9.5474893e-05  -4.3408998e-05
   9.7750000e-01   5.8963144e-01  -4.2379745e-01   1.2257708e-01   7.2877608e-04  -1.4467794e-02  -5.6889979e-01  -2.7138649e-04   3.2262865e-04   7.1967707e-01   1.4918551e-02   9.3304444e-05  -3.2415070e-05
   9.8000000e-01   5.6881947e-01  -4.0828038e-01   1.2261010e-01   5.8808815e-04  -4.2912763e-02  -5.6822919e-01  -2.5525506e-04   3.1624013e-04   7.2042300e-01  -7.8944470e-03   9.1683692e-05  -2.1966126e-05
   9.8250000e-01   5.4874675e-01  -3.9323161e-01   1.2263637e-01   4.4959299e-04  -7.1324203e-02  -5.6670256e-01  -2.3944307e-04   3.0961249e-04   7.2002828e-01  -3.0542773e-02   9.0585386e-05  -1.2056045e-05
   9.8500000e-01   5.2939201e-01  -3.7864033e-01   1.2265600e-01   3.1327123e-04  -9.9659311e-02  -5.6433365e-01  -2.2396246e-04   3.0277653e-04   7.1850114e-01  -5.2999206e-02   8.9982584e-05  -2.6773913e-06
   9.8750000e-01   5.1084392e-01  -3.6456639e-01   1.2266802e-01   1.7945105e-04  -1.2787597e-01  -5.6113653e-01  -2.0882364e-04   2.9576127e-04   7.1585118e-01  -7.5238231e-02   8.9848715e-05   6.1802765e-06
   9.9000000e-01   4.9301337e-01  -3.5095555e-01   1.2267316e-01   4.7913627e-05  -1.5593278e-01  -5.5712576e-01  -1.9403559e-04   2.8859429e-04   7.1208927e-01  -9.7234507e-02   9.0157729e-05   1.4527272e-05
   9.9250000e-01   4.7581829e-01  -3.3775678e-01   1.2267210e-01  -8.1559261e-05  -1.8378905e-01  -5.5231643e-01  -1.7960588e-04   2.8130189e-04   7.0722755e-01  -1.1896292e-01   9.0884092e-05   2.2373805e-05
   9.9500000e-01   4.5924231e-01  -3.2496095e-01   1.2266493e-01  -2.0898402e-04  -2.1140485e-01  -5.4672408e-01  -1.6554080e-04   2.7390895e-04   7.0127941e-01  -1.4039910e-01   9.2002781e-05   2.9730968e-05
   9.9750000e-01   4.4326789e-01  -3.1255805e-01   1.2265172e-01  -3.3438218e-04  -2.3874104e-01  -5.4036464e-01  -1.5184536e-04   2.6643892e-04   6.9425946e-01  -1.6151941e-01   9.3489328e-05   3.6610612e-05
   1.0000000e+00   4.2787787e-01  -3.0053809e-01   1.2263257e-01  -4.5777560e-04  -2.6575925e-01  -5.3325450e-01  -1.3852342e-04   2.5891388e-04   6.8618350e-01  -1.8230092e-01   9.5319858e-05   4.3025236e-05
