   0.0000000e+00   4.2787787e-01  -3.0053809e-01   1.2263257e-01  -4.5777560e-04  -3.3100702e-01  -3.6090658e-01   6.8936485e-06   1.6075198e-05  -1.6758281e-01   8.3031662e-01   9.0459370e-06  -2.6249833e-05
   2.5000000e-03   4.1324398e-01  -2.8901554e-01   1.2260558e-01  -5.7850856e-04  -3.4905234e-01  -2.5710309e-01   7.6974078e-06   1.2309710e-05  -1.2606701e-01   8.6808377e-01   7.7334463e-06  -2.7037679e-05
   5.0000000e-03   3.9910284e-01  -2.7781823e-01   1.2257337e-01  -6.9746231e-04  -3.6190748e-01  -1.4950679e-01   8.3128929e-06   8.6076251e-06  -8.2662850e-02   8.9292947e-01   6.3815633e-06  -2.7350454e-05
   7.5000000e-03   3.8544471e-01  -2.6694008e-01   1.2253599e-01  -8.1465149e-04  -3.6938282e-01  -3.9717813e-02   8.7432738e-06   5.0223481e-06  -3.8016408e-02   9.0449601e-01   5.0140415e-06  -2.7215366e-05
   1.0000000e-02   3.7230350e-01  -2.5640402e-01   1.2249302e-01  -9.2992428e-04  -3.7136871e-01   7.0633623e-02   8.9943910e-06   1.6013947e-06   7.2083608e-03   9.0262261e-01   3.6532742e-06  -2.6664793e-05
   1.2500000e-02   3.5981620e-01  -2.4630150e-01   1.2244282e-01  -1.0427090e-03  -3.6783703e-01   1.7991176e-01   9.0744607e-06  -1.6148447e-06   5.2339460e-02   8.8734728e-01   2.3200355e-06  -2.5735086e-05
   1.5000000e-02   3.4779948e-01  -2.3651126e-01   1.2238731e-01  -1.1536584e-03  -3.5884145e-01   2.8649792e-01   8.9937185e-06  -4.5905030e-06   9.6706793e-02   8.5890598e-01   1.0332821e-06  -2.4465792e-05
   1.7500000e-02   3.3608794e-01  -2.2692358e-01   1.2232834e-01  -1.2634145e-03  -3.4451656e-01   3.8881449e-01   8.7641936e-06  -7.2946274e-06   1.3965206e-01   8.1772914e-01  -1.9000668e-07  -2.2899452e-05
   2.0000000e-02   3.2510227e-01  -2.1781768e-01   1.2226095e-01  -1.3702507e-03  -3.2507585e-01   4.8535035e-01   8.3994624e-06  -9.7059224e-06   1.8053849e-01   7.6443409e-01  -1.3349785e-06  -2.1078881e-05
   2.2500000e-02   3.1438654e-01  -2.0889078e-01   1.2219036e-01  -1.4759724e-03  -3.0080835e-01   5.7467953e-01   7.9141667e-06  -1.1805595e-05   2.1876017e-01   6.9981719e-01  -2.3889218e-06  -1.9049264e-05
   2.5000000e-02   3.0415388e-01  -2.0028416e-01   1.2211403e-01  -1.5796926e-03  -2.7207439e-01   6.5548469e-01   7.3238874e-06  -1.3582485e-05   2.5375100e-01   6.2484063e-01  -3.3413843e-06  -1.6855006e-05
   2.7500000e-02   2.9439935e-01  -1.9199378e-01   1.2203186e-01  -1.6813734e-03  -2.3930018e-01   7.2657544e-01   6.6447636e-06  -1.5030979e-05   2.8499301e-01   5.4061846e-01  -4.1841340e-06  -1.4539770e-05
   3.0000000e-02   2.8489282e-01  -1.8386733e-01   1.2194665e-01  -1.7819912e-03  -2.0297143e-01   7.8690508e-01   5.8932152e-06  -1.6149574e-05   3.1202392e-01   4.4840084e-01  -4.9111220e-06  -1.2147507e-05
   3.2500000e-02   2.7594118e-01  -1.7610660e-01   1.2185451e-01  -1.8801777e-03  -1.6362621e-01   8.3558729e-01   5.0857370e-06  -1.6943338e-05   3.3444394e-01   3.4955369e-01  -5.5184969e-06  -9.7182018e-06
   3.5000000e-02   2.6735198e-01  -1.6858366e-01   1.2175773e-01  -1.9767358e-03  -1.2184687e-01   8.7190762e-01   4.2385707e-06  -1.7420860e-05   3.5192162e-01   2.4554019e-01  -6.0044067e-06  -7.2908953e-06
   3.7500000e-02   2.5907919e-01  -1.6126779e-01   1.2165686e-01  -2.0718563e-03  -7.8251522e-02   8.9533433e-01   3.3675283e-06  -1.7594771e-05   3.6419862e-01   1.3789880e-01  -6.3689512e-06  -4.9023346e-06
   4.0000000e-02   2.5115402e-01  -1.5417875e-01   1.2155146e-01  -2.1653787e-03  -3.3484837e-02   9.0552607e-01   2.4877904e-06  -1.7481470e-05   3.7109355e-01   2.8220206e-02  -6.6140677e-06  -2.5859771e-06
   4.2500000e-02   2.4367171e-01  -1.4737682e-01   1.2144015e-01  -2.2568188e-03   1.1791435e-02   9.0233672e-01   1.6137175e-06  -1.7100447e-05   3.7250456e-01  -8.1876374e-02  -6.7433665e-06  -3.7113350e-07
   4.5000000e-02   2.3647297e-01  -1.4075749e-01   1.2132499e-01  -2.3468997e-03   5.6908239e-02   8.8581722e-01   7.5869577e-07  -1.6473673e-05   3.6841074e-01  -1.9076587e-01  -6.7619232e-06   1.7150025e-06
   4.7500000e-02   2.2955649e-01  -1.3431931e-01   1.2120598e-01  -2.4356167e-03   1.0119907e-01   8.5621486e-01  -6.4987282e-08  -1.5625354e-05   3.5887246e-01  -2.9684190e-01  -6.6761731e-06   3.6488841e-06
   5.0000000e-02   2.2300428e-01  -1.2811335e-01   1.2108192e-01  -2.5225454e-03   1.4400978e-01   8.1396931e-01  -8.4625446e-07  -1.4581134e-05   3.4403037e-01  -3.9854074e-01  -6.4937290e-06   5.4113710e-06
   5.2500000e-02   2.1678182e-01  -1.2211542e-01   1.2095319e-01  -2.6078214e-03   1.8470822e-01   7.5970613e-01  -1.5753107e-06  -1.3367762e-05   3.2410335e-01  -4.9436368e-01  -6.2231607e-06   6.9867126e-06
   5.5000000e-02   2.1081298e-01  -1.1627625e-01   1.2082083e-01  -2.6918097e-03   2.2269350e-01   6.9422762e-01  -2.2436983e-06  -1.2012970e-05   2.9938518e-01  -5.8289886e-01  -5.8738253e-06   8.3622507e-06
   5.7500000e-02   2.0509356e-01  -1.1059246e-01   1.2068487e-01  -2.7745214e-03   2.5740485e-01   6.1850082e-01  -2.8443464e-06  -1.0544849e-05   2.7024026e-01  -6.6284230e-01  -5.4557130e-06   9.5289607e-06
   6.0000000e-02   1.9974629e-01  -1.0513754e-01   1.2054346e-01  -2.8552933e-03   2.8832987e-01   5.3364282e-01  -3.3715885e-06  -8.9905758e-06   2.3709817e-01  -7.3301726e-01  -4.9792653e-06   1.0482029e-05
   6.2500000e-02   1.9463683e-01  -9.9826638e-02   1.2039849e-01  -2.9348024e-03   3.1501200e-01   4.4090506e-01  -3.8211169e-06  -7.3775975e-06   2.0044733e-01  -7.9239070e-01  -4.4551643e-06   1.1219059e-05
   6.5000000e-02   1.8974682e-01  -9.4647781e-02   1.2025022e-01  -3.0131381e-03   3.3705723e-01   3.4165459e-01  -4.1899966e-06  -5.7327112e-06   1.6082783e-01  -8.4008874e-01  -3.8942117e-06   1.1740749e-05
   6.7500000e-02   1.8513488e-01  -8.9634403e-02   1.2009772e-01  -3.0899702e-03   3.5413995e-01   2.3735363e-01  -4.4766319e-06  -4.0811417e-06   1.1882342e-01  -8.7540962e-01  -3.3071747e-06   1.2050943e-05
   7.0000000e-02   1.8080654e-01  -8.4786533e-02   1.1994085e-01  -3.1652425e-03   3.6600762e-01   1.2953830e-01  -4.6806889e-06  -2.4466500e-06   7.5052968e-02  -8.9783370e-01  -2.7046279e-06   1.2156040e-05
   7.2500000e-02   1.7667920e-01  -8.0054188e-02   1.1978083e-01  -3.2393967e-03   3.7248453e-01   1.9796427e-02  -4.8030213e-06  -8.5208822e-07   3.0161314e-02  -9.0703100e-01  -2.0968263e-06   1.2064631e-05
   7.5000000e-02   1.7274798e-01  -7.5433803e-02   1.1961774e-01  -3.3124546e-03   3.7347436e-01  -9.0256117e-02  -4.8456257e-06   6.8142208e-07  -1.5190204e-02  -9.0286612e-01  -1.4935952e-06   1.1787530e-05
   7.7500000e-02   1.6913479e-01  -7.0990538e-02   1.1944958e-01  -3.3837072e-03   3.6896155e-01  -1.9899965e-01  -4.8115546e-06   2.1357321e-06  -6.0333478e-02  -8.8540009e-01  -9.0421914e-07   1.1337334e-05
   8.0000000e-02   1.6569748e-01  -6.6642656e-02   1.1927858e-01  -3.4539479e-03   3.5901158e-01  -3.0483331e-01  -4.7047680e-06   3.4934888e-06  -1.0460345e-01  -8.5488946e-01  -3.3735282e-07   1.0728266e-05
   8.2500000e-02   1.6243459e-01  -6.2388776e-02   1.1910476e-01  -3.5231820e-03   3.4376992e-01  -4.0619917e-01  -4.5300937e-06   4.7394688e-06  -1.4734789e-01  -8.1178259e-01   1.9906008e-07   9.9759880e-06
   8.5000000e-02   1.5944428e-01  -5.8278058e-02   1.1892648e-01  -3.5908261e-03   3.2345998e-01  -5.0160545e-01  -4.2931205e-06   5.8613856e-06  -1.8793700e-01  -7.5671277e-01   6.9785913e-07   9.0968977e-06
   8.7500000e-02   1.5664546e-01  -5.4264500e-02   1.1874503e-01  -3.6573401e-03   2.9837972e-01  -5.8964770e-01  -4.0000514e-06   6.8484617e-06  -2.2577261e-01  -6.9048920e-01   1.1527037e-06   8.1084354e-06
   9.0000000e-02   1.5400466e-01  -5.0330026e-02   1.1856096e-01  -3.7229179e-03   2.6889736e-01  -6.6902960e-01  -3.6576285e-06   7.6918992e-06  -2.6029704e-01  -6.1408510e-01   1.5581252e-06   7.0288293e-06
   9.2500000e-02   1.5158871e-01  -4.6505362e-02   1.1837313e-01  -3.7871549e-03   2.3544590e-01  -7.3858231e-01  -3.2730338e-06   8.3854922e-06  -2.9100128e-01  -5.2862313e-01   1.9095664e-06   5.8762773e-06
   9.5000000e-02   1.4937815e-01  -4.2776805e-02   1.1818183e-01  -3.8501562e-03   1.9851681e-01  -7.9728129e-01  -2.8537595e-06   8.9249667e-06  -3.1743241e-01  -4.3535910e-01   2.2033801e-06   4.6691728e-06
   9.7500000e-02   1.4731450e-01  -3.9115281e-02   1.1798805e-01  -3.9122701e-03   1.5865278e-01  -8.4426130e-01  -2.4075115e-06   9.3078270e-06  -3.3920035e-01  -3.3566379e-01   2.4368385e-06   3.4262547e-06
   1.0000000e-01   1.4543557e-01  -3.5536191e-02   1.1779113e-01  -3.9732646e-03   1.1643974e-01  -8.7882930e-01  -1.9421205e-06   9.5337480e-06  -3.5598353e-01  -2.3100242e-01   2.6081511e-06   2.1657321e-06
   1.0250000e-01   1.4377643e-01  -3.2050112e-02   1.1759045e-01  -4.0329196e-03   7.2498307e-02  -9.0047458e-01  -1.4654334e-06   9.6043280e-06  -3.6753364e-01  -1.2291320e-01   2.7164377e-06   9.0507376e-07
   1.0500000e-01   1.4224804e-01  -2.8617119e-02   1.1738754e-01  -4.0917755e-03   2.7474610e-02  -9.0887613e-01  -9.8521736e-07   9.5227590e-06  -3.7367930e-01  -1.2985246e-02   2.7616913e-06  -3.3811129e-07
   1.0750000e-01   1.4088258e-01  -2.5249074e-02   1.1718183e-01  -4.1496347e-03  -1.7969165e-02  -9.0390752e-01  -5.0907974e-07   9.2940304e-06  -3.7432856e-01   9.7165196e-02   2.7447858e-06  -1.5472194e-06
   1.1000000e-01   1.3973242e-01  -2.1961265e-02   1.1697241e-01  -4.2061740e-03  -6.3164509e-02  -8.8563870e-01  -4.4378550e-08   8.9246475e-06  -3.6947031e-01   2.0591857e-01   2.6674249e-06  -2.7069588e-06
   1.1250000e-01   1.3870614e-01  -1.8717131e-02   1.1676087e-01  -4.2619539e-03  -1.0744641e-01  -8.5433508e-01   4.0185351e-07   8.4226467e-06  -3.5917438e-01   3.1167515e-01   2.5320770e-06  -3.8022496e-06
   1.1500000e-01   1.3782863e-01  -1.5524404e-02   1.1654677e-01  -4.3168218e-03  -1.5016314e-01  -8.1045361e-01   8.2298555e-07   7.7974357e-06  -3.4359064e-01   4.1287901e-01   2.3419647e-06  -4.8193327e-06
   1.1750000e-01   1.3716456e-01  -1.2399342e-02   1.1632901e-01  -4.3703842e-03  -1.9068579e-01  -7.5463604e-01   1.2128571e-06   7.0593937e-06  -3.2294670e-01   5.0804102e-01   2.1009982e-06  -5.7461240e-06
   1.2000000e-01   1.3660947e-01  -9.3063421e-03   1.1610938e-01  -4.4232822e-03  -2.2841756e-01  -6.8769981e-01   1.5658265e-06   6.2203879e-06  -2.9754467e-01   5.9576004e-01   1.8136922e-06  -6.5710176e-06
   1.2250000e-01   1.3620856e-01  -6.2576179e-03   1.1588711e-01  -4.4752414e-03  -2.6280253e-01  -6.1062584e-01   1.8768457e-06   5.2930997e-06  -2.6775669e-01   6.7474409e-01   1.4851416e-06  -7.2841127e-06
   1.2500000e-01   1.3599595e-01  -3.2571141e-03   1.1566165e-01  -4.5260616e-03  -2.9333380e-01  -5.2454417e-01   2.1415005e-06   4.2908226e-06  -2.3401951e-01   7.4382923e-01   1.1209362e-06  -7.8770986e-06
   1.2750000e-01   1.3588878e-01  -2.8166710e-04   1.1543441e-01  -4.5762475e-03  -3.1956099e-01  -4.3071776e-01   2.3560414e-06   3.2280858e-06  -1.9682807e-01   8.0199639e-01   7.2708153e-07  -8.3426759e-06
   1.3000000e-01   1.3594899e-01   2.6562525e-03   1.1520435e-01  -4.6254305e-03  -3.4109686e-01  -3.3052357e-01   2.5174456e-06   2.1195909e-06  -1.5672828e-01   8.4838676e-01   3.0994803e-07  -8.6753954e-06
   1.3250000e-01   1.3617604e-01   5.5622644e-03   1.1497152e-01  -4.6736256e-03  -3.5762303e-01  -2.2543256e-01   2.6234251e-06   9.8046063e-07  -1.1430897e-01   8.8231421e-01  -1.2382144e-07  -8.8713102e-06
   1.3500000e-01   1.3649203e-01   8.4521406e-03   1.1473721e-01  -4.7212964e-03  -3.6889465e-01  -1.1698846e-01   2.6724481e-06  -1.7325469e-07  -7.0193292e-02   9.0327543e-01  -5.6738664e-07  -8.9278813e-06
   1.3750000e-01   1.3701431e-01   1.1309559e-02   1.1449952e-01  -4.7677636e-03  -3.7474407e-01  -6.7843691e-03   2.6637854e-06  -1.3262933e-06  -2.5029553e-02   9.1095752e-01  -1.0137804e-06  -8.8444174e-06
   1.4000000e-01   1.3765056e-01   1.4153001e-02   1.1425999e-01  -4.8135778e-03  -3.7508329e-01   1.0355977e-01   2.5974707e-06  -2.4626140e-06   2.0518292e-02   9.0524254e-01  -1.4560009e-06  -8.6217091e-06
   1.4250000e-01   1.3840230e-01   1.6982279e-02   1.1401860e-01  -4.8587301e-03  -3.6990530e-01   2.1242131e-01   2.4743401e-06  -3.5663212e-06   6.5780387e-02   8.8620938e-01  -1.8870861e-06  -8.2622664e-06
   1.4500000e-01   1.3935477e-01   1.9793913e-02   1.1377404e-01  -4.9027553e-03  -3.5928424e-01   3.1819909e-01   2.2960242e-06  -4.6224916e-06   1.1009082e-01   8.5413262e-01  -2.3001991e-06  -7.7700989e-06
   1.4750000e-01   1.4039665e-01   2.2599901e-02   1.1352809e-01  -4.9462869e-03  -3.4337430e-01   4.1933609e-01   2.0648998e-06  -5.6157311e-06   1.5279743e-01   8.0947873e-01  -2.6887038e-06  -7.1510346e-06
   1.5000000e-01   1.4160962e-01   2.5396895e-02   1.1327951e-01  -4.9888807e-03  -3.2240751e-01   5.1434315e-01   1.7841134e-06  -6.5318732e-06   1.9327133e-01   7.5289914e-01  -3.0462553e-06  -6.4122789e-06
   1.5250000e-01   1.4295399e-01   2.8191669e-02   1.1302895e-01  -5.0307735e-03  -2.9669037e-01   6.0182035e-01   1.4575200e-06  -7.3571824e-06   2.3091626e-01   6.8522090e-01  -3.3668690e-06  -5.5627035e-06
   1.5500000e-01   1.4440750e-01   3.0984599e-02   1.1277675e-01  -5.0720841e-03  -2.6659938e-01   6.8047773e-01   1.0896611e-06  -8.0787041e-06   2.6517729e-01   6.0743466e-01  -3.6450040e-06  -4.6128176e-06
   1.5750000e-01   1.4605937e-01   3.3781276e-02   1.1252167e-01  -5.1123689e-03  -2.3257551e-01   7.4915459e-01   6.8572621e-07  -8.6850560e-06   2.9554900e-01   5.2067988e-01  -3.8756447e-06  -3.5740329e-06
   1.6000000e-01   1.4777827e-01   3.6580086e-02   1.1226562e-01  -5.1523114e-03  -1.9511781e-01   8.0683601e-01   2.5147372e-07  -9.1653597e-06   3.2158297e-01   4.2622882e-01  -4.0543462e-06  -2.4599080e-06
   1.6250000e-01   1.4971366e-01   3.9390539e-02   1.1200652e-01  -5.1911715e-03  -1.5477604e-01   8.5266854e-01  -2.0679395e-07  -9.5107832e-06   3.4289440e-01   3.2546708e-01  -4.1773415e-06  -1.2842214e-06
   1.6500000e-01   1.5174624e-01   4.2209608e-02   1.1174611e-01  -5.2295639e-03  -1.1214264e-01   8.8597221e-01  -6.8233277e-07  -9.7134906e-06   3.5916774e-01   2.1987415e-01  -4.2415525e-06  -6.2702025e-08
   1.6750000e-01   1.5393662e-01   4.5042667e-02   1.1148356e-01  -5.2671968e-03  -6.7844062e-02   9.0625103e-01  -1.1680070e-06  -9.7674920e-06   3.7016144e-01   1.1100117e-01  -4.2446876e-06   1.1883979e-06
   1.7000000e-01   1.5625852e-01   4.7891931e-02   1.1121929e-01  -5.3042229e-03  -2.2531542e-02   9.1320018e-01  -1.6563812e-06  -9.6684950e-06   3.7571149e-01   4.4848537e-04  -4.1852678e-06   2.4518052e-06
   1.7250000e-01   1.5871862e-01   5.0758225e-02   1.1095324e-01  -5.3406115e-03   2.3128435e-02   9.0671074e-01  -2.1398056e-06  -9.4141083e-06   3.7573392e-01  -1.1015797e-01  -4.0626776e-06   3.7096558e-06
   1.7500000e-01   1.6134109e-01   5.3650038e-02   1.1068517e-01  -5.3762851e-03   6.8463940e-02   8.8687133e-01  -2.6105107e-06  -9.0038906e-06   3.7022602e-01  -2.1919060e-01  -3.8771950e-06   4.9438263e-06
   1.7750000e-01   1.6407452e-01   5.6559287e-02   1.1041573e-01  -5.4114702e-03   1.1280748e-01   8.5396701e-01  -3.0607049e-06  -8.4395263e-06   3.5926650e-01  -3.2504378e-01  -3.6300038e-06   6.1355346e-06
   1.8000000e-01   1.6700259e-01   5.9505363e-02   1.1014399e-01  -5.4458398e-03   1.5550580e-01   8.0847514e-01  -3.4826809e-06  -7.7246324e-06   3.4301432e-01  -4.2615798e-01  -3.3232273e-06   7.2666161e-06
   1.8250000e-01   1.7001387e-01   6.2467182e-02   1.0987127e-01  -5.4798607e-03   1.9592952e-01   7.5105870e-01  -3.8689123e-06  -6.8653220e-06   3.2170644e-01  -5.2104198e-01  -2.9598967e-06   8.3182782e-06
   1.8500000e-01   1.7325932e-01   6.5480444e-02   1.0959593e-01  -5.5129513e-03   2.3348243e-01   6.8255625e-01  -4.2121781e-06  -5.8692883e-06   2.9565436e-01  -6.0829581e-01  -2.5439831e-06   9.2732251e-06
   1.8750000e-01   1.7656077e-01   6.8506009e-02   1.0931997e-01  -5.5458194e-03   2.6761022e-01   6.0397045e-01  -4.5056424e-06  -4.7472116e-06   2.6523959e-01  -6.8663023e-01  -2.0803222e-06   1.0113688e-05
   1.9000000e-01   1.8011218e-01   7.1593680e-02   1.0904137e-01  -5.5777492e-03   2.9780872e-01   5.1645251e-01  -4.7430028e-06  -3.5108610e-06   2.3090810e-01  -7.5488699e-01  -1.5746381e-06   1.0823999e-05
   1.9250000e-01   1.8371748e-01   7.4694739e-02   1.0876221e-01  -5.6094766e-03   3.2363133e-01   4.2128646e-01  -4.9185457e-06  -2.1752374e-06   1.9316378e-01  -8.1205485e-01  -1.0334386e-06   1.1388664e-05
   1.9500000e-01   1.8758421e-01   7.7867794e-02   1.0848045e-01  -5.6402798e-03   3.4469564e-01   3.1986915e-01  -5.0273075e-06  -7.5593088e-07   1.5256107e-01  -8.5728554e-01  -4.6400576e-07   1.1794575e-05
   1.9750000e-01   1.9150136e-01   8.1054734e-02   1.0819819e-01  -5.6709047e-03   3.6068908e-01   2.1369119e-01  -5.0651040e-06   7.2815553e-07   1.0969682e-01  -8.8990553e-01   1.2572258e-07   1.2029568e-05
   2.0000000e-01   1.9569254e-01   8.4323887e-02   1.0791338e-01  -5.7006191e-03   3.7137364e-01   1.0431356e-01  -5.0286963e-06   2.2581187e-06   6.5201574e-02  -9.0942678e-01   7.2720058e-07   1.2084043e-05
   2.0250000e-01   1.9993058e-01   8.7607098e-02   1.0762814e-01  -5.7301777e-03   3.7658931e-01  -6.6536237e-03  -4.9157904e-06   3.8118442e-06   1.9730267e-02  -9.1555355e-01   1.3314023e-06   1.1950167e-05
   2.0500000e-01   2.0445608e-01   9.0982969e-02   1.0734039e-01  -5.7588405e-03   3.7625663e-01  -1.1757655e-01  -4.7251983e-06   5.3678631e-06  -2.6047378e-02  -9.0818727e-01   1.9289103e-06   1.1622708e-05
   2.0750000e-01   2.0902467e-01   9.4372732e-02   1.0705227e-01  -5.7873689e-03   3.7037781e-01  -2.2681983e-01  -4.4568054e-06   6.9018043e-06  -7.1456710e-02  -8.8742802e-01   2.5100453e-06   1.1099033e-05
   2.1000000e-01   2.1389695e-01   9.7866495e-02   1.0676168e-01  -5.8150109e-03   3.5903682e-01  -3.3277254e-01  -4.1117154e-06   8.3906251e-06  -1.1582808e-01  -8.5357315e-01   3.0649965e-06   1.0378984e-05
   2.1250000e-01   2.1880677e-01   1.0137311e-01   1.0647079e-01  -5.8425432e-03   3.4239821e-01  -4.3386993e-01  -3.6921844e-06   9.8088826e-06  -1.5850671e-01  -8.0711345e-01   3.5839454e-06   9.4658036e-06
   2.1500000e-01   2.2403822e-01   1.0499567e-01   1.0617745e-01  -5.8691973e-03   3.2070473e-01  -5.2861857e-01  -3.2017407e-06   1.1133144e-05  -1.9886235e-01  -7.4872545e-01   4.0572352e-06   8.3648941e-06
   2.1750000e-01   2.2930134e-01   1.0862964e-01   1.0588388e-01  -5.8957649e-03   2.9427382e-01  -6.1561633e-01  -2.6450838e-06   1.2338294e-05  -2.3629860e-01  -6.7926260e-01   4.4754796e-06   7.0857726e-06
   2.2000000e-01   2.3490552e-01   1.1239200e-01   1.0558790e-01  -5.9214623e-03   2.6349302e-01  -6.9357516e-01  -2.0281696e-06   1.3401844e-05  -2.7026170e-01  -5.9974163e-01   4.8297680e-06   5.6396193e-06
   2.2250000e-01   2.4053507e-01   1.1616392e-01   1.0529175e-01  -5.9470950e-03   2.2881429e-01  -7.6133823e-01  -1.3580778e-06   1.4300548e-05  -3.0024876e-01  -5.1132925e-01   5.1117488e-06   4.0422965e-06
   2.2500000e-01   2.4652794e-01   1.2007776e-01   1.0499321e-01  -5.9718622e-03   1.9074740e-01  -8.1789891e-01  -6.4305095e-07   1.5014290e-05  -3.2581521e-01  -4.1532336e-01   5.3138635e-06   2.3106471e-06
   2.2750000e-01   2.5253949e-01   1.2399889e-01   1.0469455e-01  -5.9965849e-03   1.4985249e-01  -8.6241415e-01   1.0766303e-07   1.5523295e-05  -3.4658136e-01  -3.1313608e-01   5.4293957e-06   4.6656860e-07
   2.3000000e-01   2.5893288e-01   1.2807391e-01   1.0439358e-01  -6.0204589e-03   1.0673181e-01  -8.9421845e-01   8.8382725e-07   1.5811239e-05  -3.6223815e-01  -2.0627079e-01   5.4527241e-06  -1.4678559e-06
   2.3250000e-01   2.6534318e-01   1.3215575e-01   1.0409250e-01  -6.0442953e-03   6.2020918e-02  -9.1283275e-01   1.6743887e-06   1.5863405e-05  -3.7255169e-01  -9.6302591e-02   5.3793314e-06  -3.4654496e-06
   2.3500000e-01   2.7215390e-01   1.3640326e-01   1.0378918e-01  -6.0673017e-03   1.6379313e-02  -9.1797253e-01   2.4675583e-06   1.5668629e-05  -3.7736681e-01   1.5147572e-02   5.2060590e-06  -5.4996990e-06
   2.3750000e-01   2.7897954e-01   1.4065696e-01   1.0348577e-01  -6.0902772e-03  -2.9519281e-02  -9.0955173e-01   3.2509892e-06   1.5218670e-05  -3.7660943e-01   1.2643385e-01   4.9310743e-06  -7.5392836e-06
   2.4000000e-01   2.8622545e-01   1.4508843e-01   1.0318018e-01  -6.1124401e-03  -7.4996836e-02  -8.8768439e-01   4.0119222e-06   1.4508739e-05  -3.7028775e-01   2.3591276e-01   4.5541104e-06  -9.5544414e-06
   2.4250000e-01   2.9348411e-01   1.4952529e-01   1.0287452e-01  -6.1345783e-03  -1.1938102e-01  -8.5268342e-01   4.7373586e-06   1.3538237e-05  -3.5849212e-01   3.4196432e-01   4.0763886e-06  -1.1511227e-05
   2.4500000e-01   3.0118138e-01   1.5415110e-01   1.0256676e-01  -6.1559249e-03  -1.6201517e-01  -8.0505563e-01   5.4142700e-06   1.2309701e-05  -3.4139391e-01   4.4301911e-01   3.5008277e-06  -1.3378127e-05
   2.4750000e-01   3.0889300e-01   1.5878311e-01   1.0225893e-01  -6.1772461e-03  -2.0226792e-01  -7.4549549e-01   6.0297546e-06   1.0830987e-05  -3.1924297e-01   5.3757842e-01   2.8319218e-06  -1.5120450e-05
   2.5000000e-01   3.1706620e-01   1.6361694e-01   1.0194906e-01  -6.1977891e-03  -2.3954267e-01  -6.7487369e-01   6.5713036e-06   9.1125364e-06  -2.9236407e-01   6.2423944e-01   2.0758998e-06  -1.6706741e-05
   2.5250000e-01   3.2525901e-01   1.6845945e-01   1.0163911e-01  -6.2183012e-03  -2.7328633e-01  -5.9422631e-01   7.0269301e-06   7.1709890e-06  -2.6115212e-01   7.0171323e-01   1.2405634e-06  -1.8103672e-05
   2.5500000e-01   3.3391844e-01   1.7350841e-01   1.0132726e-01  -6.2380773e-03  -3.0299762e-01  -5.0473764e-01   7.3854793e-06   5.0249505e-06  -2.2606648e-01   7.6884653e-01   3.3538039e-07  -1.9281731e-05
   2.5750000e-01   3.4261442e-01   1.7857370e-01   1.0101526e-01  -6.2577995e-03  -3.2823449e-01  -4.0772525e-01   7.6367266e-06   2.6996161e-06  -1.8762419e-01   8.2463668e-01  -6.2870546e-07  -2.0211230e-05
   2.6000000e-01   3.5178183e-01   1.8384954e-01   1.0070150e-01  -6.2768255e-03  -3.4862073e-01  -3.0461809e-01   7.7717074e-06   2.2145881e-07  -1.4639238e-01   8.6824856e-01  -1.6392663e-06  -2.0866716e-05
   2.6250000e-01   3.6100208e-01   1.8914913e-01   1.0038755e-01  -6.2957781e-03  -3.6385163e-01  -1.9693832e-01   7.7827803e-06  -2.3765162e-06  -1.0297998e-01   8.9902559e-01  -2.6826013e-06  -2.1224339e-05
   2.6500000e-01   3.7067963e-01   1.9465439e-01   1.0007202e-01  -6.3140963e-03  -3.7369854e-01  -8.6276120e-02   7.6639546e-06  -5.0606763e-06  -5.8028735e-02   9.1650089e-01  -3.7438175e-06  -2.1264777e-05
   2.6750000e-01   3.8050273e-01   2.0022541e-01   9.9756024e-02  -6.3322242e-03  -3.7801234e-01   2.5731189e-02   7.4109209e-06  -7.7920818e-06  -1.2203723e-02   9.2040366e-01  -4.8070556e-06  -2.0972133e-05
   2.7000000e-01   3.9069135e-01   2.0596161e-01   9.9438857e-02  -6.3498743e-03  -3.7672578e-01   1.3742522e-01   7.0213171e-06  -1.0530772e-05   3.3816428e-02   9.1066386e-01  -5.8556615e-06  -2.0335169e-05
   2.7250000e-01   4.0112812e-01   2.1181029e-01   9.9120956e-02  -6.3672176e-03  -3.6985453e-01   2.4714976e-01   6.4947789e-06  -1.3233796e-05   7.9349589e-02   8.8741341e-01  -6.8724193e-06  -1.9347466e-05
   2.7500000e-01   4.1184929e-01   2.1778787e-01   9.8802213e-02  -6.3842093e-03  -3.5749705e-01   3.5327588e-01   5.8330895e-06  -1.5856925e-05   1.2372023e-01   8.5098459e-01  -7.8397919e-06  -1.8007826e-05
   2.7750000e-01   4.2292963e-01   2.2392851e-01   9.8482490e-02  -6.4007805e-03  -3.3983326e-01   4.5422620e-01   5.0402438e-06  -1.8355500e-05   1.6626943e-01   8.0190531e-01  -8.7401825e-06  -1.6320332e-05
   2.8000000e-01   4.3420576e-01   2.3015803e-01   9.8162232e-02  -6.4171224e-03  -3.1712197e-01   5.4849749e-01   4.1224695e-06  -2.0683527e-05   2.0636466e-01   7.4089195e-01  -9.5561986e-06  -1.4295282e-05
   2.8250000e-01   4.4596213e-01   2.3660561e-01   9.7840765e-02  -6.4329305e-03  -2.8969711e-01   6.3468453e-01   3.0882939e-06  -2.2797212e-05   2.4340924e-01   6.6883829e-01  -1.0270962e-05  -1.1947724e-05
   2.8500000e-01   4.5781884e-01   2.4309874e-01   9.7519045e-02  -6.4486271e-03  -2.5796291e-01   7.1149907e-01   1.9484341e-06  -2.4651774e-05   2.7685113e-01   5.8680391e-01  -1.0868348e-05  -9.3002694e-06
   2.8750000e-01   4.7028025e-01   2.4986613e-01   9.7195922e-02  -6.4636841e-03  -2.2238798e-01   7.7779154e-01   7.1584624e-07  -2.6206949e-05   3.0619130e-01   4.9599663e-01  -1.1333361e-05  -6.3788057e-06
   2.9000000e-01   4.8285176e-01   2.5668333e-01   9.6872565e-02  -6.4786301e-03  -1.8349843e-01   8.3256581e-01  -5.9450028e-07  -2.7422846e-05   3.3099112e-01   3.9775753e-01  -1.1652301e-05  -3.2176141e-06
   2.9250000e-01   4.9594433e-01   2.6373630e-01   9.6548096e-02  -6.4930504e-03  -1.4187017e-01   8.7499626e-01  -1.9656416e-06  -2.8264662e-05   3.5087898e-01   2.9353869e-01  -1.1813182e-05   1.4602276e-07
   2.9500000e-01   5.0926544e-01   2.7089230e-01   9.6223179e-02  -6.5072502e-03  -9.8120389e-02   9.0443900e-01  -3.3788737e-06  -2.8700817e-05   3.6555590e-01   1.8488399e-01  -1.1805881e-05   3.6678530e-06
   2.9750000e-01   5.2301574e-01   2.7824181e-01   9.5897422e-02  -6.5210359e-03  -5.2898471e-02   9.2044247e-01  -4.8139136e-06  -2.8705154e-05   3.7480010e-01   7.3404797e-02  -1.1622488e-05   7.3002877e-06
   3.0000000e-01   5.3709976e-01   2.8574112e-01   9.5571063e-02  -6.5345121e-03  -6.8763792e-03   9.2275419e-01  -6.2491703e-06  -2.8256905e-05   3.7847033e-01  -3.9242878e-02  -1.1257474e-05   1.0990947e-05
   3.0250000e-01   5.5149122e-01   2.9337843e-01   9.5244151e-02  -6.5477032e-03   3.9261298e-02   9.1132496e-01  -7.6620145e-06  -2.7341606e-05   3.7650819e-01  -1.5138309e-01  -1.0707927e-05   1.4683765e-05
   3.0500000e-01   5.6645594e-01   3.0127173e-01   9.4916286e-02  -6.5603813e-03   8.4827514e-02   8.8630986e-01  -9.0290939e-06  -2.5951283e-05   3.6893904e-01  -2.6134584e-01  -9.9737393e-06   1.8321749e-05
   3.0750000e-01   5.8167801e-01   3.0927942e-01   9.4588021e-02  -6.5728347e-03   1.2914298e-01   8.4806656e-01  -1.0326657e-05  -2.4085453e-05   3.5587176e-01  -3.6748991e-01  -9.0576525e-06   2.1843706e-05
   3.1000000e-01   5.9733395e-01   3.1747974e-01   9.4259090e-02  -6.5849118e-03   1.7154627e-01   7.9715015e-01  -1.1530929e-05  -2.1750968e-05   3.3749728e-01  -4.6822899e-01  -7.9654680e-06   2.5188555e-05
   3.1250000e-01   6.1347546e-01   3.2589423e-01   9.3929473e-02  -6.5965794e-03   2.1140375e-01   7.3430526e-01  -1.2618477e-05  -1.8962245e-05   3.1408584e-01  -5.6205490e-01  -6.7060412e-06   2.8295298e-05
   3.1500000e-01   6.2988424e-01   3.3442633e-01   9.3599487e-02  -6.6080235e-03   2.4811899e-01   6.6045589e-01  -1.3566588e-05  -1.5742532e-05   2.8598312e-01  -6.4755946e-01  -5.2912772e-06   3.1102481e-05
   3.1750000e-01   6.4686481e-01   3.4320885e-01   9.3268757e-02  -6.6189974e-03   2.8114176e-01   5.7669101e-01  -1.4353714e-05  -1.2121813e-05   2.5360517e-01  -7.2345710e-01  -3.7361543e-06   3.3552155e-05
   3.2000000e-01   6.6428575e-01   3.5218275e-01   9.2937498e-02  -6.6296171e-03   3.0997629e-01   4.8424955e-01  -1.4959804e-05  -8.1385007e-06   2.1743234e-01  -7.8860303e-01  -2.0585477e-06   3.5588437e-05
   3.2250000e-01   6.8206701e-01   3.6131273e-01   9.2605821e-02  -6.6399492e-03   3.3418875e-01   3.8450224e-01  -1.5366729e-05  -3.8391924e-06   1.7800222e-01  -8.4201085e-01  -2.7912707e-07   3.7159090e-05
   3.2500000e-01   7.0036245e-01   3.7066438e-01   9.2273575e-02  -6.6498752e-03   3.5341385e-01   2.7893082e-01  -1.5558689e-05   7.2308252e-07   1.3590170e-01  -8.8286801e-01   1.5788261e-06   3.8217400e-05
   3.2750000e-01   7.1919485e-01   3.8024552e-01   9.1940783e-02  -6.6593843e-03   3.6736038e-01   1.6910648e-01  -1.5522535e-05   5.4886750e-06   9.1758333e-02  -9.1054799e-01   3.4896948e-06   3.8722509e-05
   3.3000000e-01   7.3840514e-01   3.8998728e-01   9.1607625e-02  -6.6686022e-03   3.7581570e-01   5.6667291e-02  -1.5248101e-05   1.0390711e-05   4.6230965e-02  -9.2461996e-01   5.4258189e-06   3.8640162e-05
   3.3250000e-01   7.5807639e-01   3.9992425e-01   9.1274038e-02  -6.6774669e-03   3.7864906e-01  -5.6706927e-02  -1.4728566e-05   1.5357458e-05  -0.0000000e+00  -9.2485589e-01   7.3578256e-06   3.7944156e-05
   3.3500000e-01   7.7841251e-01   4.1014008e-01   9.0939882e-02  -6.6858279e-03   3.7581372e-01  -1.6931999e-01  -1.3960693e-05   2.0314059e-05  -4.6242762e-02  -9.1123429e-01   9.2550321e-06   3.6616795e-05
   3.3750000e-01   7.9920072e-01   4.2054372e-01   9.0605373e-02  -6.6938494e-03   3.6734773e-01  -2.7948323e-01  -1.2944991e-05   2.5180707e-05  -9.1804444e-02  -8.8394103e-01   1.1085871e-05   3.4649640e-05
   3.4000000e-01   8.2044676e-01   4.3113662e-01   9.0270521e-02  -6.7015280e-03   3.5337357e-01  -3.8554152e-01  -1.1685957e-05   2.9875294e-05  -1.3600146e-01  -8.4336712e-01   1.2818351e-05   3.2044287e-05
   3.4250000e-01   8.4222798e-01   4.4194938e-01   8.9935289e-02  -6.7088075e-03   3.3409651e-01  -4.8589836e-01  -1.0192193e-05   3.4315086e-05  -1.7816979e-01  -7.9010329e-01   1.4420565e-05   2.8812590e-05
   3.4500000e-01   8.6466351e-01   4.5302796e-01   8.9599639e-02  -6.7156013e-03   3.0980161e-01  -5.7903995e-01  -8.4764400e-06   3.8418151e-05  -2.1767493e-01  -7.2493141e-01   1.5861193e-05   2.4976605e-05
   3.4750000e-01   8.8761538e-01   4.6431421e-01   8.9263687e-02  -6.7220127e-03   2.8084963e-01  -6.6355730e-01  -6.5555338e-06   4.2103204e-05  -2.5392147e-01  -6.4881375e-01   1.7110022e-05   2.0569613e-05
   3.5000000e-01   9.1108979e-01   4.7580912e-01   8.8927450e-02  -6.7280374e-03   2.4767179e-01  -7.3816812e-01  -4.4503751e-06   4.5291947e-05  -2.8636214e-01  -5.6287880e-01   1.8138502e-05   1.5635736e-05
   3.5250000e-01   9.3509478e-01   4.8751436e-01   8.8590941e-02  -6.7336697e-03   2.1076341e-01  -8.0173633e-01  -2.1857793e-06   4.7910506e-05  -3.1450606e-01  -4.6840479e-01   1.8920289e-05   1.0229714e-05
   3.5500000e-01   9.5982869e-01   4.9950512e-01   8.8254102e-02  -6.7387623e-03   1.7067662e-01  -8.5328981e-01   2.0974429e-07   4.9891428e-05  -3.3792628e-01  -3.6680037e-01   1.9431774e-05   4.4153897e-06
   3.5750000e-01   9.8514093e-01   5.1171945e-01   8.7917034e-02  -6.7434257e-03   1.2801216e-01  -8.9203475e-01   2.7043139e-06   5.1173726e-05  -3.5626629e-01  -2.5958473e-01   1.9652543e-05  -1.7329542e-06
   3.6000000e-01   1.0110406e+00   5.2415873e-01   8.7579755e-02  -6.7476517e-03   8.3410457e-02  -9.1736838e-01   5.2629985e-06   5.1704925e-05  -3.6924551e-01  -1.4836472e-01   1.9565896e-05  -8.1321745e-06
   3.6250000e-01   1.0375335e+00   5.3682293e-01   8.7242285e-02  -6.7514348e-03   3.7542071e-02  -9.2888860e-01   7.8482429e-06   5.1442323e-05  -3.7666374e-01  -3.4810913e-02   1.9159287e-05  -1.4691196e-05
   3.6500000e-01   1.0646292e+00   5.4971343e-01   8.6904645e-02  -6.7547658e-03  -8.9023268e-03  -9.2640057e-01   1.0420357e-05   5.0354160e-05  -3.7840429e-01   7.9367308e-02   1.8424728e-05  -2.1312170e-05
   3.6750000e-01   1.0924812e+00   5.6288391e-01   8.6566827e-02  -6.7575260e-03  -5.5222323e-02  -9.0992016e-01   1.2938063e-05   4.8420518e-05  -3.7443593e-01   1.9244786e-01   1.7359120e-05  -2.7892684e-05
   3.7000000e-01   1.1209987e+00   5.7629694e-01   8.6228886e-02  -6.7597797e-03  -1.0071830e-01  -8.7967432e-01   1.5359088e-05   4.5634175e-05  -3.6481354e-01   3.0272104e-01   1.5964487e-05  -3.4325588e-05
   3.7250000e-01   1.1501714e+00   5.8994572e-01   8.5890849e-02  -6.7615309e-03  -1.4470198e-01  -8.3609832e-01   1.7640795e-05   4.2001440e-05  -3.4967750e-01   4.0851555e-01   1.4248209e-05  -4.0501102e-05
   3.7500000e-01   1.1800076e+00   6.0383017e-01   8.5552741e-02  -6.7627694e-03  -1.8650687e-01  -7.7982985e-01   1.9740865e-05   3.7542677e-05  -3.2925174e-01   5.0822394e-01   1.2223155e-05  -4.6308631e-05
   3.7750000e-01   1.2105181e+00   6.1795094e-01   8.5214584e-02  -6.7634822e-03  -2.2549834e-01  -7.1169995e-01   2.1617998e-05   3.2292614e-05  -3.0384056e-01   6.0032698e-01   9.9077251e-06  -5.1638568e-05
   3.8000000e-01   1.2417128e+00   6.3230827e-01   8.4876404e-02  -6.7636568e-03  -2.6108331e-01  -6.3272113e-01   2.3232627e-05   2.6300430e-05  -2.7382423e-01   6.8341695e-01   7.3257985e-06  -5.6384151e-05
   3.8250000e-01   1.2737037e+00   6.4693614e-01   8.4538230e-02  -6.7631977e-03  -2.9271934e-01  -5.4407230e-01   2.4547648e-05   1.9629105e-05  -2.3965340e-01   7.5621941e-01   4.5065929e-06  -6.0443757e-05
   3.8500000e-01   1.3064690e+00   6.6182208e-01   8.4200098e-02  -6.7621137e-03  -3.1992294e-01  -4.4708182e-01   2.5529103e-05   1.2355563e-05  -2.0184246e-01   8.1761256e-01   1.4844071e-06  -6.3722096e-05
   3.8750000e-01   1.3399668e+00   6.7694778e-01   8.3862035e-02  -6.7604306e-03  -3.4227701e-01  -3.4320792e-01   2.6146880e-05   4.5702272e-06  -1.6096186e-01   8.6664471e-01  -1.7016954e-06  -6.6132097e-05
   3.9000000e-01   1.3742086e+00   6.9231271e-01   8.3524071e-02  -6.7581316e-03  -3.5943740e-01  -2.3401694e-01   2.6375391e-05  -3.6241137e-06  -1.1762966e-01   9.0254937e-01  -5.0082979e-06  -6.7596984e-05
   3.9250000e-01   1.4092011e+00   7.0791483e-01   8.3186233e-02  -6.7552028e-03  -3.7113824e-01  -1.2115998e-01   2.6194186e-05  -1.2113418e-05  -7.2502219e-02   9.2475746e-01  -8.3881447e-06  -6.8052002e-05
   3.9500000e-01   1.4449713e+00   7.2375792e-01   8.2848556e-02  -6.7516125e-03  -3.7719623e-01  -6.3480526e-03   2.5588515e-05  -2.0773898e-05  -2.6264378e-02   9.3290666e-01  -1.1790742e-05  -6.7446052e-05
   3.9750000e-01   1.4815250e+00   7.3983895e-01   8.2511070e-02  -6.7473458e-03  -3.7751363e-01   1.0867362e-01   2.4549821e-05  -2.9473508e-05   2.0380922e-02   9.2684756e-01  -1.5163043e-05  -6.5743106e-05
   4.0000000e-01   1.5188737e+00   7.5615635e-01   8.2173808e-02  -6.7423824e-03  -3.7207996e-01   2.2215200e-01   2.3076147e-05  -3.8073794e-05   6.6723267e-02   9.0664665e-01  -1.8450196e-05  -6.2923490e-05
   4.0250000e-01   1.5571184e+00   7.7273353e-01   8.1836838e-02  -6.7366197e-03  -3.6097236e-01   3.3235318e-01   2.1172459e-05  -4.6432434e-05   1.1205557e-01   8.7258605e-01  -2.1596368e-05  -5.8984768e-05
   4.0500000e-01   1.5962132e+00   7.8955039e-01   8.1500182e-02  -6.7300841e-03  -3.4435472e-01   4.3758831e-01   1.8850838e-05  -5.4404484e-05   1.5568484e-01   8.2515997e-01  -2.4545604e-05  -5.3942673e-05
   4.0750000e-01   1.6361444e+00   8.0659703e-01   8.1163869e-02  -6.7227740e-03  -3.2247532e-01   5.3623962e-01   1.6130616e-05  -6.1844903e-05   1.9694281e-01   7.6506802e-01  -2.7242736e-05  -4.7831714e-05
   4.1000000e-01   1.6769226e+00   8.2387014e-01   8.0827939e-02  -6.7146659e-03  -2.9566335e-01   6.2678546e-01   1.3038373e-05  -6.8611123e-05   2.3519618e-01   6.9320525e-01  -2.9634320e-05  -4.0705398e-05
   4.1250000e-01   1.7185585e+00   8.4136622e-01   8.0492429e-02  -6.7057347e-03  -2.6432410e-01   7.0782379e-01   9.6078195e-06  -7.4565525e-05   2.6985642e-01   6.1064926e-01  -3.1669588e-05  -3.2636171e-05
   4.1500000e-01   1.7610617e+00   8.5908106e-01   8.0157380e-02  -6.6959556e-03  -2.2893294e-01   7.7809415e-01   5.8795458e-06  -7.9577946e-05   3.0038886e-01   5.1864438e-01  -3.3301396e-05  -2.3715047e-05
   4.1750000e-01   1.8044469e+00   8.7701144e-01   7.9822836e-02  -6.6852976e-03  -1.9002826e-01   8.3649738e-01   1.9006513e-06  -8.3528192e-05   3.2632106e-01   4.1858328e-01  -3.4487147e-05  -1.4050860e-05
   4.2000000e-01   1.8487228e+00   8.9515224e-01   7.9488839e-02  -6.6737342e-03  -1.4820342e-01   8.8211310e-01  -2.2757554e-06  -8.6308443e-05   3.4725021e-01   3.1198628e-01  -3.5189690e-05  -3.7692537e-06
   4.2250000e-01   1.8938997e+00   9.1349830e-01   7.9155434e-02  -6.6612367e-03  -1.0409779e-01   9.1421452e-01  -6.5911745e-06  -8.7825599e-05   3.6284952e-01   2.0047846e-01  -3.5378152e-05   6.9887102e-06
   4.2500000e-01   1.9399874e+00   9.3204403e-01   7.8822668e-02  -6.6477753e-03  -5.8387101e-02   9.3228032e-01  -1.0982451e-05  -8.8003455e-05   3.7287343e-01   8.5765257e-02  -3.5028717e-05   1.8068245e-05
   4.2750000e-01   1.9871067e+00   9.5080553e-01   7.8490677e-02  -6.6331958e-03  -1.1773118e-02   9.3600347e-01  -1.5382621e-05  -8.6784722e-05   3.7716169e-01  -3.0393789e-02  -3.4125306e-05   2.9303503e-05
   4.3000000e-01   2.0351631e+00   9.6975311e-01   7.8159439e-02  -6.6175755e-03   3.5027023e-02   9.2529677e-01  -1.9721854e-05  -8.4132572e-05   3.7564200e-01  -1.4621119e-01  -3.2660132e-05   4.0518576e-05
   4.3250000e-01   2.0841586e+00   9.8887817e-01   7.7828999e-02  -6.6008888e-03   8.1291829e-02   9.0029511e-01  -2.3928480e-05  -8.0032307e-05   3.6833145e-01  -2.5989915e-01  -3.0634204e-05   5.1530605e-05
   4.3500000e-01   2.1341017e+00   1.0081730e+00   7.7499412e-02  -6.5831019e-03   1.2630655e-01   8.6135436e-01  -2.7930092e-05  -7.4492544e-05   3.5533650e-01  -3.6969714e-01  -2.8057676e-05   6.2152599e-05
   4.3750000e-01   2.1849992e+00   1.0276293e+00   7.7170729e-02  -6.5641815e-03   1.6937424e-01   8.0904679e-01  -3.1654717e-05  -6.7546044e-05   3.3685166e-01  -4.7389916e-01  -2.4950048e-05   7.2196401e-05
   4.4000000e-01   2.2368617e+00   1.0472387e+00   7.6843009e-02  -6.5440884e-03   2.0982655e-01   7.4415317e-01  -3.5032017e-05  -5.9250154e-05   3.1315672e-01  -5.7088026e-01  -2.1340230e-05   8.1475821e-05
   4.4250000e-01   2.2896956e+00   1.0669918e+00   7.6516310e-02  -6.5227868e-03   2.4703418e-01   6.6765159e-01  -3.7994522e-05  -4.9686861e-05   2.8461272e-01  -6.5912201e-01  -1.7266442e-05   8.9809830e-05
   4.4500000e-01   2.3435075e+00   1.0868788e+00   7.6190690e-02  -6.5002392e-03   2.8041674e-01   5.8070319e-01  -4.0478864e-05  -3.8962420e-05   2.5165664e-01  -7.3723647e-01  -1.2775954e-05   9.7025823e-05
   4.4750000e-01   2.3983035e+00   1.1068892e+00   7.5866211e-02  -6.4764073e-03   3.0945188e-01   4.8463498e-01  -4.2426983e-05  -2.7206560e-05   2.1479485e-01  -8.0398819e-01  -7.9246662e-06   1.0296287e-04
   4.5000000e-01   2.4541197e+00   1.1270149e+00   7.5542975e-02  -6.4512095e-03   3.3368361e-01   3.8091994e-01  -4.3787310e-05  -1.4571080e-05   1.7459547e-01  -8.5831415e-01  -2.7765261e-06   1.0747501e-04
   4.5250000e-01   2.5110264e+00   1.1472488e+00   7.5221142e-02  -6.4245094e-03   3.5272959e-01   2.7115466e-01  -4.4515864e-05  -1.2279670e-06   1.3167979e-01  -8.9934097e-01   2.5972205e-06   1.1043425e-04
   4.5500000e-01   2.5689362e+00   1.1675676e+00   7.4900669e-02  -6.3963878e-03   3.6628732e-01   1.5703554e-01  -4.4577262e-05   1.2631850e-05   8.6712772e-02  -9.2639917e-01   8.1189290e-06   1.1173311e-04
   4.5750000e-01   2.6278527e+00   1.1879584e+00   7.4581625e-02  -6.3668015e-03   3.7413909e-01   4.0332663e-02  -4.3945670e-05   2.6801432e-05   4.0392846e-02  -9.3903462e-01   1.3705580e-05   1.1128755e-04
   4.6000000e-01   2.6877863e+00   1.2084076e+00   7.4264094e-02  -6.3356954e-03   3.7615572e-01  -7.7137529e-02  -4.2605599e-05   4.1060748e-05  -6.5588519e-03  -9.3701667e-01   1.9269954e-05   1.0903933e-04
   4.6250000e-01   2.7487238e+00   1.2288999e+00   7.3948128e-02  -6.3030481e-03   3.7229885e-01  -1.9354022e-01  -4.0552563e-05   5.5179753e-05  -5.3409652e-02  -9.2034275e-01   2.4721917e-05   1.0495803e-04
   4.6500000e-01   2.8106705e+00   1.2494207e+00   7.3633808e-02  -6.2688092e-03   3.6262184e-01  -3.0705087e-01  -3.7793578e-05   6.8922015e-05  -9.9426757e-02  -8.8923947e-01   2.9969815e-05   9.9042620e-05
   4.6750000e-01   2.8736274e+00   1.2699545e+00   7.3321210e-02  -6.2329326e-03   3.4726931e-01  -4.1588378e-01  -3.4347479e-05   8.2048468e-05  -1.4388870e-01  -8.4416021e-01   3.4921942e-05   9.1322675e-05
   4.7000000e-01   2.9376012e+00   1.2904851e+00   7.3010428e-02  -6.1953601e-03   3.2647514e-01  -5.1832022e-01  -3.0245059e-05   9.4321403e-05  -1.8609668e-01  -7.8577904e-01   3.9488073e-05   8.1859000e-05
   4.7250000e-01   3.0025765e+00   1.3109963e+00   7.2701513e-02  -6.1560710e-03   3.0055914e-01  -6.1273568e-01  -2.5528992e-05   1.0550846e-04  -2.2538560e-01  -7.1498128e-01   4.3581020e-05   7.0743863e-05
   4.7500000e-01   3.0687335e+00   1.3314596e+00   7.2394927e-02  -6.1146832e-03   2.6992238e-01  -6.9762621e-01  -2.0253573e-05   1.1538764e-04  -2.6113464e-01  -6.3285024e-01   4.7118210e-05   5.8099859e-05
   4.7750000e-01   3.1358697e+00   1.3518619e+00   7.2090377e-02  -6.0714937e-03   2.3504109e-01  -7.7163180e-01  -1.4484195e-05   1.2374967e-04  -2.9277713e-01  -5.4065182e-01   5.0023201e-05   4.4080353e-05
   4.8000000e-01   3.2039821e+00   1.3721858e+00   7.1787947e-02  -6.0264567e-03   1.9645953e-01  -8.3355892e-01  -8.2967155e-06   1.3040315e-04  -3.1980971e-01  -4.3981525e-01   5.2227217e-05   2.8867406e-05
   4.8250000e-01   3.2730558e+00   1.3924147e+00   7.1487694e-02  -5.9795478e-03   1.5478162e-01  -8.8240025e-01  -1.7765627e-06   1.3517842e-04  -3.4180045e-01  -3.3191135e-01   5.3670587e-05   1.2669778e-05
   4.8500000e-01   3.3431379e+00   1.4125234e+00   7.1189830e-02  -5.9306140e-03   1.1066163e-01  -9.1735150e-01   4.9823534e-06   1.3793147e-04  -3.5839601e-01  -2.1862829e-01   5.4304075e-05  -4.2800086e-06
   4.8750000e-01   3.4142023e+00   1.4324930e+00   7.0894405e-02  -5.8796426e-03   6.4794091e-02  -9.3782506e-01   1.1878922e-05   1.3854708e-04  -3.6932742e-01  -1.0174570e-01   5.4090075e-05  -2.1728400e-05
   4.9000000e-01   3.4863284e+00   1.4522854e+00   7.0601759e-02  -5.8263881e-03   1.7902871e-02  -9.4346045e-01   1.8806271e-05   1.3694195e-04  -3.7441470e-01   1.6893340e-02   5.3003656e-05  -3.9405009e-05
   4.9250000e-01   3.5594923e+00   1.4718740e+00   7.0311985e-02  -5.7708107e-03  -2.9270119e-02  -9.3413103e-01   2.5653363e-05   1.3306706e-04  -3.7357003e-01   1.3541089e-01   5.1033407e-05  -5.7026027e-05
   4.9500000e-01   3.6335913e+00   1.4912529e+00   7.0024939e-02  -5.7130612e-03  -7.5976637e-02  -9.0994733e-01   3.2306712e-05   1.2690992e-04  -3.6679949e-01   2.5192348e-01   4.8182107e-05  -7.4298134e-05
   4.9750000e-01   3.7086500e+00   1.5103905e+00   6.9740831e-02  -5.6530031e-03  -1.2147397e-01  -8.7125653e-01   3.8652203e-05   1.1849605e-04  -3.5420333e-01   3.6457246e-01   4.4467203e-05  -9.0923972e-05
   5.0000000e-01   3.7846507e+00   1.5292624e+00   6.9459760e-02  -5.5905922e-03  -1.6503677e-01  -8.1863810e-01   4.4577001e-05   1.0788996e-04  -3.3597472e-01   4.7155348e-01   3.9921008e-05  -1.0660687e-04
   5.0250000e-01   3.8615796e+00   1.5478428e+00   6.9181843e-02  -5.5257716e-03  -2.0596864e-01  -7.5289586e-01   4.9971496e-05   9.5195380e-05  -3.1239706e-01   5.7114561e-01   3.4590668e-05  -1.2105598e-04
   5.0500000e-01   3.9394179e+00   1.5661065e+00   6.8907183e-02  -5.4584958e-03  -2.4361341e-01  -6.7504629e-01   5.4731261e-05   8.0554838e-05  -2.8383980e-01   6.6173921e-01   2.8537873e-05  -1.3399152e-04
   5.0750000e-01   4.0181623e+00   1.5840212e+00   6.8635955e-02  -5.3886700e-03  -2.7736570e-01  -5.8630339e-01   5.8759000e-05   6.4148507e-05  -2.5075286e-01   7.4186223e-01   2.1838302e-05  -1.4515000e-04
   5.1000000e-01   4.0977891e+00   1.6015604e+00   6.8368262e-02  -5.3162523e-03  -3.0668085e-01  -4.8806033e-01   6.1966424e-05   4.6192441e-05  -2.1365977e-01   8.1020450e-01   1.4580807e-05  -1.5428925e-04
   5.1250000e-01   4.1782789e+00   1.6186952e+00   6.8104235e-02  -5.2411843e-03  -3.3108385e-01  -3.8186808e-01   6.4276044e-05   2.6936052e-05  -1.7314958e-01   8.6563957e-01   6.8663502e-06  -1.6119336e-04
   5.1500000e-01   4.2596088e+00   1.6353974e+00   6.7843995e-02  -5.1634159e-03  -3.5017724e-01  -2.6941136e-01   6.5622846e-05   6.6589385e-06  -1.2986763e-01   9.0724375e-01  -1.1933122e-06  -1.6567730e-04
   5.1750000e-01   4.3417782e+00   1.6516232e+00   6.7587787e-02  -5.0828122e-03  -3.6364780e-01  -1.5248219e-01   6.5955792e-05  -1.4333085e-05  -8.4505474e-02   9.3431209e-01  -9.4771714e-06  -1.6759116e-04
   5.2000000e-01   4.4247462e+00   1.6673500e+00   6.7335676e-02  -4.9993684e-03  -3.7127190e-01  -3.2951808e-02   6.5239139e-05  -3.5712173e-05  -3.7789903e-02   9.4637082e-01  -1.7856723e-05  -1.6682383e-04
   5.2250000e-01   4.5084873e+00   1.6825458e+00   6.7087804e-02  -4.9130259e-03  -3.7291949e-01   8.7259178e-02   6.3453531e-05  -5.7133496e-05   9.5286050e-03   9.4318629e-01  -2.6197909e-05  -1.6330626e-04
   5.2500000e-01   4.5929740e+00   1.6971783e+00   6.6844318e-02  -4.8237274e-03  -3.6855654e-01   2.0621148e-01   6.0596858e-05  -7.8240657e-05   5.6687886e-02   9.2477000e-01  -3.4363216e-05  -1.5701401e-04
   5.2750000e-01   4.6781842e+00   1.7112076e+00   6.6605415e-02  -4.7313833e-03  -3.5824597e-01   3.2197840e-01   5.6684828e-05  -9.8671552e-05   1.0292635e-01   8.9137978e-01  -4.2213911e-05  -1.4796910e-04
   5.3000000e-01   4.7640803e+00   1.7246056e+00   6.6371205e-02  -4.6359644e-03  -3.4214706e-01   4.3267705e-01   5.1751254e-05  -1.1806436e-04   1.4749531e-01   8.4351693e-01  -4.9612361e-05  -1.3624117e-04
   5.3250000e-01   4.8506299e+00   1.7373379e+00   6.6141843e-02  -4.5374141e-03  -3.2051322e-01   5.3649915e-01   4.5848040e-05  -1.3606389e-04   1.8967113e-01   7.8191946e-01  -5.6424414e-05  -1.2194772e-04
   5.3500000e-01   4.9377988e+00   1.7493697e+00   6.5917488e-02  -4.4356768e-03  -2.9368828e-01   6.3174073e-01   3.9044851e-05  -1.5232796e-04   2.2876707e-01   7.0755134e-01  -6.2521796e-05  -1.0525363e-04
   5.3750000e-01   5.0255518e+00   1.7606651e+00   6.5698306e-02  -4.3306935e-03  -2.6210127e-01   7.1683052e-01   3.1428458e-05  -1.6653377e-04   2.6414462e-01   6.2158814e-01  -6.7784474e-05  -8.6369735e-05
   5.4000000e-01   5.1138522e+00   1.7711864e+00   6.5484474e-02  -4.2224030e-03  -2.2625977e-01   7.9035613e-01   2.3101775e-05  -1.7838407e-04   2.9522400e-01   5.2539899e-01  -7.2102957e-05  -6.5550591e-05
   5.4250000e-01   5.2026586e+00   1.7809002e+00   6.5276140e-02  -4.1107630e-03  -1.8674199e-01   8.5108809e-01   1.4182578e-05  -1.8761319e-04   3.2149393e-01   4.2052535e-01  -7.5380485e-05  -4.3091385e-05
   5.4500000e-01   5.2919297e+00   1.7897700e+00   6.5073473e-02  -3.9957225e-03  -1.4418762e-01   8.9800081e-01   4.8019250e-06  -1.9399254e-04   3.4252018e-01   3.0865678e-01  -7.7535052e-05  -1.9324024e-05
   5.4750000e-01   5.3816281e+00   1.7977457e+00   6.4876734e-02  -3.8771791e-03  -9.9287607e-02   9.3029058e-01  -4.8976952e-06  -1.9733581e-04   3.5795301e-01   1.9160409e-01  -7.8501253e-05   5.3876101e-06
   5.5000000e-01   5.4717014e+00   1.8048040e+00   6.4686005e-02  -3.7551396e-03  -5.2773111e-02   9.4738992e-01  -1.4764479e-05  -1.9750339e-04   3.6753321e-01   7.1270413e-02  -7.8231873e-05   3.0652933e-05
   5.5250000e-01   5.5621026e+00   1.8109077e+00   6.4501462e-02  -3.6295570e-03  -5.4036480e-03   9.4897818e-01  -2.4639642e-05  -1.9440624e-04   3.7109673e-01  -5.0379546e-02  -7.6699227e-05   5.6060755e-05
   5.5500000e-01   5.6527834e+00   1.8160196e+00   6.4323282e-02  -3.5003864e-03   4.2045228e-02   9.3498820e-01  -3.4359947e-05  -1.8800890e-04   3.6857775e-01  -1.7135144e-01  -7.3896191e-05   8.1185862e-05
   5.5750000e-01   5.7436913e+00   1.8201140e+00   6.4151574e-02  -3.3676250e-03   8.8794605e-02   9.0560884e-01  -4.3760385e-05  -1.7833173e-04   3.6001019e-01  -2.8965391e-01  -6.9836901e-05   1.0559601e-04
   5.6000000e-01   5.8347775e+00   1.8231396e+00   6.3986608e-02  -3.2311820e-03   1.3407502e-01   8.6128324e-01  -5.2676965e-05  -1.6545208e-04   3.4552750e-01  -4.0333148e-01  -6.4557104e-05   1.2885939e-04
   5.6250000e-01   5.9259874e+00   1.8250607e+00   6.3828557e-02  -3.0910255e-03   1.7713915e-01   8.0270295e-01  -6.0949563e-05  -1.4950460e-04   3.2536094e-01  -5.1049698e-01  -5.8114139e-05   1.5055212e-04
   5.6500000e-01   6.0172648e+00   1.8258397e+00   6.3677607e-02  -2.9471189e-03   2.1727427e-01   7.3079788e-01  -6.8424788e-05  -1.3068048e-04   2.9983611e-01  -6.0936312e-01  -5.0586538e-05   1.7026593e-04
   5.6750000e-01   6.1085532e+00   1.8254856e+00   6.3533663e-02  -2.7995745e-03   2.5381413e-01   6.4672224e-01  -7.4958807e-05  -1.0922578e-04   2.6936798e-01  -6.9827260e-01  -4.2073248e-05   1.8761565e-04
   5.7000000e-01   6.1997956e+00   1.8239161e+00   6.3397192e-02  -2.6482130e-03   2.8615022e-01   5.5183661e-01  -8.0420092e-05  -8.5438441e-05   2.3445437e-01  -7.7572639e-01  -3.2692472e-05   2.0224682e-04
   5.7250000e-01   6.2909194e+00   1.8210142e+00   6.3268874e-02  -2.4927666e-03   3.1374203e-01   4.4768645e-01  -8.4692011e-05  -5.9664441e-05   1.9566808e-01  -8.4040950e-01  -2.2580138e-05   2.1384275e-04
   5.7500000e-01   6.3818656e+00   1.8168251e+00   6.3148398e-02  -2.3334654e-03   3.3612634e-01   3.3597756e-01  -8.7675231e-05  -3.2293292e-05   1.5364763e-01  -8.9121374e-01  -1.1888008e-05   2.2213085e-04
   5.7750000e-01   6.4725669e+00   1.8113033e+00   6.3036013e-02  -2.1702612e-03   3.5292521e-01   2.1854850e-01  -8.9289895e-05  -3.7522151e-06   1.0908698e-01  -9.2725740e-01  -7.8147354e-07   2.2688879e-04
   5.8000000e-01   6.5629638e+00   1.8044430e+00   6.2931732e-02  -2.0032208e-03   3.6385263e-01   9.7340719e-02  -8.9477505e-05   2.5500303e-05   6.2724139e-02  -9.4790118e-01   1.0562958e-05   2.2794973e-04
   5.8250000e-01   6.6529906e+00   1.7962105e+00   6.2835741e-02  -1.8323301e-03   3.6871966e-01  -2.5633368e-02  -8.8202491e-05   5.4981818e-05   1.5329114e-02  -9.5276028e-01   2.1960436e-05   2.2520675e-04
   5.8500000e-01   6.7425872e+00   1.7865929e+00   6.2748105e-02  -1.6576329e-03   3.6743799e-01  -1.4832360e-01  -8.5453402e-05   8.4193782e-05  -3.2308867e-02  -9.4171218e-01   3.3220766e-05   2.1861633e-04
   5.8750000e-01   6.8316538e+00   1.7754732e+00   6.2669519e-02  -1.4788965e-03   3.6002182e-01  -2.6867630e-01  -8.1243716e-05   1.1263005e-04  -7.9394443e-02  -9.1490019e-01   4.4151575e-05   2.0820075e-04
   5.9000000e-01   6.9200863e+00   1.7627556e+00   6.2600555e-02  -1.2959620e-03   3.4658801e-01  -3.8466865e-01  -7.5612217e-05   1.3978558e-04  -1.2513942e-01  -8.7273248e-01   5.4561605e-05   1.9404933e-04
   5.9250000e-01   7.0078700e+00   1.7485604e+00   6.2540490e-02  -1.1092313e-03   3.2735459e-01  -4.9434276e-01  -6.8622943e-05   1.6516509e-04  -1.6877601e-01  -8.1587675e-01   6.4264065e-05   1.7631867e-04
   5.9500000e-01   7.0949320e+00   1.7328532e+00   6.2489537e-02  -9.1869547e-04   3.0263747e-01  -5.9583903e-01  -6.0364694e-05   1.8829235e-04  -2.0956982e-01  -7.4525035e-01   7.3079992e-05   1.5523158e-04
   5.9750000e-01   7.1811834e+00   1.7155760e+00   6.2448057e-02  -7.2429199e-04   2.7284554e-01  -6.8742810e-01  -5.0950083e-05   2.0871906e-04  -2.4683231e-01  -6.6200630e-01   8.0841565e-05   1.3107475e-04
   6.0000000e-01   7.2664448e+00   1.6965264e+00   6.2417292e-02  -5.2562277e-04   2.3847416e-01  -7.6754073e-01  -4.0514137e-05   2.2603354e-04  -2.7993261e-01  -5.6751499e-01   8.7395298e-05   1.0419521e-04
   6.0250000e-01   7.3507574e+00   1.6758960e+00   6.2396109e-02  -3.2323763e-04   2.0009715e-01  -8.3479512e-01  -2.9212469e-05   2.3986873e-04  -3.0830833e-01  -4.6334238e-01   9.2605055e-05   7.4995848e-05
   6.0500000e-01   7.4340584e+00   1.6536780e+00   6.2384576e-02  -1.1719817e-04   1.5835742e-01  -8.8802143e-01  -1.7219040e-05   2.4990999e-04  -3.3147544e-01  -3.5122450e-01   9.6354845e-05   4.3929549e-05
   6.0750000e-01   7.5161107e+00   1.6296194e+00   6.2384275e-02   9.2978014e-05   1.1395638e-01  -9.2628275e-01  -4.7235497e-06   2.5590194e-04  -3.4903665e-01  -2.3303888e-01   9.8551320e-05   1.1492269e-05
   6.1000000e-01   7.5969335e+00   1.6038539e+00   6.2394438e-02   3.0689743e-04   6.7642277e-02  -9.4889229e-01   8.0715383e-06   2.5765438e-04  -3.6068859e-01  -1.1077359e-01   9.9125933e-05  -2.1784614e-05
   6.1250000e-01   7.6765147e+00   1.5764522e+00   6.2414678e-02   5.2432331e-04   2.0197696e-02  -9.5542643e-01   2.0954248e-05   2.5504731e-04  -3.6622726e-01   1.3506064e-02   9.8036704e-05  -5.5342965e-05
   6.1500000e-01   7.7545621e+00   1.5471355e+00   6.2446785e-02   7.4575032e-04  -2.7573592e-02  -9.4573341e-01   3.3706605e-05   2.4803470e-04  -3.6555196e-01   1.3769225e-01   9.5269557e-05  -8.8607205e-05
   6.1750000e-01   7.8311393e+00   1.5160762e+00   6.2489764e-02   9.7072397e-04  -7.4860230e-02  -9.1993736e-01   4.6108331e-05   2.3664705e-04  -3.5866735e-01   2.5967033e-01   9.0839200e-05  -1.2099419e-04
   6.2000000e-01   7.9062183e+00   1.4833220e+00   6.2543388e-02   1.1990614e-03  -1.2085707e-01  -8.7843774e-01   5.7940676e-05   2.2099271e-04  -3.4568384e-01   3.7735501e-01   8.4789495e-05  -1.5192349e-04
   6.2250000e-01   7.9794281e+00   1.4485545e+00   6.2609765e-02   1.4312832e-03  -1.6477892e-01  -8.2190397e-01   6.8990303e-05   2.0125768e-04  -3.2681611e-01   4.8872604e-01   7.7193326e-05  -1.8082766e-04
   6.2500000e-01   8.0509949e+00   1.4121002e+00   6.2686927e-02   1.6666652e-03  -2.0587409e-01  -7.5126544e-01   7.9053180e-05   1.7770409e-04  -3.0237982e-01   5.9186338e-01   6.8151949e-05  -2.0716305e-04
   6.2750000e-01   8.1206389e+00   1.3737584e+00   6.2776275e-02   1.9054810e-03  -2.4343734e-01  -6.6769700e-01   8.7938379e-05   1.5066724e-04  -2.7278667e-01   6.8498055e-01   5.7793804e-05  -2.3041977e-04
   6.3000000e-01   8.1883011e+00   1.3335564e+00   6.2877763e-02   2.1475759e-03  -2.7682216e-01  -5.7260007e-01   9.5471735e-05   1.2055126e-04  -2.3853767e-01   7.6645611e-01   4.6272824e-05  -2.5013182e-04
   6.3250000e-01   8.2540336e+00   1.2916211e+00   6.2990695e-02   2.3926275e-03  -3.0545215e-01  -4.6757967e-01   1.0149929e-04   8.7823233e-05  -2.0021489e-01   8.3486255e-01   3.3766242e-05  -2.6588651e-04
   6.3500000e-01   8.3174148e+00   1.2476665e+00   6.3117139e-02   2.6410019e-03  -3.2883111e-01  -3.5441804e-01   1.0589045e-04   5.3006536e-05  -1.5847179e-01   8.8899178e-01   2.0471925e-05  -2.7733283e-04
   6.3750000e-01   8.3787572e+00   1.2020374e+00   6.3254948e-02   2.8920275e-03  -3.4655200e-01  -2.3504450e-01   1.0854078e-04   1.6672044e-05  -1.1402224e-01   9.2787741e-01   6.6052936e-06  -2.8418954e-04
   6.4000000e-01   8.4375980e+00   1.1544428e+00   6.3406306e-02   3.1460402e-03  -3.5830422e-01  -1.1150319e-01   1.0937438e-04  -2.0570471e-05  -6.7628398e-02   9.5081254e-01  -7.6041736e-06  -2.8625145e-04
   6.4250000e-01   8.4941218e+00   1.1051068e+00   6.3569871e-02   3.4025837e-03  -3.6387938e-01   1.4082047e-02   1.0834586e-04  -5.8083220e-05  -2.0087804e-02   9.5736354e-01  -2.1916736e-05  -2.8339502e-04
   6.4500000e-01   8.5481168e+00   1.0539542e+00   6.3746407e-02   3.6616413e-03  -3.6317527e-01   1.3954391e-01   1.0544170e-04  -9.5210941e-05   2.7780339e-02   9.4737895e-01  -3.6086477e-05  -2.7558227e-04
   6.4750000e-01   8.5994492e+00   1.0009733e+00   6.3936257e-02   3.9230967e-03  -3.5619808e-01   2.6270912e-01   1.0068115e-04  -1.3129255e-04   7.5149253e-02   9.2099365e-01  -4.9865581e-05  -2.6286328e-04
   6.5000000e-01   8.6482593e+00   9.4633880e-01   6.4138410e-02   4.1865939e-03  -3.4306264e-01   3.8143643e-01   9.4116531e-05  -1.6567346e-04   1.2119890e-01   8.7862794e-01  -6.3008736e-05  -2.4537714e-04
   6.5250000e-01   8.6940292e+00   8.8980486e-01   6.4355036e-02   4.4522787e-03  -3.2399083e-01   4.9365370e-01   8.5832864e-05  -1.9771676e-04   1.6513027e-01   8.2098183e-01  -7.5277584e-05  -2.2335142e-04
   6.5500000e-01   8.7371686e+00   8.3170709e-01   6.4583894e-02   4.7196248e-03  -2.9930816e-01   5.9739506e-01   7.5947033e-05  -2.2681658e-04   2.0617933e-01   7.4902400e-01  -8.6445148e-05  -1.9709944e-04
   6.5750000e-01   8.7772016e+00   7.7185324e-01   6.4826874e-02   4.9886710e-03  -2.6943843e-01   6.9083532e-01   6.4606212e-05  -2.5240860e-04   2.4363051e-01   6.6397655e-01  -9.6300113e-05  -1.6701674e-04
   6.6000000e-01   8.8142228e+00   7.1038459e-01   6.5083248e-02   5.2591130e-03  -2.3489669e-01   7.7232300e-01   5.1985791e-05  -2.7398207e-04   2.7682931e-01   5.6729457e-01  -1.0465094e-04  -1.3357509e-04
   6.6250000e-01   8.8483465e+00   6.4744141e-01   6.5352248e-02   5.5306715e-03  -1.9628056e-01   8.4041024e-01   3.8286697e-05  -2.9109025e-04   3.0519402e-01   4.6064175e-01  -1.1132969e-04  -9.7315086e-05
   6.6500000e-01   8.8789376e+00   5.8280463e-01   6.5636314e-02   5.8032944e-03  -1.5426008e-01   8.9387883e-01   2.3732195e-05  -3.0335918e-04   3.2822609e-01   3.4586263e-01  -1.1619544e-04  -5.8838620e-05
   6.6750000e-01   8.9063969e+00   5.1675820e-01   6.5933459e-02   6.0766003e-03  -1.0956617e-01   9.3176339e-01   8.5642467e-06  -3.1049705e-04   3.4551921e-01   2.2495028e-01  -1.1913737e-04  -1.8797348e-05
   6.7000000e-01   8.9306798e+00   4.4936514e-01   6.6243629e-02   6.3503641e-03  -6.2978035e-02   9.5336929e-01  -6.9605950e-06  -3.1230067e-04   3.5676671e-01   1.0001209e-01  -1.2007724e-04   2.2117885e-05
   6.7250000e-01   8.9514510e+00   3.8058151e-01   6.6567925e-02   6.6243575e-03  -1.5309603e-02   9.5828622e-01  -2.2575618e-05  -3.0866076e-04   3.6176732e-01  -2.6766625e-02  -1.1897135e-04   6.3188608e-05
   6.7500000e-01   8.9686158e+00   3.1047426e-01   6.6906450e-02   6.8982932e-03   3.2604674e-02   9.4639683e-01  -3.8008645e-05  -2.9956599e-04   3.6042899e-01  -1.5316118e-01  -1.1581192e-04   1.0368208e-04
   6.7750000e-01   8.9825090e+00   2.3925693e-01   6.7257651e-02   7.1719230e-03   7.9924482e-02   9.1788017e-01  -5.2986934e-05  -2.8510477e-04   3.5277093e-01  -2.7694725e-01  -1.1062782e-04   1.4286570e-04
   6.8000000e-01   8.9925869e+00   1.6685313e-01   6.7623372e-02   7.4448943e-03   1.2581846e-01   8.7320982e-01  -6.7242162e-05  -2.6546552e-04   3.3892358e-01  -3.9593950e-01  -1.0348454e-04   1.8001890e-04
   6.8250000e-01   8.9991130e+00   9.3446281e-02   6.8002371e-02   7.7169702e-03   1.6947892e-01   8.1314668e-01  -8.0515429e-05  -2.4093459e-04   3.1912662e-01  -5.0803147e-01  -9.4483599e-05   2.1444873e-04
   6.8500000e-01   9.0019442e+00   1.9103598e-02   6.8394943e-02   7.9878156e-03   2.1013622e-01   7.3872668e-01  -9.2562150e-05  -2.1189259e-04   2.9372506e-01  -6.1123304e-01  -8.3761170e-05   2.4550246e-04
   6.8750000e-01   9.0010020e+00  -5.6088443e-02   6.8801150e-02   8.2571094e-03   2.4707253e-01   6.5124341e-01  -1.0315677e-04  -1.7880871e-04   2.6316343e-01  -7.0370653e-01  -7.1486056e-05   2.7258080e-04
   6.9000000e-01   8.9963318e+00  -1.3200632e-01   6.9220595e-02   8.5245566e-03   2.7963468e-01   5.5222594e-01  -1.1209720e-04  -1.4223305e-04   2.2797813e-01  -7.8380024e-01  -5.7857025e-05   2.9515039e-04
   6.9250000e-01   8.9878001e+00  -2.0856501e-01   6.9653534e-02   8.7897839e-03   3.0724596e-01   4.4341245e-01  -1.1920885e-04  -1.0278755e-04   1.8878815e-01  -8.5007866e-01  -4.3099516e-05   3.1275459e-04
   6.9500000e-01   8.9754529e+00  -2.8563647e-01   7.0099579e-02   9.0524847e-03   3.2941656e-01   3.2671968e-01  -1.2434822e-04  -6.1154927e-05   1.4628424e-01  -9.0134910e-01  -2.7461797e-05   3.2502370e-04
   6.9750000e-01   8.9592575e+00  -3.6311195e-01   7.0558640e-02   9.3123247e-03   3.4575254e-01   2.0420916e-01  -1.2740597e-04  -1.8066483e-05   1.0121682e-01  -9.3668393e-01  -1.1210624e-05   3.3168309e-04
   7.0000000e-01   8.9391124e+00  -4.4087210e-01   7.1030836e-02   9.5688688e-03   3.5596299e-01   7.8050743e-02  -1.2830929e-04   2.5711051e-05   5.4382655e-02  -9.5543816e-01   5.3735190e-06   3.3255977e-04
   7.0250000e-01   8.9151807e+00  -5.1878912e-01   7.1515430e-02   9.8219320e-03   3.5986552e-01  -4.9516555e-02  -1.2702374e-04   6.9390582e-05   6.6107809e-03  -9.5726202e-01   2.2001496e-05   3.2758719e-04
   7.0500000e-01   8.8872285e+00  -5.9673593e-01   7.2012971e-02   1.0070920e-02   3.5738970e-01  -1.7622416e-01  -1.2355421e-04   1.1217854e-04  -4.1252286e-02  -9.4210808e-01   3.8380844e-05   3.1680770e-04
   7.0750000e-01   8.8555014e+00  -6.7458831e-01   7.2522479e-02   1.0315743e-02   3.4857849e-01  -2.9981556e-01  -1.1794529e-04   1.5329154e-04  -8.8357657e-02  -9.1023295e-01   5.4221218e-05   3.0037301e-04
   7.1000000e-01   8.8197775e+00  -7.5219890e-01   7.3044449e-02   1.0555761e-02   3.3358773e-01  -4.1808647e-01  -1.1028072e-04   1.9197042e-04  -1.3386927e-01  -8.6219350e-01   6.9239858e-05   2.7854257e-04
   7.1250000e-01   8.7802612e+00  -8.2945009e-01   7.3578056e-02   1.0790857e-02   3.1268342e-01  -5.2892549e-01  -1.0068220e-04   2.2749652e-04  -1.7697892e-01  -7.9883735e-01   8.3166977e-05   2.5167935e-04
   7.1500000e-01   8.7368982e+00  -9.0619470e-01   7.4123271e-02   1.1020565e-02   2.8623716e-01  -6.3035224e-01  -8.9307386e-05   2.5920534e-04  -2.1692076e-01  -7.2128814e-01   9.5750935e-05   2.2024393e-04
   7.1750000e-01   8.6895480e+00  -9.8226433e-01   7.4680317e-02   1.1244266e-02   2.5471957e-01  -7.2055347e-01  -7.6347128e-05   2.8649995e-04  -2.5298514e-01  -6.3092590e-01   1.0676312e-04   1.8478660e-04
   7.2000000e-01   8.6386669e+00  -1.0576012e+00   7.5247663e-02   1.1462268e-02   2.1869192e-01  -7.9791698e-01  -6.2022140e-05   3.0886464e-04  -2.8453141e-01  -5.2936164e-01   1.1600245e-04   1.4593599e-04
   7.2250000e-01   8.5838822e+00  -1.1319737e+00   7.5826200e-02   1.1673533e-02   1.7879610e-01  -8.6106025e-01  -4.6578919e-05   3.2587376e-04  -3.1099947e-01  -4.1840933e-01   1.2329924e-04   1.0438907e-04
   7.2500000e-01   8.5255853e+00  -1.2053390e+00   7.6414635e-02   1.1878341e-02   1.3574312e-01  -9.0885666e-01  -3.0285243e-05   3.3720225e-04  -3.3191993e-01  -3.0005210e-01   1.2851869e-04   6.0895881e-05
   7.2750000e-01   8.4633816e+00  -1.2774096e+00   7.7013865e-02   1.2075467e-02   9.0300320e-02  -9.4045558e-01  -1.3425142e-05   3.4263143e-04  -3.4692252e-01  -1.7640744e-01   1.3156348e-04   1.6247330e-05
   7.3000000e-01   8.3977954e+00  -1.3482054e+00   7.7622258e-02   1.2265502e-02   4.3277574e-02  -9.5529860e-01   3.7064174e-06   3.4205499e-04  -3.5574289e-01  -4.9687143e-02   1.3237585e-04  -2.8743302e-05
   7.3250000e-01   8.3286607e+00  -1.4175086e+00   7.8240083e-02   1.2447649e-02  -4.4873226e-03  -9.5312941e-01   2.0809155e-05   3.3548072e-04  -3.5822724e-01   7.7841860e-02   1.3093869e-04  -7.3254157e-05
   7.3500000e-01   8.2560225e+00  -1.4851588e+00   7.8867011e-02   1.2621487e-02  -5.2143759e-02  -9.3399852e-01   3.7583179e-05   3.2303099e-04  -3.5433515e-01   2.0389924e-01   1.2727598e-04  -1.1647185e-04
   7.3750000e-01   8.1801524e+00  -1.5511228e+00   7.9502151e-02   1.2787189e-02  -9.8843652e-02  -8.9826220e-01   5.3734718e-05   3.0494034e-04  -3.4414020e-01   3.2623334e-01   1.2145239e-04  -1.5760863e-04
   7.4000000e-01   8.1010433e+00  -1.6152326e+00   8.0145333e-02   1.2944253e-02  -1.4375673e-01  -8.4657568e-01   6.8981724e-05   2.8155090e-04  -3.2782854e-01   4.4266177e-01   1.1357197e-04  -1.9591708e-04
   7.4250000e-01   8.0186368e+00  -1.6772594e+00   8.0796479e-02   1.3091943e-02  -1.8608549e-01  -7.7988106e-01   8.3059259e-05   2.5330586e-04  -3.0569547e-01   5.5111106e-01   1.0377612e-04  -2.3070491e-04
   7.4500000e-01   7.9332685e+00  -1.7372357e+00   8.1454575e-02   1.3230678e-02  -2.2507951e-01  -6.9938926e-01   9.5724543e-05   2.2073969e-04  -2.7813993e-01   6.4965514e-01   9.2240881e-05  -2.6135028e-04
   7.4750000e-01   7.8450380e+00  -1.7950618e+00   8.2119195e-02   1.3360251e-02  -2.6004895e-01  -6.0655757e-01   1.0676152e-04   1.8446743e-04  -2.4565720e-01   7.3654975e-01   7.9173376e-05  -2.8731316e-04
   7.5000000e-01   7.7538286e+00  -1.8504447e+00   8.2790367e-02   1.3479665e-02  -2.9037681e-01  -5.0306292e-01   1.1598488e-04   1.4517286e-04  -2.0882974e-01   8.1026360e-01   6.4807728e-05  -3.0814535e-04
   7.5250000e-01   7.6599382e+00  -1.9034236e+00   8.3467201e-02   1.3589309e-02  -3.1552993e-01  -3.9077003e-01   1.2324352e-04   1.0359311e-04  -1.6831659e-01   8.6950641e-01   4.9400471e-05  -3.2350037e-04
   7.5500000e-01   7.5635525e+00  -1.9539815e+00   8.4149089e-02   1.3689293e-02  -3.3506842e-01  -2.7169697e-01   1.2842317e-04   6.0503699e-05  -1.2484130e-01   9.1325150e-01   3.3225463e-05  -3.3313940e-04
   7.5750000e-01   7.4646141e+00  -2.0018481e+00   8.4835893e-02   1.3778727e-02  -3.4865326e-01  -1.4797840e-01   1.3144836e-04   1.6703632e-05  -7.9178755e-02   9.4075342e-01   1.6568505e-05  -3.3693493e-04
   7.6000000e-01   7.3633524e+00  -2.0470380e+00   8.5526898e-02   1.3857848e-02  -3.5605218e-01  -2.1825633e-02   1.3228354e-04  -2.7002107e-05  -3.2141117e-02   9.5156078e-01  -2.7822965e-07  -3.3487304e-04
   7.6250000e-01   7.2600177e+00  -2.0896449e+00   8.6221414e-02   1.3927150e-02  -3.5714346e-01   1.0451401e-01   1.3093343e-04  -6.9819129e-05   1.5436889e-02   9.4552315e-01  -1.7021870e-05  -3.2705238e-04
   7.6500000e-01   7.1544212e+00  -2.1291639e+00   8.6919426e-02   1.3984880e-02  -3.5191776e-01   2.2879709e-01   1.2744248e-04  -1.1097739e-04   6.2713013e-02   9.2279249e-01  -3.3374477e-05  -3.1368113e-04
   7.6750000e-01   7.0470945e+00  -2.1660999e+00   8.7619833e-02   1.4033048e-02  -3.4047791e-01   3.4882664e-01   1.2189361e-04  -1.4975014e-04   1.0885260e-01   8.8381884e-01  -4.9058522e-05  -2.9507123e-04
   7.7000000e-01   6.9378865e+00  -2.1999587e+00   8.8322498e-02   1.4069948e-02  -3.2303659e-01   4.6248998e-01   1.1440611e-04  -1.8546467e-04   1.5304352e-01   8.2934081e-01  -6.3812074e-05  -2.7163128e-04
   7.7250000e-01   6.8271393e+00  -2.2310484e+00   8.9026679e-02   1.4096810e-02  -2.9991211e-01   5.6779775e-01   1.0513289e-04  -2.1751763e-04   1.9451053e-01   7.6037032e-01  -7.7393628e-05  -2.4385619e-04
   7.7500000e-01   6.7148356e+00  -2.2590261e+00   8.9731975e-02   1.4112495e-02  -2.7152224e-01   6.6291829e-01   9.4257012e-05  -2.4538450e-04   2.3252902e-01   6.7817304e-01  -8.9586429e-05  -2.1231671e-04
   7.7750000e-01   6.6013036e+00  -2.2842762e+00   9.0437780e-02   1.4118462e-02  -2.3837635e-01   7.4621045e-01   8.1987795e-05  -2.6863051e-04   2.6643764e-01   5.8424346e-01  -1.0020226e-04  -1.7764547e-04
   7.8000000e-01   6.4864804e+00  -2.3062844e+00   9.1143599e-02   1.4112966e-02  -2.0106586e-01   8.1625108e-01   6.8556280e-05  -2.8691615e-04   2.9564980e-01   4.8027717e-01  -1.0908452e-04  -1.4052469e-04
   7.8250000e-01   6.3706831e+00  -2.3254809e+00   9.1848910e-02   1.4097597e-02  -1.6025333e-01   8.7185983e-01   5.4210482e-05  -3.0000388e-04   3.1966364e-01   3.6813820e-01  -1.1611075e-04  -1.0166969e-04
   7.8500000e-01   6.2540115e+00  -2.3417849e+00   9.2553233e-02   1.4072126e-02  -1.1666037e-01   9.1211809e-01   3.9210299e-05  -3.0775998e-04   3.3807054e-01   2.4982477e-01  -1.2119423e-04  -6.1814781e-05
   7.8750000e-01   6.1365579e+00  -2.3549819e+00   9.3255915e-02   1.4035865e-02  -7.1054498e-02   9.3638347e-01   2.3822310e-05  -3.1015513e-04   3.5056177e-01   1.2743270e-01  -1.2428497e-04  -2.1698171e-05
   7.9000000e-01   6.0185381e+00  -2.3653844e+00   9.3956602e-02   1.3989941e-02  -2.4235357e-02   9.4429920e-01   8.3145647e-06  -3.0726296e-04   3.5693340e-01   3.1167035e-03  -1.2536988e-04   1.7953868e-05
   7.9250000e-01   5.9000778e+00  -2.3730114e+00   9.4654836e-02   1.3934457e-02   2.2979570e-02   9.3579794e-01  -7.0485726e-06  -2.9925590e-04   3.5708923e-01  -1.2094810e-01  -1.2447219e-04   5.6440815e-05
   7.9500000e-01   5.7812930e+00  -2.3776790e+00   9.5349885e-02   1.3868812e-02   6.9769434e-02   9.1110059e-01  -2.2011357e-05  -2.8639932e-04   3.5104183e-01  -2.4260491e-01  -1.2165015e-04   9.3101193e-05
   7.9750000e-01   5.6623485e+00  -2.3796251e+00   9.6041446e-02   1.3793848e-02   1.1532443e-01   8.7070972e-01  -3.6331313e-05  -2.6904376e-04   3.3891159e-01  -3.5975348e-01  -1.1699509e-04   1.2732535e-04
   8.0000000e-01   5.5433726e+00  -2.3789578e+00   9.6729156e-02   1.3709952e-02   1.5885989e-01   8.1539817e-01  -4.9783491e-05  -2.4761553e-04   3.2092393e-01  -4.7038657e-01  -1.1062883e-04   1.5856605e-04
   8.0250000e-01   5.4244966e+00  -2.3756154e+00   9.7412370e-02   1.3616927e-02   1.9962977e-01   7.4619288e-01  -6.2164259e-05  -2.2260611e-04   2.9740462e-01  -5.7262428e-01  -1.0270053e-04   1.8634758e-04
   8.0500000e-01   5.3058606e+00  -2.3696696e+00   9.8090597e-02   1.3515023e-02   2.3693938e-01   6.6435439e-01  -7.3294557e-05  -1.9456024e-04   2.6877343e-01  -6.6474589e-01  -9.3383159e-05   2.1027329e-04
   8.0750000e-01   5.1875681e+00  -2.3613480e+00   9.8763729e-02   1.3405018e-02   2.7015708e-01   5.7135253e-01  -8.3022562e-05  -1.6406354e-04   2.3553616e-01  -7.4521828e-01  -8.2869502e-05   2.3003098e-04
   8.1000000e-01   5.0697607e+00  -2.3505891e+00   9.9431040e-02   1.3286701e-02   2.9872469e-01   4.6883862e-01  -9.1225734e-05  -1.3172943e-04   1.9827527e-01  -8.1272076e-01  -7.1367961e-05   2.4539651e-04
   8.1250000e-01   4.9525636e+00  -2.3374961e+00   1.0009212e-01   1.3160412e-02   3.2216660e-01   3.5861497e-01  -9.7812200e-05  -9.8185984e-05   1.5763926e-01  -8.6616575e-01  -5.9098144e-05   2.5623527e-04
   8.1500000e-01   4.8360239e+00  -2.3223434e+00   1.0074714e-01   1.3027079e-02   3.4009734e-01   2.4260220e-01  -1.0272150e-04  -6.4063294e-05   1.1433100e-01  -9.0471512e-01  -4.6286390e-05   2.6250168e-04
   8.1750000e-01   4.7203748e+00  -2.3048935e+00   1.0139466e-01   1.2885871e-02   3.5222744e-01   1.2280453e-01  -1.0592466e-04  -2.9980192e-05   6.9095277e-02  -9.2779201e-01  -3.3161315e-05   2.6423724e-04
   8.2000000e-01   4.6055576e+00  -2.2856272e+00   1.0203565e-01   1.2738416e-02   3.5836766e-01   1.2750329e-03  -1.0742367e-04   3.4664058e-06   2.2705709e-02  -9.3508779e-01  -1.9949462e-05   2.6156616e-04
   8.2250000e-01   4.4918630e+00  -2.2642631e+00   1.0266829e-01   1.2583719e-02   3.5843141e-01  -1.1992079e-01  -1.0725035e-04   3.5713945e-05  -2.4048648e-02  -9.2656442e-01  -6.8711629e-06   2.5469005e-04
   8.2500000e-01   4.3791942e+00  -2.2412415e+00   1.0329366e-01   1.2423274e-02   3.5243538e-01  -2.3873950e-01  -1.0546465e-04   6.6242200e-05  -7.0376836e-02  -9.0245208e-01   5.8633308e-06   2.4388089e-04
   8.2750000e-01   4.2677452e+00  -2.2164947e+00   1.0391068e-01   1.2256815e-02   3.4049841e-01  -3.5319481e-01  -1.0215254e-04   9.4583154e-05  -1.1549941e-01  -8.6324220e-01   1.8057367e-05   2.2947287e-04
   8.3000000e-01   4.1576037e+00  -2.1901269e+00   1.0451904e-01   1.2084668e-02   3.2283868e-01  -4.6139032e-01  -9.7423389e-05   1.2032752e-04  -1.5866149e-01  -8.0967615e-01   2.9531002e-05   2.1185332e-04
   8.3250000e-01   4.0487101e+00  -2.1623938e+00   1.0511934e-01   1.1907697e-02   2.9976918e-01  -5.6155011e-01  -9.1407017e-05   1.4312958e-04  -1.9914527e-01  -7.4273010e-01   4.0123661e-05   1.9145334e-04
   8.3500000e-01   3.9413850e+00  -2.1331523e+00   1.0570976e-01   1.1725350e-02   2.7169170e-01  -6.5204800e-01  -8.4250543e-05   1.6271295e-04  -2.3628175e-01  -6.6359540e-01   4.9696321e-05   1.6873650e-04
   8.3750000e-01   3.8354330e+00  -2.1027479e+00   1.0629168e-01   1.1538816e-02   2.3908932e-01  -7.3143189e-01  -7.6114901e-05   1.7887057e-04  -2.6946149e-01  -5.7365695e-01   5.8133140e-05   1.4419005e-04
   8.4000000e-01   3.7311258e+00  -2.0711174e+00   1.0686360e-01   1.1347818e-02   2.0251775e-01  -7.9844692e-01  -6.7171379e-05   1.9146761e-04  -2.9814432e-01  -4.7446705e-01   6.5342638e-05   1.1831275e-04
   8.4250000e-01   3.6283544e+00  -2.0384790e+00   1.0742630e-01   1.1153101e-02   1.6259543e-01  -8.5205325e-01  -5.7598005e-05   2.0043930e-04  -3.2186765e-01  -3.6771851e-01   7.1258271e-05   9.1606348e-05
   8.4500000e-01   3.5272856e+00  -2.0048646e+00   1.0797890e-01   1.0954728e-02   1.1999280e-01  -8.9144125e-01  -4.7576047e-05   2.0578984e-04  -3.4025357e-01  -2.5521439e-01   7.5838585e-05   6.4564523e-05
   8.4750000e-01   3.4279022e+00  -1.9704069e+00   1.0852160e-01   1.0753137e-02   7.5420770e-02  -9.1604189e-01  -3.7286562e-05   2.0758853e-04  -3.5301428e-01  -1.3883746e-01   7.9066809e-05   3.7664752e-05
   8.5000000e-01   3.3302348e+00  -1.9352086e+00   1.0905430e-01   1.0548660e-02   2.9618707e-02  -9.2553337e-01  -2.6907143e-05   2.0596546e-04  -3.5995615e-01  -2.0518346e-02   8.0950045e-05   1.1359766e-05
   8.5250000e-01   3.2344117e+00  -1.8993274e+00   1.0957631e-01   1.0341450e-02  -1.6657928e-02  -9.1984355e-01  -1.6608878e-05   2.0110605e-04  -3.6098206e-01   9.7796959e-02   8.1518033e-05  -1.3930452e-05
   8.5500000e-01   3.1402511e+00  -1.8629250e+00   1.1008875e-01   1.0132089e-02  -6.2650074e-02  -8.9914832e-01  -6.5535822e-06   1.9324485e-04  -3.5609222e-01   2.1417792e-01   8.0821511e-05  -3.7823048e-05
   8.5750000e-01   3.0481374e+00  -1.8259929e+00   1.1058943e-01   9.9204483e-03  -1.0760746e-01  -8.6386568e-01   3.1086537e-06   1.8265818e-04  -3.4538333e-01   3.2674243e-01   7.8930360e-05  -5.9981169e-05
   8.6000000e-01   2.9577510e+00  -1.7887022e+00   1.1108023e-01   9.7071762e-03  -1.5080071e-01  -8.1464664e-01   1.2241556e-05   1.6965752e-04  -3.2904622e-01   4.3368444e-01   7.5931304e-05  -8.0113542e-05
   8.6250000e-01   2.8691657e+00  -1.7511141e+00   1.1156073e-01   9.4924569e-03  -1.9153301e-01  -7.5236203e-01   2.0724426e-05   1.5458156e-04  -3.0736201e-01   5.3330347e-01   7.1925630e-05  -9.7980002e-05
   8.6500000e-01   2.7826500e+00  -1.7132783e+00   1.1202942e-01   9.2763882e-03  -2.2915109e-01  -6.7808551e-01   2.8453499e-05   1.3778741e-04  -2.8069686e-01   6.2403126e-01   6.7026633e-05  -1.1339428e-04
   8.6750000e-01   2.6979859e+00  -1.6753000e+00   1.1248753e-01   9.0593776e-03  -2.6305534e-01  -5.9307510e-01   3.5342864e-05   1.1964460e-04  -2.4949532e-01   7.0445396e-01   6.1356923e-05  -1.2622181e-04
   8.7000000e-01   2.6151466e+00  -1.6372472e+00   1.1293520e-01   8.8416610e-03  -2.9270908e-01  -4.9875084e-01   4.1325090e-05   1.0052716e-04  -2.1427264e-01   7.7333365e-01   5.5045837e-05  -1.3638059e-04
   8.7250000e-01   2.5341391e+00  -1.5991813e+00   1.1337239e-01   8.6234452e-03  -3.1764660e-01  -3.9667050e-01   4.6351444e-05   8.0806313e-05  -1.7560599e-01   8.2962625e-01   4.8226812e-05  -1.4384001e-04
   8.7500000e-01   2.4551936e+00  -1.5611740e+00   1.1379773e-01   8.4049187e-03  -3.3748011e-01  -2.8850262e-01   5.0391757e-05   6.0842287e-05  -1.3412471e-01   8.7249629e-01   4.1034817e-05  -1.4861913e-04
   8.7750000e-01   2.3781178e+00  -1.5232826e+00   1.1421231e-01   8.1863265e-03  -3.5190523e-01  -1.7600040e-01   5.3433869e-05   4.0980844e-05  -9.0499922e-02   9.0132721e-01   3.3603866e-05  -1.5078204e-04
   8.8000000e-01   2.3028376e+00  -1.4855545e+00   1.1461651e-01   7.9678531e-03  -3.6070525e-01  -6.0972884e-02   5.5482910e-05   2.1547266e-05  -4.5433593e-02   9.1572918e-01   2.6064769e-05  -1.5043480e-04
   8.8250000e-01   2.2295064e+00  -1.4480602e+00   1.1500940e-01   7.7497081e-03  -3.6375389e-01   5.4744743e-02   5.6560273e-05   2.8400187e-06   3.5283379e-04   9.1554306e-01   1.8543034e-05  -1.4772133e-04
   8.8500000e-01   2.1580806e+00  -1.4108477e+00   1.1539118e-01   7.5320738e-03  -3.6101665e-01   1.6931948e-01   5.6702274e-05  -1.4871779e-05   4.6129955e-02   9.0084043e-01   1.1156973e-05  -1.4281814e-04
   8.8750000e-01   2.0883806e+00  -1.3739344e+00   1.1576284e-01   7.3150609e-03  -3.5255068e-01   2.8094854e-01   5.5958685e-05  -3.1350464e-05   9.1171945e-02   8.7192041e-01   4.0160712e-06  -1.3592962e-04
   8.9000000e-01   2.0206572e+00  -1.3374136e+00   1.1612283e-01   7.0989428e-03  -3.3850327e-01   3.8788871e-01   5.4391163e-05  -4.6395259e-05   1.3476793e-01   8.2930255e-01  -2.7804048e-06  -1.2728206e-04
   8.9250000e-01   1.9547024e+00  -1.3012868e+00   1.1647233e-01   6.8837836e-03  -3.1910885e-01   4.8848112e-01   5.2071402e-05  -5.9840449e-05   1.7623303e-01   7.7371710e-01  -9.1445032e-06  -1.1711899e-04
   8.9500000e-01   1.8904399e+00  -1.2655731e+00   1.1681172e-01   6.6696794e-03  -2.9468481e-01   5.8117675e-01   4.9079381e-05  -7.1557198e-05   2.1491886e-01   7.0609184e-01  -1.5000449e-05  -1.0569587e-04
   8.9750000e-01   1.8281417e+00  -1.2303825e+00   1.1713929e-01   6.4569673e-03  -2.6562599e-01   6.6456036e-01   4.5501524e-05  -8.1455626e-05   2.5022343e-01   6.2753513e-01  -2.0285239e-05  -9.3273123e-05
   9.0000000e-01   1.7674642e+00  -1.1956581e+00   1.1745702e-01   6.2455388e-03  -2.3239800e-01   7.3736925e-01   4.1428746e-05  -8.9480377e-05   2.8160016e-01   5.3931867e-01  -2.4948891e-05  -8.0113954e-05
   9.0250000e-01   1.7085121e+00  -1.1614623e+00   1.1776420e-01   6.0356063e-03  -1.9552956e-01   7.9851276e-01   3.6954730e-05  -9.5612036e-05   3.0856608e-01   4.4285560e-01  -2.8954586e-05  -6.6477529e-05
   9.0500000e-01   1.6513414e+00  -1.1278461e+00   1.1806040e-01   5.8273567e-03  -1.5560395e-01   8.4708726e-01   3.2174131e-05  -9.9864715e-05   3.3070884e-01   3.3967761e-01  -3.2278460e-05  -5.2614649e-05
   9.0750000e-01   1.5957261e+00  -1.0947641e+00   1.1834692e-01   5.6206931e-03  -1.1324962e-01   8.8238797e-01   2.7180899e-05  -1.0228272e-04   3.4769271e-01   2.3141157e-01  -3.4909191e-05  -3.8765789e-05
   9.1000000e-01   1.5418143e+00  -1.0622960e+00   1.1862275e-01   5.4158902e-03  -6.9130248e-02   9.0391881e-01   2.2066767e-05  -1.0293907e-04   3.5926328e-01   1.1975264e-01  -3.6847479e-05  -2.5155045e-05
   9.1250000e-01   1.4895402e+00  -1.0304455e+00   1.1888820e-01   5.2129962e-03  -2.3934339e-02   9.1139796e-01   1.6919817e-05  -1.0193164e-04   3.6525091e-01   6.4386630e-03  -3.8105231e-05  -1.1988691e-05
   9.1500000e-01   1.4387512e+00  -9.9917813e-01   1.1914414e-01   5.0119362e-03   2.1635526e-02   9.0476060e-01   1.1823238e-05  -9.9380014e-05   3.6557284e-01  -1.0677619e-01  -3.8704665e-05   5.4650792e-07
   9.1750000e-01   1.3895652e+00  -9.6856412e-01   1.1938972e-01   4.8129663e-03   6.6873525e-02   8.8415842e-01   6.8542408e-06  -9.5422063e-05   3.6023403e-01  -2.1814926e-01  -3.8677339e-05   1.2287323e-05
   9.2000000e-01   1.3419379e+00  -9.3860852e-01   1.1962512e-01   4.6161382e-03   1.1108141e-01   8.4995563e-01   2.0831410e-06  -9.0210205e-05   3.4932658e-01  -3.2597503e-01  -3.8062974e-05   2.3094117e-05
   9.2250000e-01   1.2957207e+00  -9.0926796e-01   1.1985120e-01   4.4213424e-03   1.5357917e-01   8.0272226e-01  -2.4273661e-06  -8.3908205e-05   3.3302784e-01  -4.2861030e-01  -3.6908269e-05   3.2850906e-05
   9.2500000e-01   1.2509086e+00  -8.8055785e-01   1.2006790e-01   4.2286599e-03   1.9371525e-01   7.4322405e-01  -6.6227734e-06  -7.6687446e-05   3.1159734e-01  -5.2449916e-01  -3.5265724e-05   4.1466882e-05
   9.2750000e-01   1.2076618e+00  -8.5257077e-01   1.2027404e-01   4.0384394e-03   2.3087643e-01   6.7240915e-01  -1.0457143e-05  -6.8722547e-05   2.8537240e-01  -6.1219640e-01  -3.3192382e-05   4.8877319e-05
   9.3000000e-01   1.1657450e+00  -8.2521516e-01   1.2047108e-01   3.8504026e-03   2.6449686e-01   5.9139360e-01  -1.3893268e-05  -6.0189821e-05   2.5476260e-01  -6.9038720e-01  -3.0748518e-05   5.5040303e-05
   9.3250000e-01   1.1251241e+00  -7.9848894e-01   1.2065916e-01   3.6645718e-03   2.9406652e-01   5.0144316e-01  -1.6902757e-05  -5.1263512e-05   2.2024327e-01  -7.5790685e-01  -2.7996504e-05   5.9937335e-05
   9.3500000e-01   1.0857810e+00  -7.7239666e-01   1.2083831e-01   3.4809930e-03   3.1913866e-01   4.0395335e-01  -1.9465931e-05  -4.2112868e-05   1.8234795e-01  -8.1375746e-01  -2.4999640e-05   6.3572153e-05
   9.3750000e-01   1.0478690e+00  -7.4703063e-01   1.2100732e-01   3.3000334e-03   3.3933631e-01   3.0042711e-01  -2.1571573e-05  -3.2898262e-05   1.4166011e-01  -8.5712215e-01  -2.1821034e-05   6.5969678e-05
   9.4000000e-01   1.0111712e+00  -7.2229399e-01   1.2116761e-01   3.1213781e-03   3.5435766e-01   1.9245303e-01  -2.3216484e-05  -2.3771655e-05   9.8804028e-02  -8.8737557e-01  -1.8522553e-05   6.7172677e-05
   9.4250000e-01   9.7566958e-01  -6.9818865e-01   1.2131920e-01   2.9450654e-03   3.6398030e-01   8.1680441e-02  -2.4405066e-05  -1.4873350e-05   5.4435280e-02  -9.0409269e-01  -1.5163921e-05   6.7240714e-05
   9.4500000e-01   9.4133396e-01  -6.7470911e-01   1.2146221e-01   2.7711067e-03   3.6806432e-01  -3.0205493e-02  -2.5148733e-05  -6.3305089e-06   9.2306775e-03  -9.0705409e-01  -1.1801888e-05   6.6247944e-05
   9.4750000e-01   9.0815671e-01  -6.5186147e-01   1.2159659e-01   2.5995578e-03   3.6655405e-01  -1.4150923e-01  -2.5465259e-05   1.7442531e-06  -3.6121995e-02  -8.9624820e-01  -8.4894930e-06   6.4280852e-05
   9.5000000e-01   8.7609033e-01  -6.2962921e-01   1.2172257e-01   2.4303886e-03   3.5947859e-01  -2.5055000e-01  -2.5378046e-05   9.2534257e-06  -8.0934374e-02  -8.7187046e-01  -5.2754526e-06   6.1435932e-05
   9.5250000e-01   8.4511314e-01  -6.0800903e-01   1.2184021e-01   2.2636195e-03   3.4695110e-01  -3.5568690e-01  -2.4915375e-05   1.6115376e-05  -1.2452787e-01  -8.3431942e-01  -2.2036582e-06   5.7817387e-05
   9.5500000e-01   8.1528054e-01  -5.8704154e-01   1.2194895e-01   2.0994485e-03   3.2916677e-01  -4.5534343e-01  -2.4109607e-05   2.2265162e-05  -1.6624381e-01  -7.8418977e-01   6.8720912e-07   5.3534532e-05
   9.5750000e-01   7.8644416e-01  -5.6664973e-01   1.2204984e-01   1.9376030e-03   3.0639961e-01  -5.4802985e-01  -2.2996350e-05   2.7652891e-05  -2.0545327e-01  -7.2226293e-01   3.3639338e-06   4.8700259e-05
   9.6000000e-01   7.5861248e-01  -5.4684541e-01   1.2214270e-01   1.7781643e-03   2.7899814e-01  -6.3236557e-01  -2.1613706e-05   3.2244654e-05  -2.4156639e-01  -6.4949444e-01   5.7989451e-06   4.3428506e-05
   9.6250000e-01   7.3175638e-01  -5.2761810e-01   1.2222764e-01   1.6211238e-03   2.4737988e-01  -7.0709906e-01  -2.0001474e-05   3.6021673e-05  -2.7404109e-01  -5.6699917e-01   7.9703689e-06   3.7832416e-05
   9.6500000e-01   7.0585483e-01  -5.0896155e-01   1.2230473e-01   1.4664909e-03   2.1202496e-01  -7.7112596e-01  -1.8200392e-05   3.8979577e-05  -3.0239103e-01  -4.7603408e-01   9.8619884e-06   3.2022490e-05
   9.6750000e-01   6.8081196e-01  -4.9082317e-01   1.2237467e-01   1.3140732e-03   1.7346868e-01  -8.2350472e-01  -1.6251414e-05   4.1127126e-05  -3.2619272e-01  -3.7797935e-01   1.1463112e-05   2.6105510e-05
   9.7000000e-01   6.5676771e-01  -4.7329365e-01   1.2243614e-01   1.1643004e-03   1.3229348e-01  -8.6347046e-01  -1.4195060e-05   4.2486080e-05  -3.4509167e-01  -2.7431660e-01   1.2768386e-05   2.0181371e-05
   9.7250000e-01   6.3357047e-01  -4.5628568e-01   1.2249031e-01   1.0168316e-03   8.9119984e-02  -8.9044507e-01  -1.2070757e-05   4.3088727e-05  -3.5880749e-01  -1.6660770e-01   1.3777454e-05   1.4344008e-05
   9.7500000e-01   6.1119549e-01  -4.3978802e-01   1.2253729e-01   8.7165027e-04   4.4597762e-02  -9.0404544e-01  -9.9163223e-06   4.2977187e-05  -3.6713787e-01  -5.6470921e-02   1.4494654e-05   8.6794720e-06
   9.7750000e-01   5.8963144e-01  -4.2379745e-01   1.2257708e-01   7.2877608e-04  -6.0447809e-04  -9.0408851e-01  -7.7674644e-06   4.2202029e-05  -3.6996141e-01   5.4443229e-02   1.4928627e-05   3.2649855e-06
   9.8000000e-01   5.6881947e-01  -4.0828038e-01   1.2261010e-01   5.8808815e-04  -4.5808872e-02  -8.9059339e-01  -5.6573645e-06   4.0820846e-05  -3.6723925e-01   1.6447633e-01   1.5091876e-05  -1.8312759e-06
   9.8250000e-01   5.4874675e-01  -3.9323161e-01   1.2263637e-01   4.4959299e-04  -9.0338510e-02  -8.6378046e-01  -3.6163236e-06   3.8896878e-05  -3.5901544e-01   2.7198675e-01   1.5000313e-05  -6.5510072e-06
   9.8500000e-01   5.2939201e-01  -3.7864033e-01   1.2265600e-01   3.1327123e-04  -1.3352750e-01  -8.2406755e-01  -1.6714810e-06   3.6497577e-05  -3.4541612e-01   3.7537385e-01   1.4672763e-05  -1.0845940e-05
   9.8750000e-01   5.1084392e-01  -3.6456639e-01   1.2266802e-01   1.7945105e-04  -1.7473085e-01  -7.7206302e-01   1.5339650e-07   3.3692769e-05  -3.2664744e-01   4.7310191e-01   1.4130466e-05  -1.4678726e-05
   9.9000000e-01   4.9301337e-01  -3.5095555e-01   1.2267316e-01   4.7913627e-05  -2.1333398e-01  -7.0855652e-01   1.8380338e-06   3.0553826e-05  -3.0299236e-01   5.6372188e-01   1.3396530e-05  -1.8021326e-05
   9.9250000e-01   4.7581829e-01  -3.3775678e-01   1.2267210e-01  -8.1559261e-05  -2.4876178e-01  -6.3450699e-01   3.3657240e-06   2.7152636e-05  -2.7480628e-01   6.4589259e-01   1.2495465e-05  -2.0854899e-05
   9.9500000e-01   4.5924231e-01  -3.2496095e-01   1.2266493e-01  -2.0898402e-04  -2.8048710e-01  -5.5102802e-01   4.7233548e-06   2.3560224e-05  -2.4251168e-01   7.1840061e-01   1.1452720e-05  -2.3169943e-05
   9.9750000e-01   4.4326789e-01  -3.1255805e-01   1.2265172e-01  -3.3438218e-04  -3.0803848e-01  -4.5937103e-01   5.9013652e-06   1.9845680e-05  -2.0659167e-01   7.8017777e-01   1.0294224e-05  -2.4965758e-05
   1.0000000e+00   4.2787787e-01  -3.0053809e-01   1.2263257e-01  -4.5777560e-04  -3.3100702e-01  -3.6090658e-01   6.8936485e-06   1.6075198e-05  -1.6758281e-01   8.3031662e-01   9.0459370e-06  -2.6249833e-05
