   0.0000000e+00   4.2787787e-01  -3.0053809e-01   1.2263257e-01  -4.5777560e-04  -7.1773992e-01   1.1219671e-03  -1.7007284e-02  -2.5717975e-04   1.3624292e-01  -1.8478425e-03   4.2924141e-03   2.6970235e-05
   2.5000000e-03   4.1324398e-01  -2.8901554e-01   1.2260558e-01  -5.7850856e-04  -7.1768382e-01   3.1276397e-03  -1.7020143e-02  -2.6099913e-04   1.3615053e-01  -4.4628191e-03   4.2937627e-03   2.8058729e-05
   5.0000000e-03   3.9910284e-01  -2.7781823e-01   1.2257337e-01  -6.9746231e-04  -7.1752744e-01   4.9783141e-03  -1.7033193e-02  -2.6448402e-04   1.3592738e-01  -7.0224964e-03   4.2951656e-03   2.9074020e-05
   7.5000000e-03   3.8544471e-01  -2.6694008e-01   1.2253599e-01  -8.1465149e-04  -7.1727852e-01   6.6806000e-03  -1.7046417e-02  -2.6764916e-04   1.3557626e-01  -9.5278476e-03   4.2966193e-03   3.0018263e-05
   1.0000000e-02   3.7230350e-01  -2.5640402e-01   1.2249302e-01  -9.2992428e-04  -7.1694449e-01   8.2413729e-03  -1.7059800e-02  -2.7050968e-04   1.3509987e-01  -1.1979976e-02   4.2981202e-03   3.0893814e-05
   1.2500000e-02   3.5981620e-01  -2.4630150e-01   1.2244282e-01  -1.0427090e-03  -7.1653243e-01   9.6686871e-03  -1.7073325e-02  -2.7308302e-04   1.3450087e-01  -1.4380282e-02   4.2996649e-03   3.1703572e-05
   1.5000000e-02   3.4779948e-01  -2.3651126e-01   1.2238731e-01  -1.1536584e-03  -7.1604899e-01   1.0968867e-02  -1.7086979e-02  -2.7538305e-04   1.3378186e-01  -1.6729896e-02   4.3012501e-03   3.2449847e-05
   1.7500000e-02   3.3608794e-01  -2.2692358e-01   1.2232834e-01  -1.2634145e-03  -7.1550055e-01   1.2146697e-02  -1.7100748e-02  -2.7742053e-04   1.3294536e-01  -1.9029717e-02   4.3028726e-03   3.3134438e-05
   2.0000000e-02   3.2510227e-01  -2.1781768e-01   1.2226095e-01  -1.3702507e-03  -7.1489321e-01   1.3210678e-02  -1.7114619e-02  -2.7921352e-04   1.3199388e-01  -2.1281401e-02   4.3045293e-03   3.3760615e-05
   2.2500000e-02   3.1438654e-01  -2.0889078e-01   1.2219036e-01  -1.4759724e-03  -7.1423268e-01   1.4165142e-02  -1.7128580e-02  -2.8077172e-04   1.3092981e-01  -2.3485862e-02   4.3062173e-03   3.4330120e-05
   2.5000000e-02   3.0415388e-01  -2.0028416e-01   1.2211403e-01  -1.5796926e-03  -7.1352442e-01   1.5016269e-02  -1.7142619e-02  -2.8210843e-04   1.2975552e-01  -2.5644410e-02   4.3079338e-03   3.4845442e-05
   2.7500000e-02   2.9439935e-01  -1.9199378e-01   1.2203186e-01  -1.6813734e-03  -7.1277361e-01   1.5770116e-02  -1.7156724e-02  -2.8323665e-04   1.2847330e-01  -2.7758362e-02   4.3096761e-03   3.5309057e-05
   3.0000000e-02   2.8489282e-01  -1.8386733e-01   1.2194665e-01  -1.7819912e-03  -7.1198511e-01   1.6430627e-02  -1.7170886e-02  -2.8416510e-04   1.2708538e-01  -2.9828686e-02   4.3114415e-03   3.5722696e-05
   3.2500000e-02   2.7594118e-01  -1.7610660e-01   1.2185451e-01  -1.8801777e-03  -7.1116358e-01   1.7004398e-02  -1.7185094e-02  -2.8490772e-04   1.2559395e-01  -3.1856861e-02   4.3132277e-03   3.6089086e-05
   3.5000000e-02   2.6735198e-01  -1.6858366e-01   1.2175773e-01  -1.9767358e-03  -7.1031336e-01   1.7496238e-02  -1.7199339e-02  -2.8547483e-04   1.2400110e-01  -3.3844067e-02   4.3150321e-03   3.6410315e-05
   3.7500000e-02   2.5907919e-01  -1.6126779e-01   1.2165686e-01  -2.0718563e-03  -7.0943855e-01   1.7910480e-02  -1.7213613e-02  -2.8587574e-04   1.2230890e-01  -3.5791419e-02   4.3168526e-03   3.6688322e-05
   4.0000000e-02   2.5115402e-01  -1.5417875e-01   1.2155146e-01  -2.1653787e-03  -7.0854302e-01   1.8251667e-02  -1.7227907e-02  -2.8612015e-04   1.2051933e-01  -3.7700092e-02   4.3186871e-03   3.6925129e-05
   4.2500000e-02   2.4367171e-01  -1.4737682e-01   1.2144015e-01  -2.2568188e-03  -7.0763044e-01   1.8525099e-02  -1.7242213e-02  -2.8621917e-04   1.1863433e-01  -3.9571403e-02   4.3205333e-03   3.7123022e-05
   4.5000000e-02   2.3647297e-01  -1.4075749e-01   1.2132499e-01  -2.3468997e-03  -7.0670418e-01   1.8734607e-02  -1.7256524e-02  -2.8618097e-04   1.1665576e-01  -4.1406427e-02   4.3223895e-03   3.7283775e-05
   4.7500000e-02   2.2955649e-01  -1.3431931e-01   1.2120598e-01  -2.4356167e-03  -7.0576746e-01   1.8883949e-02  -1.7270833e-02  -2.8601352e-04   1.1458544e-01  -4.3206238e-02   4.3242536e-03   3.7409139e-05
   5.0000000e-02   2.2300428e-01  -1.2811335e-01   1.2108192e-01  -2.5225454e-03  -7.0482326e-01   1.8977528e-02  -1.7285134e-02  -2.8572601e-04   1.1242513e-01  -4.4972024e-02   4.3261241e-03   3.7501073e-05
   5.2500000e-02   2.1678182e-01  -1.2211542e-01   1.2095319e-01  -2.6078214e-03  -7.0387438e-01   1.9019372e-02  -1.7299420e-02  -2.8532687e-04   1.1017653e-01  -4.6704911e-02   4.3279992e-03   3.7561393e-05
   5.5000000e-02   2.1081298e-01  -1.1627625e-01   1.2082083e-01  -2.6918097e-03  -7.0292341e-01   1.9012790e-02  -1.7313686e-02  -2.8482303e-04   1.0784129e-01  -4.8405910e-02   4.3298772e-03   3.7591666e-05
   5.7500000e-02   2.0509356e-01  -1.1059246e-01   1.2068487e-01  -2.7745214e-03  -7.0197278e-01   1.8960995e-02  -1.7327927e-02  -2.8422120e-04   1.0542099e-01  -5.0076021e-02   4.3317568e-03   3.7593423e-05
   6.0000000e-02   1.9974629e-01  -1.0513754e-01   1.2054346e-01  -2.8552933e-03  -7.0102473e-01   1.8868187e-02  -1.7342138e-02  -2.8353002e-04   1.0291719e-01  -5.1716389e-02   4.3336365e-03   3.7568469e-05
   6.2500000e-02   1.9463683e-01  -9.9826638e-02   1.2039849e-01  -2.9348024e-03  -7.0008132e-01   1.8737349e-02  -1.7356315e-02  -2.8275566e-04   1.0033137e-01  -5.3327966e-02   4.3355149e-03   3.7518214e-05
   6.5000000e-02   1.8974682e-01  -9.4647781e-02   1.2025022e-01  -3.0131381e-03  -6.9914445e-01   1.8571256e-02  -1.7370453e-02  -2.8190384e-04   9.7664978e-02  -5.4911671e-02   4.3373908e-03   3.7443985e-05
   6.7500000e-02   1.8513488e-01  -8.9634403e-02   1.2009772e-01  -3.0899702e-03  -6.9821589e-01   1.8373123e-02  -1.7384548e-02  -2.8098114e-04   9.4919397e-02  -5.6468476e-02   4.3392630e-03   3.7347210e-05
   7.0000000e-02   1.8080654e-01  -8.4786533e-02   1.1994085e-01  -3.1652425e-03  -6.9729723e-01   1.8146152e-02  -1.7398597e-02  -2.7999407e-04   9.2095975e-02  -5.7999341e-02   4.3411304e-03   3.7229281e-05
   7.2500000e-02   1.7667920e-01  -8.0054188e-02   1.1978083e-01  -3.2393967e-03  -6.9638993e-01   1.7892793e-02  -1.7412597e-02  -2.7894761e-04   8.9196010e-02  -5.9505108e-02   4.3429918e-03   3.7091348e-05
   7.5000000e-02   1.7274798e-01  -7.5433803e-02   1.1961774e-01  -3.3124546e-03  -6.9549529e-01   1.7615408e-02  -1.7426544e-02  -2.7784655e-04   8.6220757e-02  -6.0986599e-02   4.3448464e-03   3.6934514e-05
   7.7500000e-02   1.6913479e-01  -7.0990538e-02   1.1944958e-01  -3.3837072e-03  -6.9461452e-01   1.7317328e-02  -1.7440436e-02  -2.7669756e-04   8.3171429e-02  -6.2444743e-02   4.3466931e-03   3.6760095e-05
   8.0000000e-02   1.6569748e-01  -6.6642656e-02   1.1927858e-01  -3.4539479e-03  -6.9374865e-01   1.7000639e-02  -1.7454271e-02  -2.7550481e-04   8.0049194e-02  -6.3880298e-02   4.3485311e-03   3.6569053e-05
   8.2500000e-02   1.6243459e-01  -6.2388776e-02   1.1910476e-01  -3.5231820e-03  -6.9289862e-01   1.6667376e-02  -1.7468046e-02  -2.7427237e-04   7.6855181e-02  -6.5293999e-02   4.3503596e-03   3.6362309e-05
   8.5000000e-02   1.5944428e-01  -5.8278058e-02   1.1892648e-01  -3.5908261e-03  -6.9206525e-01   1.6320343e-02  -1.7481760e-02  -2.7300578e-04   7.3590484e-02  -6.6686655e-02   4.3521777e-03   3.6140926e-05
   8.7500000e-02   1.5664546e-01  -5.4264500e-02   1.1874503e-01  -3.6573401e-03  -6.9124924e-01   1.5961621e-02  -1.7495410e-02  -2.7170914e-04   7.0256153e-02  -6.8058973e-02   4.3539847e-03   3.5905761e-05
   9.0000000e-02   1.5400466e-01  -5.0330026e-02   1.1856096e-01  -3.7229179e-03  -6.9045116e-01   1.5592977e-02  -1.7508996e-02  -2.7038590e-04   6.6853207e-02  -6.9411607e-02   4.3557800e-03   3.5657569e-05
   9.2500000e-02   1.5158871e-01  -4.6505362e-02   1.1837313e-01  -3.7871549e-03  -6.8967151e-01   1.5216689e-02  -1.7522515e-02  -2.6904051e-04   6.3382629e-02  -7.0745246e-02   4.3575629e-03   3.5397173e-05
   9.5000000e-02   1.4937815e-01  -4.2776805e-02   1.1818183e-01  -3.8501562e-03  -6.8891067e-01   1.4834830e-02  -1.7535967e-02  -2.6767696e-04   5.9845369e-02  -7.2060535e-02   4.3593327e-03   3.5125313e-05
   9.7500000e-02   1.4731450e-01  -3.9115281e-02   1.1798805e-01  -3.9122701e-03  -6.8816893e-01   1.4448958e-02  -1.7549351e-02  -2.6629825e-04   5.6242345e-02  -7.3358050e-02   4.3610890e-03   3.4842591e-05
   1.0000000e-01   1.4543557e-01  -3.5536191e-02   1.1779113e-01  -3.9732646e-03  -6.8744648e-01   1.4060905e-02  -1.7562666e-02  -2.6490787e-04   5.2574445e-02  -7.4638373e-02   4.3628311e-03   3.4549623e-05
   1.0250000e-01   1.4377643e-01  -3.2050112e-02   1.1759045e-01  -4.0329196e-03  -6.8674344e-01   1.3672751e-02  -1.7575911e-02  -2.6350979e-04   4.8842529e-02  -7.5902081e-02   4.3645586e-03   3.4247023e-05
   1.0500000e-01   1.4224804e-01  -2.8617119e-02   1.1738754e-01  -4.0917755e-03  -6.8605980e-01   1.3285816e-02  -1.7589087e-02  -2.6210647e-04   4.5047428e-02  -7.7149666e-02   4.3662710e-03   3.3935240e-05
   1.0750000e-01   1.4088258e-01  -2.5249074e-02   1.1718183e-01  -4.1496347e-03  -6.8539551e-01   1.2901654e-02  -1.7602192e-02  -2.6070078e-04   4.1189947e-02  -7.8381620e-02   4.3679677e-03   3.3614726e-05
   1.1000000e-01   1.3973242e-01  -2.1961265e-02   1.1697241e-01  -4.2061740e-03  -6.8475043e-01   1.2522205e-02  -1.7615227e-02  -2.5929640e-04   3.7270869e-02  -7.9598434e-02   4.3696485e-03   3.3285939e-05
   1.1250000e-01   1.3870614e-01  -1.8717131e-02   1.1676087e-01  -4.2619539e-03  -6.8412432e-01   1.2148641e-02  -1.7628192e-02  -2.5789542e-04   3.3290950e-02  -8.0800525e-02   4.3713128e-03   3.2949196e-05
   1.1500000e-01   1.3782863e-01  -1.5524404e-02   1.1654677e-01  -4.3168218e-03  -6.8351689e-01   1.1782310e-02  -1.7641087e-02  -2.5650029e-04   2.9250927e-02  -8.1988300e-02   4.3729602e-03   3.2604804e-05
   1.1750000e-01   1.3716456e-01  -1.2399342e-02   1.1632901e-01  -4.3703842e-03  -6.8292777e-01   1.1425044e-02  -1.7653912e-02  -2.5511441e-04   2.5151514e-02  -8.3162164e-02   4.3745905e-03   3.2253069e-05
   1.2000000e-01   1.3660947e-01  -9.3063421e-03   1.1610938e-01  -4.4232822e-03  -6.8235652e-01   1.1077815e-02  -1.7666667e-02  -2.5373943e-04   2.0993409e-02  -8.4322456e-02   4.3762031e-03   3.1894178e-05
   1.2250000e-01   1.3620856e-01  -6.2576179e-03   1.1588711e-01  -4.4752414e-03  -6.8180263e-01   1.0741928e-02  -1.7679354e-02  -2.5237768e-04   1.6777289e-02  -8.5469507e-02   4.3777978e-03   3.1528311e-05
   1.2500000e-01   1.3599595e-01  -3.2571141e-03   1.1566165e-01  -4.5260616e-03  -6.8126554e-01   1.0418934e-02  -1.7691973e-02  -2.5103197e-04   1.2503817e-02  -8.6603628e-02   4.3793742e-03   3.1155617e-05
   1.2750000e-01   1.3588878e-01  -2.8166710e-04   1.1543441e-01  -4.5762475e-03  -6.8074459e-01   1.0109702e-02  -1.7704525e-02  -2.4970371e-04   8.1736386e-03  -8.7725085e-02   4.3809320e-03   3.0776169e-05
   1.3000000e-01   1.3594899e-01   2.6562525e-03   1.1520435e-01  -4.6254305e-03  -6.8023910e-01   9.8155661e-03  -1.7717010e-02  -2.4839525e-04   3.7873875e-03  -8.8834131e-02   4.3824708e-03   3.0390021e-05
   1.3250000e-01   1.3617604e-01   5.5622644e-03   1.1497152e-01  -4.6736256e-03  -6.7974833e-01   9.5378324e-03  -1.7729430e-02  -2.4710888e-04  -6.5431596e-04  -8.9930991e-02   4.3839903e-03   2.9997182e-05
   1.3500000e-01   1.3649203e-01   8.4521406e-03   1.1473721e-01  -4.7212964e-03  -6.7927144e-01   9.2771724e-03  -1.7741785e-02  -2.4584560e-04  -5.1508623e-03  -9.1015857e-02   4.3854902e-03   2.9597613e-05
   1.3750000e-01   1.3701431e-01   1.1309559e-02   1.1449952e-01  -4.7677636e-03  -6.7880758e-01   9.0351564e-03  -1.7754077e-02  -2.4460820e-04  -9.7016520e-03  -9.2088900e-02   4.3869701e-03   2.9191239e-05
   1.4000000e-01   1.3765056e-01   1.4153001e-02   1.1425999e-01  -4.8135778e-03  -6.7835582e-01   8.8126078e-03  -1.7766308e-02  -2.4339797e-04  -1.4306094e-02  -9.3150264e-02   4.3884296e-03   2.8777947e-05
   1.4250000e-01   1.3840230e-01   1.6982279e-02   1.1401860e-01  -4.8587301e-03  -6.7791519e-01   8.6103444e-03  -1.7778478e-02  -2.4221617e-04  -1.8963604e-02  -9.4200068e-02   4.3898685e-03   2.8357589e-05
   1.4500000e-01   1.3935477e-01   1.9793913e-02   1.1377404e-01  -4.9027553e-03  -6.7748467e-01   8.4298257e-03  -1.7790588e-02  -2.4106535e-04  -2.3673604e-02  -9.5238395e-02   4.3912864e-03   2.7929956e-05
   1.4750000e-01   1.4039665e-01   2.2599901e-02   1.1352809e-01  -4.9462869e-03  -6.7706318e-01   8.2716246e-03  -1.7802642e-02  -2.3994628e-04  -2.8435520e-02  -9.6265319e-02   4.3926829e-03   2.7494834e-05
   1.5000000e-01   1.4160962e-01   2.5396895e-02   1.1327951e-01  -4.9888807e-03  -6.7664960e-01   8.1369294e-03  -1.7814639e-02  -2.3886094e-04  -3.3248783e-02  -9.7280869e-02   4.3940576e-03   2.7051940e-05
   1.5250000e-01   1.4295399e-01   2.8191669e-02   1.1302895e-01  -5.0307735e-03  -6.7624275e-01   8.0266001e-03  -1.7826582e-02  -2.3781065e-04  -3.8112823e-02  -9.8285059e-02   4.3954102e-03   2.6600970e-05
   1.5500000e-01   1.4440750e-01   3.0984599e-02   1.1277675e-01  -5.0720841e-03  -6.7584142e-01   7.9413082e-03  -1.7838473e-02  -2.3679636e-04  -4.3027072e-02  -9.9277887e-02   4.3967403e-03   2.6141605e-05
   1.5750000e-01   1.4605937e-01   3.3781276e-02   1.1252167e-01  -5.1123689e-03  -6.7544436e-01   7.8823920e-03  -1.7850312e-02  -2.3582032e-04  -4.7990963e-02  -1.0025929e-01   4.3980474e-03   2.5673414e-05
   1.6000000e-01   1.4777827e-01   3.6580086e-02   1.1226562e-01  -5.1523114e-03  -6.7505024e-01   7.8501623e-03  -1.7862103e-02  -2.3488275e-04  -5.3003924e-02  -1.0122922e-01   4.3993310e-03   2.5196047e-05
   1.6250000e-01   1.4971366e-01   3.9390539e-02   1.1200652e-01  -5.1911715e-03  -6.7465773e-01   7.8460574e-03  -1.7873848e-02  -2.3398610e-04  -5.8065382e-02  -1.0218756e-01   4.4005908e-03   2.4708971e-05
   1.6500000e-01   1.5174624e-01   4.2209608e-02   1.1174611e-01  -5.2295639e-03  -6.7426543e-01   7.8705822e-03  -1.7885547e-02  -2.3313094e-04  -6.3174756e-02  -1.0313421e-01   4.4018263e-03   2.4211740e-05
   1.6750000e-01   1.5393662e-01   4.5042667e-02   1.1148356e-01  -5.2671968e-03  -6.7387190e-01   7.9246872e-03  -1.7897203e-02  -2.3231875e-04  -6.8331463e-02  -1.0406901e-01   4.4030369e-03   2.3703808e-05
   1.7000000e-01   1.5625852e-01   4.7891931e-02   1.1121929e-01  -5.3042229e-03  -6.7347567e-01   8.0091047e-03  -1.7908819e-02  -2.3155055e-04  -7.3534910e-02  -1.0499178e-01   4.4042221e-03   2.3184621e-05
   1.7250000e-01   1.5871862e-01   5.0758225e-02   1.1095324e-01  -5.3406115e-03  -6.7307521e-01   8.1245996e-03  -1.7920397e-02  -2.3082742e-04  -7.8784495e-02  -1.0590233e-01   4.4053813e-03   2.2653586e-05
   1.7500000e-01   1.6134109e-01   5.3650038e-02   1.1068517e-01  -5.3762851e-03  -6.7266898e-01   8.2721016e-03  -1.7931938e-02  -2.3015076e-04  -8.4079608e-02  -1.0680042e-01   4.4065140e-03   2.2110036e-05
   1.7750000e-01   1.6407452e-01   5.6559287e-02   1.1041573e-01  -5.4114702e-03  -6.7225538e-01   8.4521328e-03  -1.7943446e-02  -2.2952118e-04  -8.9419626e-02  -1.0768582e-01   4.4076195e-03   2.1553355e-05
   1.8000000e-01   1.6700259e-01   5.9505363e-02   1.1014399e-01  -5.4458398e-03  -6.7183277e-01   8.6658282e-03  -1.7954922e-02  -2.2894047e-04  -9.4803913e-02  -1.0855819e-01   4.4086971e-03   2.0982745e-05
   1.8250000e-01   1.7001387e-01   6.2467182e-02   1.0987127e-01  -5.4798607e-03  -6.7139948e-01   8.9134650e-03  -1.7966369e-02  -2.2840873e-04  -1.0023182e-01  -1.0941729e-01   4.4097463e-03   2.0397581e-05
   1.8500000e-01   1.7325932e-01   6.5480444e-02   1.0959593e-01  -5.5129513e-03  -6.7095381e-01   9.1964350e-03  -1.7977789e-02  -2.2792826e-04  -1.0570268e-01  -1.1026269e-01   4.4107661e-03   1.9796909e-05
   1.8750000e-01   1.7656077e-01   6.8506009e-02   1.0931997e-01  -5.5458194e-03  -6.7049399e-01   9.5147744e-03  -1.7989186e-02  -2.2749866e-04  -1.1121581e-01  -1.1109412e-01   4.4117560e-03   1.9180106e-05
   1.9000000e-01   1.8011218e-01   7.1593680e-02   1.0904137e-01  -5.5777492e-03  -6.7001825e-01   9.8699517e-03  -1.8000561e-02  -2.2712240e-04  -1.1677051e-01  -1.1191107e-01   4.4127150e-03   1.8546099e-05
   1.9250000e-01   1.8371748e-01   7.4694739e-02   1.0876221e-01  -5.6094766e-03  -6.6952475e-01   1.0261950e-02  -1.8011917e-02  -2.2679896e-04  -1.2236606e-01  -1.1271322e-01   4.4136423e-03   1.7894225e-05
   1.9500000e-01   1.8758421e-01   7.7867794e-02   1.0848045e-01  -5.6402798e-03  -6.6901165e-01   1.0692280e-02  -1.8023257e-02  -2.2653085e-04  -1.2800172e-01  -1.1350001e-01   4.4145370e-03   1.7223295e-05
   1.9750000e-01   1.9150136e-01   8.1054734e-02   1.0819819e-01  -5.6709047e-03  -6.6847704e-01   1.1160861e-02  -1.8034583e-02  -2.2631745e-04  -1.3367672e-01  -1.1427107e-01   4.4153982e-03   1.6532613e-05
   2.0000000e-01   1.9569254e-01   8.4323887e-02   1.0791338e-01  -5.7006191e-03  -6.6791900e-01   1.1669250e-02  -1.8045899e-02  -2.2616135e-04  -1.3939026e-01  -1.1502573e-01   4.4162248e-03   1.5820870e-05
   2.0250000e-01   1.9993058e-01   8.7607098e-02   1.0762814e-01  -5.7301777e-03  -6.6733553e-01   1.2217301e-02  -1.8057207e-02  -2.2606178e-04  -1.4514155e-01  -1.1576362e-01   4.4170158e-03   1.5087339e-05
   2.0500000e-01   2.0445608e-01   9.0982969e-02   1.0734039e-01  -5.7588405e-03  -6.6672467e-01   1.2806621e-02  -1.8068510e-02  -2.2602144e-04  -1.5092972e-01  -1.1648398e-01   4.4177702e-03   1.4330586e-05
   2.0750000e-01   2.0902467e-01   9.4372732e-02   1.0705227e-01  -5.7873689e-03  -6.6608434e-01   1.3436994e-02  -1.8079811e-02  -2.2603940e-04  -1.5675392e-01  -1.1718638e-01   4.4184867e-03   1.3549858e-05
   2.1000000e-01   2.1389695e-01   9.7866495e-02   1.0676168e-01  -5.8150109e-03  -6.6541249e-01   1.4110096e-02  -1.8091113e-02  -2.2611849e-04  -1.6261323e-01  -1.1786999e-01   4.4191642e-03   1.2743583e-05
   2.1250000e-01   2.1880677e-01   1.0137311e-01   1.0647079e-01  -5.8425432e-03  -6.6470699e-01   1.4825625e-02  -1.8102419e-02  -2.2625761e-04  -1.6850673e-01  -1.1853435e-01   4.4198014e-03   1.1910994e-05
   2.1500000e-01   2.2403822e-01   1.0499567e-01   1.0617745e-01  -5.8691973e-03  -6.6396571e-01   1.5585333e-02  -1.8113732e-02  -2.2645974e-04  -1.7443344e-01  -1.1917851e-01   4.4203970e-03   1.1050369e-05
   2.1750000e-01   2.2930134e-01   1.0862964e-01   1.0588388e-01  -5.8957649e-03  -6.6318644e-01   1.6388829e-02  -1.8125055e-02  -2.2672358e-04  -1.8039236e-01  -1.1980201e-01   4.4209495e-03   1.0160934e-05
   2.2000000e-01   2.3490552e-01   1.1239200e-01   1.0558790e-01  -5.9214623e-03  -6.6236700e-01   1.7237948e-02  -1.8136391e-02  -2.2705228e-04  -1.8638246e-01  -1.2040378e-01   4.4214575e-03   9.2408105e-06
   2.2250000e-01   2.4053507e-01   1.1616392e-01   1.0529175e-01  -5.9470950e-03  -6.6150510e-01   1.8132202e-02  -1.8147744e-02  -2.2744435e-04  -1.9240264e-01  -1.2098333e-01   4.4219196e-03   8.2892218e-06
   2.2500000e-01   2.4652794e-01   1.2007776e-01   1.0499321e-01  -5.9718622e-03  -6.6059849e-01   1.9073526e-02  -1.8159116e-02  -2.2790312e-04  -1.9845181e-01  -1.2153949e-01   4.4223340e-03   7.3041168e-06
   2.2750000e-01   2.5253949e-01   1.2399889e-01   1.0469455e-01  -5.9965849e-03  -6.5964482e-01   2.0061328e-02  -1.8170511e-02  -2.2842689e-04  -2.0452878e-01  -1.2207175e-01   4.4226992e-03   6.2847267e-06
   2.3000000e-01   2.5893288e-01   1.2807391e-01   1.0439358e-01  -6.0204589e-03  -6.5864175e-01   2.1097611e-02  -1.8181932e-02  -2.2901914e-04  -2.1063236e-01  -1.2257883e-01   4.4230135e-03   5.2288371e-06
   2.3250000e-01   2.6534318e-01   1.3215575e-01   1.0409250e-01  -6.0442953e-03  -6.5758687e-01   2.2181713e-02  -1.8193383e-02  -2.2967802e-04  -2.1676130e-01  -1.2306017e-01   4.4232749e-03   4.1356735e-06
   2.3500000e-01   2.7215390e-01   1.3640326e-01   1.0378918e-01  -6.0673017e-03  -6.5647779e-01   2.3315697e-02  -1.8204867e-02  -2.3040711e-04  -2.2291430e-01  -1.2351441e-01   4.4234817e-03   3.0028556e-06
   2.3750000e-01   2.7897954e-01   1.4065696e-01   1.0348577e-01  -6.0902772e-03  -6.5531200e-01   2.4498825e-02  -1.8216388e-02  -2.3120441e-04  -2.2909002e-01  -1.2394095e-01   4.4236318e-03   1.8296096e-06
   2.4000000e-01   2.8622545e-01   1.4508843e-01   1.0318018e-01  -6.1124401e-03  -6.5408706e-01   2.5733224e-02  -1.8227948e-02  -2.3207365e-04  -2.3528706e-01  -1.2433831e-01   4.4237233e-03   6.1338154e-07
   2.4250000e-01   2.9348411e-01   1.4952529e-01   1.0287452e-01  -6.1345783e-03  -6.5280040e-01   2.7018075e-02  -1.8239551e-02  -2.3301265e-04  -2.4150397e-01  -1.2470587e-01   4.4237540e-03  -6.4659433e-07
   2.4500000e-01   3.0118138e-01   1.5415110e-01   1.0256676e-01  -6.1559249e-03  -6.5144950e-01   2.8355552e-02  -1.8251202e-02  -2.3402522e-04  -2.4773926e-01  -1.2504205e-01   4.4237217e-03  -1.9530406e-06
   2.4750000e-01   3.0889300e-01   1.5878311e-01   1.0225893e-01  -6.1772461e-03  -6.5003172e-01   2.9744774e-02  -1.8262903e-02  -2.3510908e-04  -2.5399136e-01  -1.2534619e-01   4.4236240e-03  -3.3067253e-06
   2.5000000e-01   3.1706620e-01   1.6361694e-01   1.0194906e-01  -6.1977891e-03  -6.4854448e-01   3.1187989e-02  -1.8274659e-02  -2.3626818e-04  -2.6025866e-01  -1.2561657e-01   4.4234587e-03  -4.7105623e-06
   2.5250000e-01   3.2525901e-01   1.6845945e-01   1.0163911e-01  -6.2183012e-03  -6.4698509e-01   3.2684276e-02  -1.8286472e-02  -2.3750016e-04  -2.6653949e-01  -1.2585251e-01   4.4232231e-03  -6.1653347e-06
   2.5500000e-01   3.3391844e-01   1.7350841e-01   1.0132726e-01  -6.2380773e-03  -6.4535087e-01   3.4235820e-02  -1.8298347e-02  -2.3880884e-04  -2.7283211e-01  -1.2605222e-01   4.4229149e-03  -7.6740584e-06
   2.5750000e-01   3.4261442e-01   1.7857370e-01   1.0101526e-01  -6.2577995e-03  -6.4363908e-01   3.5841736e-02  -1.8310288e-02  -2.4019194e-04  -2.7913472e-01  -1.2621493e-01   4.4225312e-03  -9.2375850e-06
   2.6000000e-01   3.5178183e-01   1.8384954e-01   1.0070150e-01  -6.2768255e-03  -6.4184700e-01   3.7504139e-02  -1.8322297e-02  -2.4165316e-04  -2.8544546e-01  -1.2633878e-01   4.4220693e-03  -1.0859024e-05
   2.6250000e-01   3.6100208e-01   1.8914913e-01   1.0038755e-01  -6.2957781e-03  -6.3997179e-01   3.9222167e-02  -1.8334380e-02  -2.4319024e-04  -2.9176239e-01  -1.2642296e-01   4.4215263e-03  -1.2539289e-05
   2.6500000e-01   3.7067963e-01   1.9465439e-01   1.0007202e-01  -6.3140963e-03  -6.3801069e-01   4.0997728e-02  -1.8346539e-02  -2.4480647e-04  -2.9808354e-01  -1.2646555e-01   4.4208994e-03  -1.4281472e-05
   2.6750000e-01   3.8050273e-01   2.0022541e-01   9.9756024e-02  -6.3322242e-03  -6.3596080e-01   4.2830503e-02  -1.8358780e-02  -2.4650071e-04  -3.0440681e-01  -1.2646549e-01   4.4201853e-03  -1.6086968e-05
   2.7000000e-01   3.9069135e-01   2.0596161e-01   9.9438857e-02  -6.3498743e-03  -6.3381928e-01   4.4721646e-02  -1.8371105e-02  -2.4827474e-04  -3.1073008e-01  -1.2642107e-01   4.4193810e-03  -1.7958398e-05
   2.7250000e-01   4.0112812e-01   2.1181029e-01   9.9120956e-02  -6.3672176e-03  -6.3158320e-01   4.6671440e-02  -1.8383518e-02  -2.5012861e-04  -3.1705113e-01  -1.2633089e-01   4.4184830e-03  -1.9897720e-05
   2.7500000e-01   4.1184929e-01   2.1778787e-01   9.8802213e-02  -6.3842093e-03  -6.2924963e-01   4.8680356e-02  -1.8396025e-02  -2.5206277e-04  -3.2336767e-01  -1.2619346e-01   4.4174882e-03  -2.1907095e-05
   2.7750000e-01   4.2292963e-01   2.2392851e-01   9.8482490e-02  -6.4007805e-03  -6.2681561e-01   5.0749319e-02  -1.8408628e-02  -2.5407856e-04  -3.2967734e-01  -1.2600702e-01   4.4163928e-03  -2.3989121e-05
   2.8000000e-01   4.3420576e-01   2.3015803e-01   9.8162232e-02  -6.4171224e-03  -6.2427815e-01   5.2878070e-02  -1.8421332e-02  -2.5617496e-04  -3.3597768e-01  -1.2577031e-01   4.4151933e-03  -2.6145409e-05
   2.8250000e-01   4.4596213e-01   2.3660561e-01   9.7840765e-02  -6.4329305e-03  -6.2163424e-01   5.5068224e-02  -1.8434141e-02  -2.5835470e-04  -3.4226619e-01  -1.2548118e-01   4.4138861e-03  -2.8379282e-05
   2.8500000e-01   4.5781884e-01   2.4309874e-01   9.7519045e-02  -6.4486271e-03  -6.1888083e-01   5.7318742e-02  -1.8447058e-02  -2.6061525e-04  -3.4854025e-01  -1.2513867e-01   4.4124671e-03  -3.0691716e-05
   2.8750000e-01   4.7028025e-01   2.4986613e-01   9.7195922e-02  -6.4636841e-03  -6.1601490e-01   5.9631934e-02  -1.8460089e-02  -2.6296073e-04  -3.5479718e-01  -1.2474020e-01   4.4109325e-03  -3.3086805e-05
   2.9000000e-01   4.8285176e-01   2.5668333e-01   9.6872565e-02  -6.4786301e-03  -6.1303330e-01   6.2006687e-02  -1.8473237e-02  -2.6538845e-04  -3.6103418e-01  -1.2428477e-01   4.4092782e-03  -3.5565508e-05
   2.9250000e-01   4.9594433e-01   2.6373630e-01   9.6548096e-02  -6.4930504e-03  -6.0993297e-01   6.4444585e-02  -1.8486507e-02  -2.6790111e-04  -3.6724842e-01  -1.2377005e-01   4.4074999e-03  -3.8131378e-05
   2.9500000e-01   5.0926544e-01   2.7089230e-01   9.6223179e-02  -6.5072502e-03  -6.0671075e-01   6.6945162e-02  -1.8499902e-02  -2.7049733e-04  -3.7343692e-01  -1.2319466e-01   4.4055933e-03  -4.0786047e-05
   2.9750000e-01   5.2301574e-01   2.7824181e-01   9.5897422e-02  -6.5210359e-03  -6.0336349e-01   6.9509220e-02  -1.8513426e-02  -2.7317828e-04  -3.7959664e-01  -1.2255656e-01   4.4035540e-03  -4.3532423e-05
   3.0000000e-01   5.3709976e-01   2.8574112e-01   9.5571063e-02  -6.5345121e-03  -5.9988803e-01   7.2136835e-02  -1.8527085e-02  -2.7594367e-04  -3.8572447e-01  -1.2185403e-01   4.4013774e-03  -4.6372740e-05
   3.0250000e-01   5.5149122e-01   2.9337843e-01   9.5244151e-02  -6.5477032e-03  -5.9628119e-01   7.4827830e-02  -1.8540883e-02  -2.7879274e-04  -3.9181717e-01  -1.2108545e-01   4.3990588e-03  -4.9309004e-05
   3.0500000e-01   5.6645594e-01   3.0127173e-01   9.4916286e-02  -6.5603813e-03  -5.9253980e-01   7.7583689e-02  -1.8554822e-02  -2.8172804e-04  -3.9787143e-01  -1.2024831e-01   4.3965933e-03  -5.2344984e-05
   3.0750000e-01   5.8167801e-01   3.0927942e-01   9.4588021e-02  -6.5728347e-03  -5.8866062e-01   8.0403715e-02  -1.8568909e-02  -2.8474779e-04  -4.0388385e-01  -1.1934116e-01   4.3939761e-03  -5.5482223e-05
   3.1000000e-01   5.9733395e-01   3.1747974e-01   9.4259090e-02  -6.5849118e-03  -5.8464044e-01   8.3288283e-02  -1.8583146e-02  -2.8785236e-04  -4.0985090e-01  -1.1836199e-01   4.3912020e-03  -5.8723419e-05
   3.1250000e-01   6.1347546e-01   3.2589423e-01   9.3929473e-02  -6.5965794e-03  -5.8047603e-01   8.6238002e-02  -1.8597539e-02  -2.9104259e-04  -4.1576899e-01  -1.1730861e-01   4.3882658e-03  -6.2071572e-05
   3.1500000e-01   6.2988424e-01   3.3442633e-01   9.3599487e-02  -6.6080235e-03  -5.7616413e-01   8.9251958e-02  -1.8612091e-02  -2.9431632e-04  -4.2163442e-01  -1.1617962e-01   4.3851622e-03  -6.5528050e-05
   3.1750000e-01   6.4686481e-01   3.4320885e-01   9.3268757e-02  -6.6189974e-03  -5.7170154e-01   9.2331114e-02  -1.8626806e-02  -2.9767513e-04  -4.2744340e-01  -1.1497257e-01   4.3818858e-03  -6.9096322e-05
   3.2000000e-01   6.6428575e-01   3.5218275e-01   9.2937498e-02  -6.6296171e-03  -5.6708498e-01   9.5475466e-02  -1.8641690e-02  -3.0111871e-04  -4.3319202e-01  -1.1368548e-01   4.3784310e-03  -7.2778817e-05
   3.2250000e-01   6.8206701e-01   3.6131273e-01   9.2605821e-02  -6.6399492e-03  -5.6231121e-01   9.8684386e-02  -1.8656746e-02  -3.0464549e-04  -4.3887629e-01  -1.1231674e-01   4.3747921e-03  -7.6577282e-05
   3.2500000e-01   7.0036245e-01   3.7066438e-01   9.2273575e-02  -6.6498752e-03  -5.5737700e-01   1.0195813e-01  -1.8671978e-02  -3.0825571e-04  -4.4449212e-01  -1.1086416e-01   4.3709632e-03  -8.0494488e-05
   3.2750000e-01   7.1919485e-01   3.8024552e-01   9.1940783e-02  -6.6593843e-03  -5.5227909e-01   1.0529696e-01  -1.8687391e-02  -3.1194965e-04  -4.5003533e-01  -1.0932554e-01   4.3669385e-03  -8.4533263e-05
   3.3000000e-01   7.3840514e-01   3.8998728e-01   9.1607625e-02  -6.6686022e-03  -5.4701425e-01   1.0870002e-01  -1.8702989e-02  -3.1572535e-04  -4.5550160e-01  -1.0769930e-01   4.3627118e-03  -8.8695120e-05
   3.3250000e-01   7.5807639e-01   3.9992425e-01   9.1274038e-02  -6.6774669e-03  -5.4157925e-01   1.1216687e-01  -1.8718775e-02  -3.1958172e-04  -4.6088656e-01  -1.0598362e-01   4.3582771e-03  -9.2982063e-05
   3.3500000e-01   7.7841251e-01   4.1014008e-01   9.0939882e-02  -6.6858279e-03  -5.3597091e-01   1.1569822e-01  -1.8734754e-02  -3.2351998e-04  -4.6618574e-01  -1.0417593e-01   4.3536280e-03  -9.7397506e-05
   3.3750000e-01   7.9920072e-01   4.2054372e-01   9.0605373e-02  -6.6938494e-03  -5.3018601e-01   1.1929329e-01  -1.8750930e-02  -3.2753841e-04  -4.7139453e-01  -1.0227455e-01   4.3487581e-03  -1.0194308e-04
   3.4000000e-01   8.2044676e-01   4.3113662e-01   9.0270521e-02  -6.7015280e-03  -5.2422135e-01   1.2295123e-01  -1.8767307e-02  -3.3163519e-04  -4.7650826e-01  -1.0027785e-01   4.3436610e-03  -1.0662031e-04
   3.4250000e-01   8.4222798e-01   4.4194938e-01   8.9935289e-02  -6.7088075e-03  -5.1807379e-01   1.2667154e-01  -1.8783889e-02  -3.3580920e-04  -4.8152215e-01  -9.8183963e-02   4.3383300e-03  -1.1143113e-04
   3.4500000e-01   8.6466351e-01   4.5302796e-01   8.9599639e-02  -6.7156013e-03  -5.1174022e-01   1.3045431e-01  -1.8800679e-02  -3.4006053e-04  -4.8643134e-01  -9.5990624e-02   4.3327584e-03  -1.1637822e-04
   3.4750000e-01   8.8761538e-01   4.6431421e-01   8.9263687e-02  -6.7220127e-03  -5.0521751e-01   1.3429863e-01  -1.8817682e-02  -3.4438731e-04  -4.9123087e-01  -9.3696207e-02   4.3269395e-03  -1.2146299e-04
   3.5000000e-01   9.1108979e-01   4.7580912e-01   8.8927450e-02  -6.7280374e-03  -4.9850258e-01   1.3820351e-01  -1.8834901e-02  -3.4878751e-04  -4.9591568e-01  -9.1299146e-02   4.3208664e-03  -1.2668669e-04
   3.5250000e-01   9.3509478e-01   4.8751436e-01   8.8590941e-02  -6.7336697e-03  -4.9159241e-01   1.4216784e-01  -1.8852341e-02  -3.5325897e-04  -5.0048063e-01  -8.8797940e-02   4.3145320e-03  -1.3205043e-04
   3.5500000e-01   9.5982869e-01   4.9950512e-01   8.8254102e-02  -6.7387623e-03  -4.8448402e-01   1.4619158e-01  -1.8870004e-02  -3.5780162e-04  -5.0492052e-01  -8.6190404e-02   4.3079295e-03  -1.3755662e-04
   3.5750000e-01   9.8514093e-01   5.1171945e-01   8.7917034e-02  -6.7434257e-03  -4.7717445e-01   1.5027362e-01  -1.8887894e-02  -3.6241332e-04  -5.0923004e-01  -8.3475063e-02   4.3010517e-03  -1.4320626e-04
   3.6000000e-01   1.0110406e+00   5.2415873e-01   8.7579755e-02  -6.7476517e-03  -4.6966077e-01   1.5441275e-01  -1.8906014e-02  -3.6709176e-04  -5.1340379e-01  -8.0650523e-02   4.2938914e-03  -1.4900016e-04
   3.6250000e-01   1.0375335e+00   5.3682293e-01   8.7242285e-02  -6.7514348e-03  -4.6194014e-01   1.5860765e-01  -1.8924369e-02  -3.7183444e-04  -5.1743631e-01  -7.7715495e-02   4.2864414e-03  -1.5493888e-04
   3.6500000e-01   1.0646292e+00   5.4971343e-01   8.6904645e-02  -6.7547658e-03  -4.5400976e-01   1.6285690e-01  -1.8942961e-02  -3.7663872e-04  -5.2132209e-01  -7.4668781e-02   4.2786944e-03  -1.6102281e-04
   3.6750000e-01   1.0924812e+00   5.6288391e-01   8.6566827e-02  -6.7575260e-03  -4.4586692e-01   1.6715983e-01  -1.8961793e-02  -3.8150349e-04  -5.2505552e-01  -7.1508708e-02   4.2706433e-03  -1.6725324e-04
   3.7000000e-01   1.1209987e+00   5.7629694e-01   8.6228886e-02  -6.7597797e-03  -4.3750894e-01   1.7151506e-01  -1.8980868e-02  -3.8642624e-04  -5.2863096e-01  -6.8234119e-02   4.2622806e-03  -1.7363043e-04
   3.7250000e-01   1.1501714e+00   5.8994572e-01   8.5890849e-02  -6.7615309e-03  -4.2893319e-01   1.7592100e-01  -1.9000189e-02  -3.9140409e-04  -5.3204266e-01  -6.4844060e-02   4.2535991e-03  -1.8015421e-04
   3.7500000e-01   1.1800076e+00   6.0383017e-01   8.5552741e-02  -6.7627694e-03  -4.2013715e-01   1.8037593e-01  -1.9019759e-02  -3.9643396e-04  -5.3528486e-01  -6.1337707e-02   4.2445914e-03  -1.8682415e-04
   3.7750000e-01   1.2105181e+00   6.1795094e-01   8.5214584e-02  -6.7634822e-03  -4.1111836e-01   1.8487805e-01  -1.9039581e-02  -4.0151265e-04  -5.3835174e-01  -5.7714369e-02   4.2352502e-03  -1.9363953e-04
   3.8000000e-01   1.2417128e+00   6.3230827e-01   8.4876404e-02  -6.7636568e-03  -4.0187446e-01   1.8942544e-01  -1.9059657e-02  -4.0663677e-04  -5.4123746e-01  -5.3973498e-02   4.2255682e-03  -2.0059936e-04
   3.8250000e-01   1.2737037e+00   6.4693614e-01   8.4538230e-02  -6.7631977e-03  -3.9240320e-01   1.9401668e-01  -1.9079988e-02  -4.1180393e-04  -5.4393613e-01  -5.0114288e-02   4.2155383e-03  -2.0770313e-04
   3.8500000e-01   1.3064690e+00   6.6182208e-01   8.4200098e-02  -6.7621137e-03  -3.8270237e-01   1.9865002e-01  -1.9100579e-02  -4.1701119e-04  -5.4644185e-01  -4.6136227e-02   4.2051531e-03  -2.1494977e-04
   3.8750000e-01   1.3399668e+00   6.7694778e-01   8.3862035e-02  -6.7604306e-03  -3.7276987e-01   2.0332334e-01  -1.9121429e-02  -4.2225486e-04  -5.4874866e-01  -4.2039187e-02   4.1944057e-03  -2.2233742e-04
   3.9000000e-01   1.3742086e+00   6.9231271e-01   8.3524071e-02  -6.7581316e-03  -3.6260371e-01   2.0803438e-01  -1.9142542e-02  -4.2753108e-04  -5.5085061e-01  -3.7823217e-02   4.1832888e-03  -2.2986388e-04
   3.9250000e-01   1.4092011e+00   7.0791483e-01   8.3186233e-02  -6.7552028e-03  -3.5220200e-01   2.1278080e-01  -1.9163918e-02  -4.3283581e-04  -5.5274177e-01  -3.3488567e-02   4.1717956e-03  -2.3752656e-04
   3.9500000e-01   1.4449713e+00   7.2375792e-01   8.2848556e-02  -6.7516125e-03  -3.4156297e-01   2.1756021e-01  -1.9185560e-02  -4.3816503e-04  -5.5441620e-01  -2.9035623e-02   4.1599193e-03  -2.4532261e-04
   3.9750000e-01   1.4815250e+00   7.3983895e-01   8.2511070e-02  -6.7473458e-03  -3.3068497e-01   2.2237013e-01  -1.9207468e-02  -4.4351454e-04  -5.5586798e-01  -2.4464996e-02   4.1476532e-03  -2.5324873e-04
   4.0000000e-01   1.5188737e+00   7.5615635e-01   8.2173808e-02  -6.7423824e-03  -3.1956647e-01   2.2720795e-01  -1.9229644e-02  -4.4887999e-04  -5.5709123e-01  -1.9777513e-02   4.1349907e-03  -2.6130122e-04
   4.0250000e-01   1.5571184e+00   7.7273353e-01   8.1836838e-02  -6.7366197e-03  -3.0820608e-01   2.3207150e-01  -1.9252088e-02  -4.5425786e-04  -5.5808010e-01  -1.4973874e-02   4.1219257e-03  -2.6947666e-04
   4.0500000e-01   1.5962132e+00   7.8955039e-01   8.1500182e-02  -6.7300841e-03  -2.9660251e-01   2.3695814e-01  -1.9274801e-02  -4.5964389e-04  -5.5882880e-01  -1.0055245e-02   4.1084519e-03  -2.7777070e-04
   4.0750000e-01   1.6361444e+00   8.0659703e-01   8.1163869e-02  -6.7227740e-03  -2.8475461e-01   2.4186506e-01  -1.9297783e-02  -4.6503337e-04  -5.5933156e-01  -5.0231398e-03   4.0945633e-03  -2.8617835e-04
   4.1000000e-01   1.6769226e+00   8.2387014e-01   8.0827939e-02  -6.7146659e-03  -2.7266137e-01   2.4678933e-01  -1.9321035e-02  -4.7042152e-04  -5.5958272e-01   1.2067266e-04   4.0802544e-03  -2.9469412e-04
   4.1250000e-01   1.7185585e+00   8.4136622e-01   8.0492429e-02  -6.7057347e-03  -2.6032191e-01   2.5172794e-01  -1.9344556e-02  -4.7580341e-04  -5.5957668e-01   5.3741559e-03   4.0655197e-03  -3.0331204e-04
   4.1500000e-01   1.7610617e+00   8.5908106e-01   8.0157380e-02  -6.6959556e-03  -2.4773552e-01   2.5667779e-01  -1.9368346e-02  -4.8117401e-04  -5.5930797e-01   1.0734993e-02   4.0503541e-03  -3.1202563e-04
   4.1750000e-01   1.8044469e+00   8.7701144e-01   7.9822836e-02  -6.6852976e-03  -2.3490164e-01   2.6163573e-01  -1.9392405e-02  -4.8652822e-04  -5.5877123e-01   1.6200597e-02   4.0347529e-03  -3.2082789e-04
   4.2000000e-01   1.8487228e+00   8.9515224e-01   7.9488839e-02  -6.6737342e-03  -2.2181987e-01   2.6659854e-01  -1.9416731e-02  -4.9186086e-04  -5.5796120e-01   2.1768082e-02   4.0187115e-03  -3.2971130e-04
   4.2250000e-01   1.8938997e+00   9.1349830e-01   7.9155434e-02  -6.6612367e-03  -2.0848995e-01   2.7156292e-01  -1.9441324e-02  -4.9716664e-04  -5.5687279e-01   2.7434257e-02   4.0022259e-03  -3.3866779e-04
   4.2500000e-01   1.9399874e+00   9.3204403e-01   7.8822668e-02  -6.6477753e-03  -1.9491181e-01   2.7652552e-01  -1.9466183e-02  -5.0244024e-04  -5.5550108e-01   3.3195618e-02   3.9852926e-03  -3.4768869e-04
   4.2750000e-01   1.9871067e+00   9.5080553e-01   7.8490677e-02  -6.6331958e-03  -1.8108555e-01   2.8148350e-01  -1.9491305e-02  -5.0767742e-04  -5.5384130e-01   3.9048741e-02   3.9679081e-03  -3.5676561e-04
   4.3000000e-01   2.0351631e+00   9.6975311e-01   7.8159439e-02  -6.6175755e-03  -1.6701138e-01   2.8643343e-01  -1.9516688e-02  -5.1287276e-04  -5.5188887e-01   4.4989487e-02   3.9500699e-03  -3.6588875e-04
   4.3250000e-01   2.0841586e+00   9.8887817e-01   7.7828999e-02  -6.6008888e-03  -1.5268972e-01   2.9137180e-01  -1.9542332e-02  -5.1802077e-04  -5.4963939e-01   5.1013351e-02   3.9317754e-03  -3.7504769e-04
   4.3500000e-01   2.1341017e+00   1.0081730e+00   7.7499412e-02  -6.5831019e-03  -1.3812114e-01   2.9629505e-01  -1.9568233e-02  -5.2311591e-04  -5.4708873e-01   5.7115484e-02   3.9130231e-03  -3.8423140e-04
   4.3750000e-01   2.1849992e+00   1.0276293e+00   7.7170729e-02  -6.5641815e-03  -1.2330640e-01   3.0119959e-01  -1.9594389e-02  -5.2815261e-04  -5.4423295e-01   6.3290684e-02   3.8938115e-03  -3.9342821e-04
   4.4000000e-01   2.2368617e+00   1.0472387e+00   7.6843009e-02  -6.5440884e-03  -1.0824643e-01   3.0608181e-01  -1.9620796e-02  -5.3312535e-04  -5.4106842e-01   6.9533400e-02   3.8741401e-03  -4.0262589e-04
   4.4250000e-01   2.2896956e+00   1.0669918e+00   7.6516310e-02  -6.5227868e-03  -9.2942349e-02   3.1093811e-01  -1.9647453e-02  -5.3802860e-04  -5.3759175e-01   7.5837717e-02   3.8540088e-03  -4.1181153e-04
   4.4500000e-01   2.3435075e+00   1.0868788e+00   7.6190690e-02  -6.5002392e-03  -7.7395454e-02   3.1576485e-01  -1.9674354e-02  -5.4285688e-04  -5.3379987e-01   8.2197354e-02   3.8334183e-03  -4.2097165e-04
   4.4750000e-01   2.3983035e+00   1.1068892e+00   7.5866211e-02  -6.4764073e-03  -6.1607223e-02   3.2055840e-01  -1.9701497e-02  -5.4760473e-04  -5.2969001e-01   8.8605661e-02   3.8123697e-03  -4.3009210e-04
   4.5000000e-01   2.4541197e+00   1.1270149e+00   7.5542975e-02  -6.4512095e-03  -4.5579314e-02   3.2531531e-01  -1.9728877e-02  -5.5226708e-04  -5.2525973e-01   9.5055712e-02   3.7908651e-03  -4.3915832e-04
   4.5250000e-01   2.5110264e+00   1.1472488e+00   7.5221142e-02  -6.4245094e-03  -2.9313560e-02   3.3003246e-01  -1.9756490e-02  -5.5683957e-04  -5.2050694e-01   1.0154041e-01   3.7689072e-03  -4.4815551e-04
   4.5500000e-01   2.5689362e+00   1.1675676e+00   7.4900669e-02  -6.3963878e-03  -1.2811948e-02   3.3470630e-01  -1.9784332e-02  -5.6131700e-04  -5.1542993e-01   1.0805197e-01   3.7464995e-03  -4.5706763e-04
   4.5750000e-01   2.6278527e+00   1.1879584e+00   7.4581625e-02  -6.3668015e-03   3.9233550e-03   3.3933329e-01  -1.9812398e-02  -5.6569426e-04  -5.1002733e-01   1.1458224e-01   3.7236461e-03  -4.6587808e-04
   4.6000000e-01   2.6877863e+00   1.2084076e+00   7.4264094e-02  -6.3356954e-03   2.0890008e-02   3.4391000e-01  -1.9840683e-02  -5.6996644e-04  -5.0429823e-01   1.2112274e-01   3.7003522e-03  -4.7456963e-04
   4.6250000e-01   2.7487238e+00   1.2288999e+00   7.3948128e-02  -6.3030481e-03   3.8085496e-02   3.4843297e-01  -1.9869181e-02  -5.7412860e-04  -4.9824209e-01   1.2766454e-01   3.6766237e-03  -4.8312443e-04
   4.6500000e-01   2.8106705e+00   1.2494207e+00   7.3633808e-02  -6.2688092e-03   5.5507132e-02   3.5289882e-01  -1.9897888e-02  -5.7817601e-04  -4.9185887e-01   1.3419838e-01   3.6524675e-03  -4.9152403e-04
   4.6750000e-01   2.8736274e+00   1.2699545e+00   7.3321210e-02  -6.2329326e-03   7.3152061e-02   3.5730423e-01  -1.9926796e-02  -5.8210411e-04  -4.8514896e-01   1.4071464e-01   3.6278913e-03  -4.9974945e-04
   4.7000000e-01   2.9376012e+00   1.2904851e+00   7.3010428e-02  -6.1953601e-03   9.1017260e-02   3.6164604e-01  -1.9955902e-02  -5.8590857e-04  -4.7811323e-01   1.4720336e-01   3.6029039e-03  -5.0778120e-04
   4.7250000e-01   3.0025765e+00   1.3109963e+00   7.2701513e-02  -6.1560710e-03   1.0909955e-01   3.6592107e-01  -1.9985197e-02  -5.8958515e-04  -4.7075307e-01   1.5365422e-01   3.5775149e-03  -5.1559920e-04
   4.7500000e-01   3.0687335e+00   1.3314596e+00   7.2394927e-02  -6.1146832e-03   1.2739559e-01   3.7012720e-01  -2.0014676e-02  -5.9313163e-04  -4.6307036e-01   1.6005700e-01   3.5517349e-03  -5.2318379e-04
   4.7750000e-01   3.1358697e+00   1.3518619e+00   7.2090377e-02  -6.0714937e-03   1.4590194e-01   3.7426138e-01  -2.0044333e-02  -5.9654399e-04  -4.5506752e-01   1.6640067e-01   3.5255757e-03  -5.3051378e-04
   4.8000000e-01   3.2039821e+00   1.3721858e+00   7.1787947e-02  -6.0264567e-03   1.6461499e-01   3.7832069e-01  -2.0074160e-02  -5.9981846e-04  -4.4674749e-01   1.7267388e-01   3.4990501e-03  -5.3756760e-04
   4.8250000e-01   3.2730558e+00   1.3924147e+00   7.1487694e-02  -5.9795478e-03   1.8353101e-01   3.8230228e-01  -2.0104151e-02  -6.0295140e-04  -4.3811380e-01   1.7886497e-01   3.4721717e-03  -5.4432320e-04
   4.8500000e-01   3.3431379e+00   1.4125234e+00   7.1189830e-02  -5.9306140e-03   2.0264611e-01   3.8620372e-01  -2.0134298e-02  -6.0594000e-04  -4.2917056e-01   1.8496214e-01   3.4449556e-03  -5.5075847e-04
   4.8750000e-01   3.4142023e+00   1.4324930e+00   7.0894405e-02  -5.8796426e-03   2.2195629e-01   3.9002263e-01  -2.0164595e-02  -6.0878151e-04  -4.1992246e-01   1.9095329e-01   3.4174177e-03  -5.5685086e-04
   4.9000000e-01   3.4863284e+00   1.4522854e+00   7.0601759e-02  -5.8263881e-03   2.4145740e-01   3.9375719e-01  -2.0195034e-02  -6.1147434e-04  -4.1037480e-01   1.9682629e-01   3.3895751e-03  -5.6257791e-04
   4.9250000e-01   3.5594923e+00   1.4718740e+00   7.0311985e-02  -5.7708107e-03   2.6114525e-01   3.9740569e-01  -2.0225608e-02  -6.1401702e-04  -4.0053349e-01   2.0256871e-01   3.3614463e-03  -5.6791686e-04
   4.9500000e-01   3.6335913e+00   1.4912529e+00   7.0024939e-02  -5.7130612e-03   2.8101552e-01   4.0096608e-01  -2.0256309e-02  -6.1640739e-04  -3.9040506e-01   2.0816777e-01   3.3330504e-03  -5.7284434e-04
   4.9750000e-01   3.7086500e+00   1.5103905e+00   6.9740831e-02  -5.6530031e-03   3.0106381e-01   4.0443668e-01  -2.0287129e-02  -6.1864399e-04  -3.7999668e-01   2.1361057e-01   3.3044082e-03  -5.7733702e-04
   5.0000000e-01   3.7846507e+00   1.5292624e+00   6.9459760e-02  -5.5905922e-03   3.2128563e-01   4.0781592e-01  -2.0318061e-02  -6.2072556e-04  -3.6931616e-01   2.1888409e-01   3.2755414e-03  -5.8137147e-04
   5.0250000e-01   3.8615796e+00   1.5478428e+00   6.9181843e-02  -5.5257716e-03   3.4167641e-01   4.1110241e-01  -2.0349098e-02  -6.2265114e-04  -3.5837196e-01   2.2397520e-01   3.2464729e-03  -5.8492423e-04
   5.0500000e-01   3.9394179e+00   1.5661065e+00   6.8907183e-02  -5.4584958e-03   3.6223152e-01   4.1429490e-01  -2.0380230e-02  -6.2441999e-04  -3.4717321e-01   2.2887065e-01   3.2172267e-03  -5.8797190e-04
   5.0750000e-01   4.0181623e+00   1.5840212e+00   6.8635955e-02  -5.3886700e-03   3.8294625e-01   4.1739238e-01  -2.0411451e-02  -6.2603177e-04  -3.3572969e-01   2.3355722e-01   3.1878281e-03  -5.9049120e-04
   5.1000000e-01   4.0977891e+00   1.6015604e+00   6.8368262e-02  -5.3162523e-03   4.0381585e-01   4.2039396e-01  -2.0442753e-02  -6.2748636e-04  -3.2405183e-01   2.3802161e-01   3.1583036e-03  -5.9245902e-04
   5.1250000e-01   4.1782789e+00   1.6186952e+00   6.8104235e-02  -5.2411843e-03   4.2483554e-01   4.2329888e-01  -2.0474127e-02  -6.2878384e-04  -3.1215076e-01   2.4225059e-01   3.1286806e-03  -5.9385248e-04
   5.1500000e-01   4.2596088e+00   1.6353974e+00   6.7843995e-02  -5.1634159e-03   4.4600047e-01   4.2610656e-01  -2.0505566e-02  -6.2992451e-04  -3.0003824e-01   2.4623095e-01   3.0989880e-03  -5.9464900e-04
   5.1750000e-01   4.3417782e+00   1.6516232e+00   6.7587787e-02  -5.0828122e-03   4.6730578e-01   4.2881661e-01  -2.0537063e-02  -6.3090904e-04  -2.8772670e-01   2.4994961e-01   3.0692556e-03  -5.9482644e-04
   5.2000000e-01   4.4247462e+00   1.6673500e+00   6.7335676e-02  -4.9993684e-03   4.8874659e-01   4.3142873e-01  -2.0568608e-02  -6.3173815e-04  -2.7522923e-01   2.5339361e-01   3.0395143e-03  -5.9436307e-04
   5.2250000e-01   4.5084873e+00   1.6825458e+00   6.7087804e-02  -4.9130259e-03   5.1031802e-01   4.3394268e-01  -2.0600195e-02  -6.3241263e-04  -2.6255956e-01   2.5655013e-01   3.0097962e-03  -5.9323768e-04
   5.2500000e-01   4.5929740e+00   1.6971783e+00   6.6844318e-02  -4.8237274e-03   5.3201513e-01   4.3635835e-01  -2.0631815e-02  -6.3293341e-04  -2.4973206e-01   2.5940660e-01   2.9801343e-03  -5.9142966e-04
   5.2750000e-01   4.6781842e+00   1.7112076e+00   6.6605415e-02  -4.7313833e-03   5.5383304e-01   4.3867571e-01  -2.0663462e-02  -6.3330152e-04  -2.3676174e-01   2.6195067e-01   2.9505628e-03  -5.8891910e-04
   5.3000000e-01   4.7640803e+00   1.7246056e+00   6.6371205e-02  -4.6359644e-03   5.7576681e-01   4.4089476e-01  -2.0695127e-02  -6.3351793e-04  -2.2366422e-01   2.6417031e-01   2.9211169e-03  -5.8568684e-04
   5.3250000e-01   4.8506299e+00   1.7373379e+00   6.6141843e-02  -4.5374141e-03   5.9781153e-01   4.4301555e-01  -2.0726803e-02  -6.3358361e-04  -2.1045571e-01   2.6605379e-01   2.8918326e-03  -5.8171456e-04
   5.3500000e-01   4.9377988e+00   1.7493697e+00   6.5917488e-02  -4.4356768e-03   6.1996229e-01   4.4503811e-01  -2.0758482e-02  -6.3349942e-04  -1.9715303e-01   2.6758980e-01   2.8627469e-03  -5.7698485e-04
   5.3750000e-01   5.0255518e+00   1.7606651e+00   6.5698306e-02  -4.3306935e-03   6.4221418e-01   4.4696246e-01  -2.0790157e-02  -6.3326608e-04  -1.8377355e-01   2.6876743e-01   2.8338976e-03  -5.7148130e-04
   5.4000000e-01   5.1138522e+00   1.7711864e+00   6.5484474e-02  -4.2224030e-03   6.6456229e-01   4.4878859e-01  -2.0821820e-02  -6.3288413e-04  -1.7033519e-01   2.6957622e-01   2.8053236e-03  -5.6518859e-04
   5.4250000e-01   5.2026586e+00   1.7809002e+00   6.5276140e-02  -4.1107630e-03   6.8700170e-01   4.5051640e-01  -2.0853465e-02  -6.3235384e-04  -1.5685639e-01   2.7000626e-01   2.7770642e-03  -5.5809255e-04
   5.4500000e-01   5.2919297e+00   1.7897700e+00   6.5073473e-02  -3.9957225e-03   7.0952751e-01   4.5214565e-01  -2.0885082e-02  -6.3167513e-04  -1.4335608e-01   2.7004816e-01   2.7491596e-03  -5.5018025e-04
   5.4750000e-01   5.3816281e+00   1.7977457e+00   6.4876734e-02  -3.8771791e-03   7.3213477e-01   4.5367599e-01  -2.0916666e-02  -6.3084757e-04  -1.2985368e-01   2.6969315e-01   2.7216506e-03  -5.4144006e-04
   5.5000000e-01   5.4717014e+00   1.8048040e+00   6.4686005e-02  -3.7551396e-03   7.5481856e-01   4.5510685e-01  -2.0948208e-02  -6.2987018e-04  -1.1636904e-01   2.6893307e-01   2.6945786e-03  -5.3186176e-04
   5.5250000e-01   5.5621026e+00   1.8109077e+00   6.4501462e-02  -3.6295570e-03   7.7757388e-01   4.5643743e-01  -2.0979702e-02  -6.2874146e-04  -1.0292239e-01   2.6776046e-01   2.6679855e-03  -5.2143657e-04
   5.5500000e-01   5.6527834e+00   1.8160196e+00   6.4323282e-02  -3.5003864e-03   8.0039574e-01   4.5766668e-01  -2.1011139e-02  -6.2745928e-04  -8.9534378e-02   2.6616859e-01   2.6419137e-03  -5.1015725e-04
   5.5750000e-01   5.7436913e+00   1.8201140e+00   6.4151574e-02  -3.3676250e-03   8.2327906e-01   4.5879324e-01  -2.1042512e-02  -6.2602086e-04  -7.6225958e-02   2.6415147e-01   2.6164059e-03  -4.9801817e-04
   5.6000000e-01   5.8347775e+00   1.8231396e+00   6.3986608e-02  -3.2311820e-03   8.4621870e-01   4.5981540e-01  -2.1073813e-02  -6.2442257e-04  -6.3018394e-02   2.6170393e-01   2.5915050e-03  -4.8501538e-04
   5.6250000e-01   5.9259874e+00   1.8250607e+00   6.3828557e-02  -3.0910255e-03   8.6920946e-01   4.6073104e-01  -2.1105034e-02  -6.2265993e-04  -4.9933206e-02   2.5882165e-01   2.5672542e-03  -4.7114664e-04
   5.6500000e-01   6.0172648e+00   1.8258397e+00   6.3677607e-02  -2.9471189e-03   8.9224599e-01   4.6153761e-01  -2.1136167e-02  -6.2072749e-04  -3.6992133e-02   2.5550115e-01   2.5436969e-03  -4.5641154e-04
   5.6750000e-01   6.1085532e+00   1.8254856e+00   6.3533663e-02  -2.7995745e-03   9.1532286e-01   4.6223221e-01  -2.1167203e-02  -6.1861909e-04  -2.4217085e-02   2.5173990e-01   2.5208764e-03  -4.4081149e-04
   5.7000000e-01   6.1997956e+00   1.8239161e+00   6.3397192e-02  -2.6482130e-03   9.3843445e-01   4.6281129e-01  -2.1198134e-02  -6.1632717e-04  -1.1630099e-02   2.4753630e-01   2.4988358e-03  -4.2434984e-04
   5.7250000e-01   6.2909194e+00   1.8210142e+00   6.3268874e-02  -2.4927666e-03   9.6157500e-01   4.6327035e-01  -2.1228951e-02  -6.1384224e-04   7.4670755e-04   2.4288974e-01   2.4776183e-03  -4.0703192e-04
   5.7500000e-01   6.3818656e+00   1.8168251e+00   6.3148398e-02  -2.3334654e-03   9.8473850e-01   4.6360453e-01  -2.1259643e-02  -6.1115410e-04   1.2891186e-02   2.3780063e-01   2.4572667e-03  -3.8886506e-04
   5.7750000e-01   6.4725669e+00   1.8113033e+00   6.3036013e-02  -2.1702612e-03   1.0079187e+00   4.6380827e-01  -2.1290200e-02  -6.0825108e-04   2.4781209e-02   2.3227040e-01   2.4378235e-03  -3.6985865e-04
   5.8000000e-01   6.5629638e+00   1.8044430e+00   6.2931732e-02  -2.0032208e-03   1.0311091e+00   4.6387545e-01  -2.1320613e-02  -6.0512038e-04   3.6394721e-02   2.2630155e-01   2.4193306e-03  -3.5002413e-04
   5.8250000e-01   6.6529906e+00   1.7962105e+00   6.2835741e-02  -1.8323301e-03   1.0543029e+00   4.6379920e-01  -2.1350869e-02  -6.0174773e-04   4.7709790e-02   2.1989766e-01   2.4018294e-03  -3.2937510e-04
   5.8500000e-01   6.7425872e+00   1.7865929e+00   6.2748105e-02  -1.6576329e-03   1.0774928e+00   4.6357203e-01  -2.1380956e-02  -5.9811760e-04   5.8704666e-02   2.1306342e-01   2.3853607e-03  -3.0792728e-04
   5.8750000e-01   6.8316538e+00   1.7754732e+00   6.2669519e-02  -1.4788965e-03   1.1006714e+00   4.6318500e-01  -2.1410862e-02  -5.9421167e-04   6.9357829e-02   2.0580467e-01   2.3699643e-03  -2.8569865e-04
   5.9000000e-01   6.9200863e+00   1.7627556e+00   6.2600555e-02  -1.2959620e-03   1.1238306e+00   4.6262778e-01  -2.1440573e-02  -5.9000879e-04   7.9648056e-02   1.9812847e-01   2.3556794e-03  -2.6270949e-04
   5.9250000e-01   7.0078700e+00   1.7485604e+00   6.2540490e-02  -1.1092313e-03   1.1469620e+00   4.6189022e-01  -2.1470073e-02  -5.8548832e-04   8.9554472e-02   1.9004293e-01   2.3425439e-03  -2.3898214e-04
   5.9500000e-01   7.0949320e+00   1.7328532e+00   6.2489537e-02  -9.1869547e-04   1.1700565e+00   4.6096129e-01  -2.1499347e-02  -5.8062789e-04   9.9056612e-02   1.8155736e-01   2.3305948e-03  -2.1454115e-04
   5.9750000e-01   7.1811834e+00   1.7155760e+00   6.2448057e-02  -7.2429199e-04   1.1931045e+00   4.5982874e-01  -2.1528379e-02  -5.7540281e-04   1.0813447e-01   1.7268226e-01   2.3198678e-03  -1.8941337e-04
   6.0000000e-01   7.2664448e+00   1.6965264e+00   6.2417292e-02  -5.2562277e-04   1.2160960e+00   4.5847764e-01  -2.1557149e-02  -5.6978315e-04   1.1676858e-01   1.6342948e-01   2.3103971e-03  -1.6362819e-04
   6.0250000e-01   7.3507574e+00   1.6758960e+00   6.2396109e-02  -3.2323763e-04   1.2390198e+00   4.5689412e-01  -2.1585638e-02  -5.6374124e-04   1.2494005e-01   1.5381190e-01   2.3022157e-03  -1.3721686e-04
   6.0500000e-01   7.4340584e+00   1.6536780e+00   6.2384576e-02  -1.1719817e-04   1.2618645e+00   4.5506361e-01  -2.1613825e-02  -5.5724814e-04   1.3263064e-01   1.4384353e-01   2.2953549e-03  -1.1021283e-04
   6.0750000e-01   7.5161107e+00   1.6296194e+00   6.2384275e-02   9.2978014e-05   1.2846177e+00   4.5296794e-01  -2.1641688e-02  -5.5026793e-04   1.3982281e-01   1.3353988e-01   2.2898442e-03  -8.2652254e-05
   6.1000000e-01   7.5969335e+00   1.6038539e+00   6.2394438e-02   3.0689743e-04   1.3072661e+00   4.5058965e-01  -2.1669201e-02  -5.4276630e-04   1.4649980e-01   1.2291746e-01   2.2857116e-03  -5.4573148e-05
   6.1250000e-01   7.6765147e+00   1.5764522e+00   6.2414678e-02   5.2432331e-04   1.3297955e+00   4.4791148e-01  -2.1696339e-02  -5.3470947e-04   1.5264567e-01   1.1199385e-01   2.2829830e-03  -2.6015455e-05
   6.1500000e-01   7.7545621e+00   1.5471355e+00   6.2446785e-02   7.4575032e-04   1.3521911e+00   4.4491183e-01  -2.1723075e-02  -5.2605534e-04   1.5824536e-01   1.0078818e-01   2.2816822e-03   2.9780111e-06
   6.1750000e-01   7.8311393e+00   1.5160762e+00   6.2489764e-02   9.7072397e-04   1.3744367e+00   4.4157059e-01  -2.1749377e-02  -5.1676497e-04   1.6328476e-01   8.9320476e-02   2.2818311e-03   3.2362865e-05
   6.2000000e-01   7.9062183e+00   1.4833220e+00   6.2543388e-02   1.1990614e-03   1.3965152e+00   4.3786771e-01  -2.1775216e-02  -5.0679980e-04   1.6775078e-01   7.7611789e-02   2.2834492e-03   6.2092893e-05
   6.2250000e-01   7.9794281e+00   1.4485545e+00   6.2609765e-02   1.4312832e-03   1.4184085e+00   4.3377776e-01  -2.1800556e-02  -4.9611087e-04   1.7163137e-01   6.5684853e-02   2.2865539e-03   9.2118780e-05
   6.2500000e-01   8.0509949e+00   1.4121002e+00   6.2686927e-02   1.6666652e-03   1.4400974e+00   4.2927956e-01  -2.1825361e-02  -4.8465794e-04   1.7491561e-01   5.3562890e-02   2.2911598e-03   1.2239049e-04
   6.2750000e-01   8.1206389e+00   1.3737584e+00   6.2776275e-02   1.9054810e-03   1.4615614e+00   4.2434818e-01  -2.1849594e-02  -4.7239367e-04   1.7759375e-01   4.1270577e-02   2.2972793e-03   1.5285532e-04
   6.3000000e-01   8.1883011e+00   1.3335564e+00   6.2877763e-02   2.1475759e-03   1.4827788e+00   4.1895855e-01  -2.1873214e-02  -4.5927074e-04   1.7965728e-01   2.8833576e-02   2.3049221e-03   1.8345889e-04
   6.3250000e-01   8.2540336e+00   1.2916211e+00   6.2990695e-02   2.3926275e-03   1.5037267e+00   4.1308729e-01  -2.1896177e-02  -4.4524556e-04   1.8109896e-01   1.6278253e-02   2.3140950e-03   2.1414569e-04
   6.3500000e-01   8.3174148e+00   1.2476665e+00   6.3117139e-02   2.6410019e-03   1.5243810e+00   4.0670543e-01  -2.1918439e-02  -4.3026373e-04   1.8191287e-01   3.6326604e-03   2.3248023e-03   2.4485710e-04
   6.3750000e-01   8.3787572e+00   1.2020374e+00   6.3254948e-02   2.8920275e-03   1.5447163e+00   3.9978995e-01  -2.1939953e-02  -4.1428314e-04   1.8209450e-01  -9.0751168e-03   2.3370451e-03   2.7553474e-04
   6.4000000e-01   8.4375980e+00   1.1544428e+00   6.3406306e-02   3.1460402e-03   1.5647058e+00   3.9231189e-01  -2.1960667e-02  -3.9725018e-04   1.8164075e-01  -2.1815283e-02   2.3508219e-03   3.0611711e-04
   6.4250000e-01   8.4941218e+00   1.1051068e+00   6.3569871e-02   3.4025837e-03   1.5843214e+00   3.8424651e-01  -2.1980529e-02  -3.7912008e-04   1.8054998e-01  -3.4557858e-02   2.3661277e-03   3.3654262e-04
   6.4500000e-01   8.5481168e+00   1.0539542e+00   6.3746407e-02   3.6616413e-03   1.6035337e+00   3.7556733e-01  -2.1999485e-02  -3.5984494e-04   1.7882209e-01  -4.7271821e-02   2.3829548e-03   3.6674790e-04
   6.4750000e-01   8.5994492e+00   1.0009733e+00   6.3936257e-02   3.9230967e-03   1.6223120e+00   3.6624745e-01  -2.2017477e-02  -3.3937653e-04   1.7645850e-01  -5.9925359e-02   2.4012922e-03   3.9666833e-04
   6.5000000e-01   8.6482593e+00   9.4633880e-01   6.4138410e-02   4.1865939e-03   1.6406244e+00   3.5626398e-01  -2.2034446e-02  -3.1767491e-04   1.7346224e-01  -7.2486599e-02   2.4211256e-03   4.2623943e-04
   6.5250000e-01   8.6940292e+00   8.8980486e-01   6.4355036e-02   4.4522787e-03   1.6584376e+00   3.4558814e-01  -2.2050330e-02  -2.9468887e-04   1.6983791e-01  -8.4922072e-02   2.4424376e-03   4.5539387e-04
   6.5500000e-01   8.7371686e+00   8.3170709e-01   6.4583894e-02   4.7196248e-03   1.6757170e+00   3.3419959e-01  -2.2065064e-02  -2.7038437e-04   1.6559181e-01  -9.7199093e-02   2.4652073e-03   4.8406617e-04
   6.5750000e-01   8.7772016e+00   7.7185324e-01   6.4826874e-02   4.9886710e-03   1.6924269e+00   3.2207315e-01  -2.2078584e-02  -2.4471817e-04   1.6073186e-01  -1.0928363e-01   2.4894105e-03   5.1218846e-04
   6.6000000e-01   8.8142228e+00   7.1038459e-01   6.5083248e-02   5.2591130e-03   1.7085306e+00   3.0918768e-01  -2.2090820e-02  -2.1765543e-04   1.5526768e-01  -1.2114185e-01   2.5150200e-03   5.3969358e-04
   6.6250000e-01   8.8483465e+00   6.4744141e-01   6.5352248e-02   5.5306715e-03   1.7239900e+00   2.9552646e-01  -2.2101702e-02  -1.8917049e-04   1.4921059e-01  -1.3274028e-01   2.5420046e-03   5.6651536e-04
   6.6500000e-01   8.8789376e+00   5.8280463e-01   6.5636314e-02   5.8032944e-03   1.7387663e+00   2.8106641e-01  -2.2111161e-02  -1.5922533e-04   1.4257358e-01  -1.4404391e-01   2.5703304e-03   5.9258491e-04
   6.6750000e-01   8.9063969e+00   5.1675820e-01   6.5933459e-02   6.0766003e-03   1.7528196e+00   2.6579351e-01  -2.2119122e-02  -1.2780040e-04   1.3537139e-01  -1.5501911e-01   2.5999596e-03   6.1783631e-04
   6.7000000e-01   8.9306798e+00   4.4936514e-01   6.6243629e-02   6.3503641e-03   1.7661092e+00   2.4969644e-01  -2.2125512e-02  -9.4881775e-05   1.2762044e-01  -1.6563252e-01   2.6308514e-03   6.4220448e-04
   6.7250000e-01   8.9514510e+00   3.8058151e-01   6.6567925e-02   6.6243575e-03   1.7785941e+00   2.3276261e-01  -2.2130256e-02  -6.0453240e-05   1.1933882e-01  -1.7585038e-01   2.6629616e-03   6.6562385e-04
   6.7500000e-01   8.9686158e+00   3.1047426e-01   6.6906450e-02   6.8982932e-03   1.7902322e+00   2.1498190e-01  -2.2133279e-02  -2.4503812e-05   1.1054631e-01  -1.8563935e-01   2.6962427e-03   6.8802990e-04
   6.7750000e-01   8.9825090e+00   2.3925693e-01   6.7257651e-02   7.1719230e-03   1.8009813e+00   1.9635285e-01  -2.2134504e-02   1.2960047e-05   1.0126435e-01  -1.9496777e-01   2.7306442e-03   7.0936178e-04
   6.8000000e-01   8.9925869e+00   1.6685313e-01   6.7623372e-02   7.4448943e-03   1.8107989e+00   1.7687055e-01  -2.2133856e-02   5.1938578e-05   9.1515965e-02  -2.0380345e-01   2.7661123e-03   7.2955774e-04
   6.8250000e-01   8.9991130e+00   9.3446281e-02   6.8002371e-02   7.7169702e-03   1.8196424e+00   1.5653809e-01  -2.2131259e-02   9.2415997e-05   8.1325800e-02  -2.1211595e-01   2.8025901e-03   7.4855984e-04
   6.8500000e-01   9.0019442e+00   1.9103598e-02   6.8394943e-02   7.9878156e-03   1.8274693e+00   1.3536104e-01  -2.2126638e-02   1.3437145e-04   7.0720010e-02  -2.1987570e-01   2.8400181e-03   7.6631203e-04
   6.8750000e-01   9.0010020e+00  -5.6088443e-02   6.8801150e-02   8.2571094e-03   1.8342374e+00   1.1334851e-01  -2.2119920e-02   1.7777699e-04   5.9726233e-02  -2.2705424e-01   2.8783337e-03   7.8276073e-04
   6.9000000e-01   8.9963318e+00  -1.3200632e-01   6.9220595e-02   8.5245566e-03   1.8399048e+00   9.0514963e-02  -2.2111031e-02   2.2259405e-04   4.8373529e-02  -2.3362478e-01   2.9174717e-03   7.9785584e-04
   6.9250000e-01   8.9878001e+00  -2.0856501e-01   6.9653534e-02   8.7897839e-03   1.8444305e+00   6.6877933e-02  -2.2099901e-02   2.6877802e-04   3.6692299e-02  -2.3956180e-01   2.9573645e-03   8.1154999e-04
   6.9500000e-01   8.9754529e+00  -2.8563647e-01   7.0099579e-02   9.0524847e-03   1.8477744e+00   4.2460446e-02  -2.2086462e-02   3.1627349e-04   2.4714217e-02  -2.4484175e-01   2.9979419e-03   8.2379989e-04
   6.9750000e-01   8.9592575e+00  -3.6311195e-01   7.0558640e-02   9.3123247e-03   1.8498975e+00   1.7290026e-02  -2.2070649e-02   3.6501626e-04   1.2472138e-02  -2.4944294e-01   3.0391319e-03   8.3456607e-04
   7.0000000e-01   8.9391124e+00  -4.4087210e-01   7.1030836e-02   9.5688688e-03   1.8507620e+00  -8.6020616e-03  -2.2052398e-02   4.1493495e-04   0.0000000e+00  -2.5334549e-01   3.0808602e-03   8.4381286e-04
   7.0250000e-01   8.9151807e+00  -5.1878912e-01   7.1515430e-02   9.8219320e-03   1.8503318e+00  -3.5177685e-02  -2.2031651e-02   4.6594479e-04  -1.2667265e-02  -2.5653224e-01   3.1230508e-03   8.5151004e-04
   7.0500000e-01   8.8872285e+00  -5.9673593e-01   7.2012971e-02   1.0070920e-02   1.8485730e+00  -6.2396568e-02  -2.2008354e-02   5.1795717e-04  -2.5493868e-02  -2.5898775e-01   3.1656263e-03   8.5763096e-04
   7.0750000e-01   8.8555014e+00  -6.7458831e-01   7.2522479e-02   1.0315743e-02   1.8454531e+00  -9.0210819e-02  -2.1982456e-02   5.7086871e-04  -3.8443247e-02  -2.6069978e-01   3.2085078e-03   8.6215532e-04
   7.1000000e-01   8.8197775e+00  -7.5219890e-01   7.3044449e-02   1.0555761e-02   1.8409426e+00  -1.1857037e-01  -2.1953913e-02   6.2457223e-04  -5.1478227e-02  -2.6165807e-01   3.2516155e-03   8.6506693e-04
   7.1250000e-01   8.7802612e+00  -8.2945009e-01   7.3578056e-02   1.0790857e-02   1.8350141e+00  -1.4741840e-01  -2.1922684e-02   6.7894769e-04  -6.4561121e-02  -2.6185566e-01   3.2948688e-03   8.6635610e-04
   7.1500000e-01   8.7368982e+00  -9.0619470e-01   7.4123271e-02   1.1020565e-02   1.8276432e+00  -1.7669441e-01  -2.1888737e-02   7.3386832e-04  -7.7653895e-02  -2.6128827e-01   3.3381866e-03   8.6601847e-04
   7.1750000e-01   8.6895480e+00  -9.8226433e-01   7.4680317e-02   1.1244266e-02   1.8188085e+00  -2.0633523e-01  -2.1852043e-02   7.8920276e-04  -9.0718299e-02  -2.5995413e-01   3.3814875e-03   8.6405473e-04
   7.2000000e-01   8.6386669e+00  -1.0576012e+00   7.5247663e-02   1.1462268e-02   1.8084917e+00  -2.3626935e-01  -2.1812583e-02   8.4480381e-04  -1.0371600e-01  -2.5785560e-01   3.4246902e-03   8.6047368e-04
   7.2250000e-01   8.5838822e+00  -1.1319737e+00   7.5826200e-02   1.1673533e-02   1.7966782e+00  -2.6642552e-01  -2.1770343e-02   9.0052557e-04  -1.1660877e-01  -2.5499712e-01   3.4677139e-03   8.5528821e-04
   7.2500000e-01   8.5255853e+00  -1.2053390e+00   7.6414635e-02   1.1878341e-02   1.7833570e+00  -2.9672571e-01  -2.1725317e-02   9.5620956e-04  -1.2935861e-01  -2.5138708e-01   3.5104782e-03   8.4851900e-04
   7.2750000e-01   8.4633816e+00  -1.2774096e+00   7.7013865e-02   1.2075467e-02   1.7685207e+00  -3.2709281e-01  -2.1677506e-02   1.0117000e-03  -1.4192796e-01  -2.4703605e-01   3.5529042e-03   8.4019089e-04
   7.3000000e-01   8.3977954e+00  -1.3482054e+00   7.7622258e-02   1.2265502e-02   1.7521661e+00  -3.5744273e-01  -2.1626921e-02   1.0668282e-03  -1.5427975e-01  -2.4195877e-01   3.5949137e-03   8.3033700e-04
   7.3250000e-01   8.3286607e+00  -1.4175086e+00   7.8240083e-02   1.2447649e-02   1.7342940e+00  -3.8769117e-01  -2.1573580e-02   1.1214260e-03  -1.6637768e-01  -2.3617265e-01   3.6364305e-03   8.1899551e-04
   7.3500000e-01   8.2560225e+00  -1.4851588e+00   7.8867011e-02   1.2621487e-02   1.7149094e+00  -4.1775207e-01  -2.1517509e-02   1.1753228e-03  -1.7818631e-01  -2.2969814e-01   3.6773802e-03   8.0621051e-04
   7.3750000e-01   8.1801524e+00  -1.5511228e+00   7.9502151e-02   1.2787189e-02   1.6940218e+00  -4.4753652e-01  -2.1458743e-02   1.2283435e-03  -1.8967121e-01  -2.2255912e-01   3.7176907e-03   7.9203272e-04
   7.4000000e-01   8.1010433e+00  -1.6152326e+00   8.0145333e-02   1.2944253e-02   1.6716450e+00  -4.7695549e-01  -2.1397326e-02   1.2803136e-03  -2.0079915e-01  -2.1478219e-01   3.7572923e-03   7.7651811e-04
   7.4250000e-01   8.0186368e+00  -1.6772594e+00   8.0796479e-02   1.3091943e-02   1.6477972e+00  -5.0592071e-01  -2.1333310e-02   1.3310615e-03  -2.1153826e-01  -2.0639656e-01   3.7961182e-03   7.5972753e-04
   7.4500000e-01   7.9332685e+00  -1.7372357e+00   8.1454575e-02   1.3230678e-02   1.6225012e+00  -5.3434243e-01  -2.1266757e-02   1.3804135e-03  -2.2185808e-01  -1.9743452e-01   3.8341046e-03   7.4172779e-04
   7.4750000e-01   7.8450380e+00  -1.7950618e+00   8.2119195e-02   1.3360251e-02   1.5957841e+00  -5.6213186e-01  -2.1197736e-02   1.4281990e-03  -2.3172980e-01  -1.8793087e-01   3.8711909e-03   7.2259042e-04
   7.5000000e-01   7.7538286e+00  -1.8504447e+00   8.2790367e-02   1.3479665e-02   1.5676776e+00  -5.8920301e-01  -2.1126326e-02   1.4742541e-03  -2.4112633e-01  -1.7792243e-01   3.9073204e-03   7.0239067e-04
   7.5250000e-01   7.6599382e+00  -1.9034236e+00   8.3467201e-02   1.3589309e-02   1.5382174e+00  -6.1547067e-01  -2.1052614e-02   1.5184176e-03  -2.5002245e-01  -1.6744841e-01   3.9424399e-03   6.8120835e-04
   7.5500000e-01   7.5635525e+00  -1.9539815e+00   8.4149089e-02   1.3689293e-02   1.5074439e+00  -6.4085188e-01  -2.0976693e-02   1.5605336e-03  -2.5839486e-01  -1.5655004e-01   3.9765003e-03   6.5912697e-04
   7.5750000e-01   7.4646141e+00  -2.0018481e+00   8.4835893e-02   1.3778727e-02   1.4754013e+00  -6.6526773e-01  -2.0898666e-02   1.6004555e-03  -2.6622236e-01  -1.4527001e-01   4.0094567e-03   6.3623264e-04
   7.6000000e-01   7.3633524e+00  -2.0470380e+00   8.5526898e-02   1.3857848e-02   1.4421380e+00  -6.8864240e-01  -2.0818644e-02   1.6380438e-03  -2.7348585e-01  -1.3365256e-01   4.0412683e-03   6.1261429e-04
   7.6250000e-01   7.2600177e+00  -2.0896449e+00   8.6221414e-02   1.3927150e-02   1.4077059e+00  -7.1090369e-01  -2.0736741e-02   1.6731671e-03  -2.8016848e-01  -1.2174320e-01   4.0718990e-03   5.8836313e-04
   7.6500000e-01   7.1544212e+00  -2.1291639e+00   8.6919426e-02   1.3984880e-02   1.3721607e+00  -7.3198547e-01  -2.0653083e-02   1.7057070e-03  -2.8625563e-01  -1.0958805e-01   4.1013171e-03   5.6357125e-04
   7.6750000e-01   7.0470945e+00  -2.1660999e+00   8.7619833e-02   1.4033048e-02   1.3355615e+00  -7.5182497e-01  -2.0567798e-02   1.7355526e-03  -2.9173503e-01  -9.7234175e-02   4.1294956e-03   5.3833236e-04
   7.7000000e-01   6.9378865e+00  -2.1999587e+00   8.8322498e-02   1.4069948e-02   1.2979703e+00  -7.7036609e-01  -2.0481020e-02   1.7626069e-03  -2.9659674e-01  -8.4728733e-02   4.1564122e-03   5.1274011e-04
   7.7250000e-01   6.8271393e+00  -2.2310484e+00   8.9026679e-02   1.4096810e-02   1.2594520e+00  -7.8755780e-01  -2.0392890e-02   1.7867841e-03  -3.0083317e-01  -7.2119049e-02   4.1820492e-03   4.8688822e-04
   7.7500000e-01   6.7148356e+00  -2.2590261e+00   8.9731975e-02   1.4112495e-02   1.2200741e+00  -8.0335577e-01  -2.0303551e-02   1.8080119e-03  -3.0443912e-01  -5.9452137e-02   4.2063936e-03   4.6086952e-04
   7.7750000e-01   6.6013036e+00  -2.2842762e+00   9.0437780e-02   1.4118462e-02   1.1799064e+00  -8.1772149e-01  -2.0213150e-02   1.8262304e-03  -3.0741173e-01  -4.6774526e-02   4.2294371e-03   4.3477566e-04
   7.8000000e-01   6.4864804e+00  -2.3062844e+00   9.1143599e-02   1.4112966e-02   1.1390203e+00  -8.3062361e-01  -2.0121839e-02   1.8413943e-03  -3.0975045e-01  -3.4131928e-02   4.2511758e-03   4.0869646e-04
   7.8250000e-01   6.3706831e+00  -2.3254809e+00   9.1848910e-02   1.4097597e-02   1.0974892e+00  -8.4203709e-01  -2.0029769e-02   1.8534713e-03  -3.1145705e-01  -2.1569000e-02   4.2716107e-03   3.8271944e-04
   7.8500000e-01   6.2540115e+00  -2.3417849e+00   9.2553233e-02   1.4072126e-02   1.0553873e+00  -8.5194383e-01  -1.9937096e-02   1.8624431e-03  -3.1253550e-01  -9.1290752e-03   4.2907466e-03   3.5692929e-04
   7.8750000e-01   6.1365579e+00  -2.3549819e+00   9.3255915e-02   1.4035865e-02   1.0127902e+00  -8.6033262e-01  -1.9843974e-02   1.8683056e-03  -3.1299195e-01   3.1460163e-03   4.3085931e-03   3.3140756e-04
   7.9000000e-01   6.0185381e+00  -2.3653844e+00   9.3956602e-02   1.3989941e-02   9.6977357e-01  -8.6719899e-01  -1.9750558e-02   1.8710678e-03  -3.1283465e-01   1.5216254e-02   4.3251634e-03   3.0623209e-04
   7.9250000e-01   5.9000778e+00  -2.3730114e+00   9.4654836e-02   1.3934457e-02   9.2641365e-01  -8.7254526e-01  -1.9657005e-02   1.8707527e-03  -3.1207384e-01   2.7043587e-02   4.3404750e-03   2.8147665e-04
   7.9500000e-01   5.7812930e+00  -2.3776790e+00   9.5349885e-02   1.3868812e-02   8.8278642e-01  -8.7638029e-01  -1.9563467e-02   1.8673959e-03  -3.1072166e-01   3.8592049e-02   4.3545488e-03   2.5721080e-04
   7.9750000e-01   5.6623485e+00  -2.3796251e+00   9.6041446e-02   1.3793848e-02   8.3896743e-01  -8.7871934e-01  -1.9470098e-02   1.8610459e-03  -3.0879206e-01   4.9828016e-02   4.3674094e-03   2.3349936e-04
   8.0000000e-01   5.5433726e+00  -2.3789578e+00   9.6729156e-02   1.3709952e-02   7.9503150e-01  -8.7958394e-01  -1.9377046e-02   1.8517631e-03  -3.0630066e-01   6.0720315e-02   4.3790843e-03   2.1040224e-04
   8.0250000e-01   5.4244966e+00  -2.3756154e+00   9.7412370e-02   1.3616927e-02   7.5105233e-01  -8.7900141e-01  -1.9284457e-02   1.8396196e-03  -3.0326464e-01   7.1240282e-02   4.3896044e-03   1.8797433e-04
   8.0500000e-01   5.3058606e+00  -2.3696696e+00   9.8090597e-02   1.3515023e-02   7.0710229e-01  -8.7700459e-01  -1.9192477e-02   1.8246978e-03  -2.9970263e-01   8.1361883e-02   4.3990032e-03   1.6626531e-04
   8.0750000e-01   5.1875681e+00  -2.3613480e+00   9.8763729e-02   1.3405018e-02   6.6325209e-01  -8.7363174e-01  -1.9101242e-02   1.8070904e-03  -2.9563454e-01   9.1061819e-02   4.4073164e-03   1.4531944e-04
   8.1000000e-01   5.0697607e+00  -2.3505891e+00   9.9431040e-02   1.3286701e-02   6.1957054e-01  -8.6892576e-01  -1.9010887e-02   1.7868991e-03  -2.9108145e-01   1.0031949e-01   4.4145824e-03   1.2517566e-04
   8.1250000e-01   4.9525636e+00  -2.3374961e+00   1.0009212e-01   1.3160412e-02   5.7612428e-01  -8.6293396e-01  -1.8921542e-02   1.7642337e-03  -2.8606548e-01   1.0911706e-01   4.4208412e-03   1.0586749e-04
   8.1500000e-01   4.8360239e+00  -2.3223434e+00   1.0074714e-01   1.3027079e-02   5.3297761e-01  -8.5570802e-01  -1.8833331e-02   1.7392119e-03  -2.8060963e-01   1.1743946e-01   4.4261345e-03   8.7423033e-05
   8.1750000e-01   4.7203748e+00  -2.3048935e+00   1.0139466e-01   1.2885871e-02   4.9019224e-01  -8.4730244e-01  -1.8746370e-02   1.7119567e-03  -2.7473766e-01   1.2527430e-01   4.4305057e-03   6.9865185e-05
   8.2000000e-01   4.6055576e+00  -2.2856272e+00   1.0203565e-01   1.2738416e-02   4.4782715e-01  -8.3777575e-01  -1.8660772e-02   1.6825982e-03  -2.6847395e-01   1.3261192e-01   4.4339989e-03   5.3211540e-05
   8.2250000e-01   4.4918630e+00  -2.2642631e+00   1.0266829e-01   1.2583719e-02   4.0593839e-01  -8.2718804e-01  -1.8576643e-02   1.6512688e-03  -2.6184336e-01   1.3944523e-01   4.4366595e-03   3.7474740e-05
   8.2500000e-01   4.3791942e+00  -2.2412415e+00   1.0329366e-01   1.2423274e-02   3.6457902e-01  -8.1560261e-01  -1.8494079e-02   1.6181067e-03  -2.5487110e-01   1.4576968e-01   4.4385332e-03   2.2662482e-05
   8.2750000e-01   4.2677452e+00  -2.2164947e+00   1.0391068e-01   1.2256815e-02   3.2379892e-01  -8.0308394e-01  -1.8413174e-02   1.5832515e-03  -2.4758263e-01   1.5158318e-01   4.4396664e-03   8.7778262e-06
   8.3000000e-01   4.1576037e+00  -2.1901269e+00   1.0451904e-01   1.2084668e-02   2.8364475e-01  -7.8969774e-01  -1.8334011e-02   1.5468446e-03  -2.4000347e-01   1.5688595e-01   4.4401053e-03  -4.1806109e-06
   8.3250000e-01   4.0487101e+00  -2.1623938e+00   1.0511934e-01   1.1907697e-02   2.4415989e-01  -7.7551133e-01  -1.8256669e-02   1.5090296e-03  -2.3215918e-01   1.6168039e-01   4.4398962e-03  -1.6218398e-05
   8.3500000e-01   3.9413850e+00  -2.1331523e+00   1.0570976e-01   1.1725350e-02   2.0538435e-01  -7.6059112e-01  -1.8181218e-02   1.4699475e-03  -2.2407517e-01   1.6597103e-01   4.4390853e-03  -2.7345045e-05
   8.3750000e-01   3.8354330e+00  -2.1027479e+00   1.0629168e-01   1.1538816e-02   1.6735482e-01  -7.4500498e-01  -1.8107720e-02   1.4297415e-03  -2.1577662e-01   1.6976430e-01   4.4377181e-03  -3.7573675e-05
   8.4000000e-01   3.7311258e+00  -2.0711174e+00   1.0686360e-01   1.1347818e-02   1.3010460e-01  -7.2881930e-01  -1.8036233e-02   1.3885508e-03  -2.0728841e-01   1.7306842e-01   4.4358394e-03  -4.6920792e-05
   8.4250000e-01   3.6283544e+00  -2.0384790e+00   1.0742630e-01   1.1153101e-02   9.3663658e-02  -7.1210070e-01  -1.7966806e-02   1.3465143e-03  -1.9863500e-01   1.7589326e-01   4.4334933e-03  -5.5405923e-05
   8.4500000e-01   3.5272856e+00  -2.0048646e+00   1.0797890e-01   1.0954728e-02   5.8058648e-02  -6.9491416e-01  -1.7899480e-02   1.3037670e-03  -1.8984034e-01   1.7825021e-01   4.4307230e-03  -6.3051365e-05
   8.4750000e-01   3.4279022e+00  -1.9704069e+00   1.0852160e-01   1.0753137e-02   2.3312964e-02  -6.7732369e-01  -1.7834292e-02   1.2604410e-03  -1.8092784e-01   1.8015196e-01   4.4275705e-03  -6.9881852e-05
   8.5000000e-01   3.3302348e+00  -1.9352086e+00   1.0905430e-01   1.0548660e-02  -1.0553197e-02  -6.5939181e-01  -1.7771270e-02   1.2166646e-03  -1.7192024e-01   1.8161240e-01   4.4240764e-03  -7.5924264e-05
   8.5250000e-01   3.2344117e+00  -1.8993274e+00   1.0957631e-01   1.0341450e-02  -4.3522764e-02  -6.4117866e-01  -1.7710437e-02   1.1725606e-03  -1.6283963e-01   1.8264647e-01   4.4202802e-03  -8.1207345e-05
   8.5500000e-01   3.1402511e+00  -1.8629250e+00   1.1008875e-01   1.0132089e-02  -7.5581674e-02  -6.2274365e-01  -1.7651809e-02   1.1282499e-03  -1.5370731e-01   1.8327000e-01   4.4162198e-03  -8.5761384e-05
   8.5750000e-01   3.0481374e+00  -1.8259929e+00   1.1058943e-01   9.9204483e-03  -1.0671883e-01  -6.0414177e-01  -1.7595396e-02   1.0838435e-03  -1.4454382e-01   1.8349956e-01   4.4119317e-03  -8.9617977e-05
   8.6000000e-01   2.9577510e+00  -1.7887022e+00   1.1108023e-01   9.7071762e-03  -1.3692590e-01  -5.8542776e-01  -1.7541204e-02   1.0394515e-03  -1.3536885e-01   1.8335232e-01   4.4074508e-03  -9.2809723e-05
   8.6250000e-01   2.8691657e+00  -1.7511141e+00   1.1156073e-01   9.4924569e-03  -1.6619727e-01  -5.6665355e-01  -1.7489232e-02   9.9517760e-04  -1.2620124e-01   1.8284596e-01   4.4028104e-03  -9.5370000e-05
   8.6500000e-01   2.7826500e+00  -1.7132783e+00   1.1202942e-01   9.2763882e-03  -1.9452993e-01  -5.4786676e-01  -1.7439473e-02   9.5111642e-04  -1.1705895e-01   1.8199846e-01   4.3980419e-03  -9.7332673e-05
   8.6750000e-01   2.6979859e+00  -1.6753000e+00   1.1248753e-01   9.0593776e-03  -2.2192325e-01  -5.2911384e-01  -1.7391917e-02   9.0735962e-04  -1.0795903e-01   1.8082807e-01   4.3931752e-03  -9.8731925e-05
   8.7000000e-01   2.6151466e+00  -1.6372472e+00   1.1293520e-01   8.8416610e-03  -2.4837892e-01  -5.1043873e-01  -1.7346549e-02   8.6399334e-04  -9.8917633e-02   1.7935317e-01   4.3882386e-03  -9.9602043e-05
   8.7250000e-01   2.5341391e+00  -1.5991813e+00   1.1337239e-01   8.6234452e-03  -2.7390084e-01  -4.9188258e-01  -1.7303349e-02   8.2109766e-04  -8.9949981e-02   1.7759215e-01   4.3832585e-03  -9.9977223e-05
   8.7500000e-01   2.4551936e+00  -1.5611740e+00   1.1379773e-01   8.4049187e-03  -2.9849495e-01  -4.7348213e-01  -1.7262295e-02   7.7874340e-04  -8.1070380e-02   1.7556328e-01   4.3782597e-03  -9.9891269e-05
   8.7750000e-01   2.3781178e+00  -1.5232826e+00   1.1421231e-01   8.1863265e-03  -3.2216904e-01  -4.5527267e-01  -1.7223357e-02   7.3699805e-04  -7.2292222e-02   1.7328471e-01   4.3732651e-03  -9.9377608e-05
   8.8000000e-01   2.3028376e+00  -1.4855545e+00   1.1461651e-01   7.9678531e-03  -3.4493266e-01  -4.3728720e-01  -1.7186508e-02   6.9592422e-04  -6.3627992e-02   1.7077435e-01   4.3682963e-03  -9.8469128e-05
   8.8250000e-01   2.2295064e+00  -1.4480602e+00   1.1500940e-01   7.7497081e-03  -3.6679700e-01  -4.1955485e-01  -1.7151711e-02   6.5557633e-04  -5.5089281e-02   1.6804976e-01   4.3633728e-03  -9.7197885e-05
   8.8500000e-01   2.1580806e+00  -1.4108477e+00   1.1539118e-01   7.5320738e-03  -3.8777473e-01  -4.0210227e-01  -1.7118933e-02   6.1600362e-04  -4.6686798e-02   1.6512813e-01   4.3585129e-03  -9.5595107e-05
   8.8750000e-01   2.0883806e+00  -1.3739344e+00   1.1576284e-01   7.3150609e-03  -4.0787983e-01  -3.8495477e-01  -1.7088132e-02   5.7725238e-04  -3.8430398e-02   1.6202627e-01   4.3537332e-03  -9.3691236e-05
   8.9000000e-01   2.0206572e+00  -1.3374136e+00   1.1612283e-01   7.0989428e-03  -4.2712755e-01  -3.6813307e-01  -1.7059270e-02   5.3935947e-04  -3.0329090e-02   1.5876040e-01   4.3490486e-03  -9.1515435e-05
   8.9250000e-01   1.9547024e+00  -1.3012868e+00   1.1647233e-01   6.8837836e-03  -4.4553419e-01  -3.5165692e-01  -1.7032302e-02   5.0235959e-04  -2.2391075e-02   1.5534630e-01   4.3444728e-03  -8.9095964e-05
   8.9500000e-01   1.8904399e+00  -1.2655731e+00   1.1681172e-01   6.6696794e-03  -4.6311703e-01  -3.3554418e-01  -1.7007184e-02   4.6628346e-04  -1.4623765e-02   1.5179923e-01   4.3400180e-03  -8.6460019e-05
   8.9750000e-01   1.8281417e+00  -1.2303825e+00   1.1713929e-01   6.4569673e-03  -4.7989423e-01  -3.1980805e-01  -1.6983870e-02   4.3115242e-04  -7.0338090e-03   1.4813368e-01   4.3356950e-03  -8.3633216e-05
   9.0000000e-01   1.7674642e+00  -1.1956581e+00   1.1745702e-01   6.2455388e-03  -4.9588462e-01  -3.0446221e-01  -1.6962312e-02   3.9698855e-04   3.7286969e-04   1.4436373e-01   4.3315134e-03  -8.0640376e-05
   9.0250000e-01   1.7085121e+00  -1.1614623e+00   1.1776420e-01   6.0356063e-03  -5.1110772e-01  -2.8951720e-01  -1.6942463e-02   3.6380763e-04   7.5910512e-03   1.4050277e-01   4.3274814e-03  -7.7504894e-05
   9.0500000e-01   1.6513414e+00  -1.1278461e+00   1.1806040e-01   5.8273567e-03  -5.2558357e-01  -2.7498095e-01  -1.6924272e-02   3.3162011e-04   1.4616185e-02   1.3656347e-01   4.3236061e-03  -7.4248763e-05
   9.0750000e-01   1.5957261e+00  -1.0947641e+00   1.1834692e-01   5.6206931e-03  -5.3933260e-01  -2.6086122e-01  -1.6907691e-02   3.0043605e-04   2.1444353e-02   1.3255801e-01   4.3198937e-03  -7.0893046e-05
   9.1000000e-01   1.5418143e+00  -1.0622960e+00   1.1862275e-01   5.4158902e-03  -5.5237566e-01  -2.4716258e-01  -1.6892670e-02   2.7025910e-04   2.8072249e-02   1.2849780e-01   4.3163490e-03  -6.7457237e-05
   9.1250000e-01   1.4895402e+00  -1.0304455e+00   1.1888820e-01   5.2129962e-03  -5.6473378e-01  -2.3388827e-01  -1.6879157e-02   2.4109028e-04   3.4497135e-02   1.2439362e-01   4.3129762e-03  -6.3959637e-05
   9.1500000e-01   1.4387512e+00  -9.9917813e-01   1.1914414e-01   5.0119362e-03  -5.7642818e-01  -2.2104113e-01  -1.6867102e-02   2.1292974e-04   4.0716811e-02   1.2025573e-01   4.3097782e-03  -6.0417563e-05
   9.1750000e-01   1.3895652e+00  -9.6856412e-01   1.1938972e-01   4.8129663e-03  -5.8748023e-01  -2.0862128e-01  -1.6856456e-02   1.8577230e-04   4.6729593e-02   1.1609361e-01   4.3067573e-03  -5.6846823e-05
   9.2000000e-01   1.3419379e+00  -9.3860852e-01   1.1962512e-01   4.6161382e-03  -5.9791129e-01  -1.9662771e-01  -1.6847167e-02   1.5961051e-04   5.2534270e-02   1.1191614e-01   4.3039150e-03  -5.3262060e-05
   9.2250000e-01   1.2957207e+00  -9.0926796e-01   1.1985120e-01   4.4213424e-03  -6.0774266e-01  -1.8505925e-01  -1.6839187e-02   1.3443665e-04   5.8130072e-02   1.0773171e-01   4.3012519e-03  -4.9677037e-05
   9.2500000e-01   1.2509086e+00  -8.8055785e-01   1.2006790e-01   4.2286599e-03  -6.1699562e-01  -1.7391340e-01  -1.6832465e-02   1.1024044e-04   6.3516654e-02   1.0354811e-01   4.2987680e-03  -4.6104355e-05
   9.2750000e-01   1.2076618e+00  -8.5257077e-01   1.2027404e-01   4.0384394e-03  -6.2569128e-01  -1.6318499e-01  -1.6826953e-02   8.7006304e-05   6.8694056e-02   9.9372306e-02   4.2964628e-03  -4.2555066e-05
   9.3000000e-01   1.1657450e+00  -8.2521516e-01   1.2047108e-01   3.8504026e-03  -6.3385053e-01  -1.5286976e-01  -1.6822602e-02   6.4720595e-05   7.3662668e-02   9.5210966e-02   4.2943351e-03  -3.9039692e-05
   9.3250000e-01   1.1251241e+00  -7.9848894e-01   1.2065916e-01   3.6645718e-03  -6.4149401e-01  -1.4296267e-01  -1.6819366e-02   4.3368201e-05   7.8423213e-02   9.1070226e-02   4.2923831e-03  -3.5567783e-05
   9.3500000e-01   1.0857810e+00  -7.7239666e-01   1.2083831e-01   3.4809930e-03  -6.4864214e-01  -1.3345785e-01  -1.6817198e-02   2.2932419e-05   8.2976721e-02   8.6955693e-02   4.2906047e-03  -3.2147917e-05
   9.3750000e-01   1.0478690e+00  -7.4703063e-01   1.2100732e-01   3.3000334e-03  -6.5531503e-01  -1.2434710e-01  -1.6816051e-02   3.3920286e-06   8.7324502e-02   8.2872223e-02   4.2889973e-03  -2.8787255e-05
   9.4000000e-01   1.0111712e+00  -7.2229399e-01   1.2116761e-01   3.1213781e-03  -6.6153238e-01  -1.1562334e-01  -1.6815882e-02  -1.5271819e-05   9.1468110e-02   7.8824456e-02   4.2875579e-03  -2.5492622e-05
   9.4250000e-01   9.7566958e-01  -6.9818865e-01   1.2131920e-01   2.9450654e-03  -6.6731354e-01  -1.0727888e-01  -1.6816645e-02  -3.3079089e-05   9.5409330e-02   7.4816562e-02   4.2862833e-03  -2.2269999e-05
   9.4500000e-01   9.4133396e-01  -6.7470911e-01   1.2146221e-01   2.7711067e-03  -6.7267748e-01  -9.9305612e-02  -1.6818299e-02  -5.0050485e-05   9.9150156e-02   7.0852290e-02   4.2851698e-03  -1.9124611e-05
   9.4750000e-01   9.0815671e-01  -6.5186147e-01   1.2159659e-01   2.5995578e-03  -6.7764276e-01  -9.1694835e-02  -1.6820802e-02  -6.6207740e-05   1.0269277e-01   6.6934943e-02   4.2842136e-03  -1.6060896e-05
   9.5000000e-01   8.7609033e-01  -6.2962921e-01   1.2172257e-01   2.4303886e-03  -6.8222750e-01  -8.4437708e-02  -1.6824112e-02  -8.1572746e-05   1.0603951e-01   6.3067472e-02   4.2834105e-03  -1.3082677e-05
   9.5250000e-01   8.4511314e-01  -6.0800903e-01   1.2184021e-01   2.2636195e-03  -6.8644938e-01  -7.7525061e-02  -1.6828191e-02  -9.6167922e-05   1.0919288e-01   5.9252449e-02   4.2827564e-03  -1.0193122e-05
   9.5500000e-01   8.1528054e-01  -5.8704154e-01   1.2194895e-01   2.0994485e-03  -6.9032563e-01  -7.0946743e-02  -1.6832999e-02  -1.1001751e-04   1.1215550e-01   5.5491971e-02   4.2822467e-03  -7.3945417e-06
   9.5750000e-01   7.8644416e-01  -5.6664973e-01   1.2204984e-01   1.9376030e-03  -6.9387296e-01  -6.4693555e-02  -1.6838500e-02  -1.2314371e-04   1.1493010e-01   5.1788005e-02   4.2818770e-03  -4.6890885e-06
   9.6000000e-01   7.5861248e-01  -5.4684541e-01   1.2214270e-01   1.7781643e-03  -6.9710764e-01  -5.8755845e-02  -1.6844657e-02  -1.3556950e-04   1.1751950e-01   4.8142160e-02   4.2816426e-03  -2.0782915e-06
   9.6250000e-01   7.3175638e-01  -5.2761810e-01   1.2222764e-01   1.6211238e-03  -7.0004543e-01  -5.3123902e-02  -1.6851436e-02  -1.4731784e-04   1.1992661e-01   4.4555768e-02   4.2815386e-03   4.3678056e-07
   9.6500000e-01   7.0585483e-01  -5.0896155e-01   1.2230473e-01   1.4664909e-03  -7.0270162e-01  -4.7787917e-02  -1.6858802e-02  -1.5841175e-04   1.2215439e-01   4.1029888e-02   4.2815605e-03   2.8555079e-06
   9.6750000e-01   6.8081196e-01  -4.9082317e-01   1.2237467e-01   1.3140732e-03  -7.0509102e-01  -4.2738719e-02  -1.6866722e-02  -1.6887286e-04   1.2420589e-01   3.7565456e-02   4.2817033e-03   5.1774265e-06
   9.7000000e-01   6.5676771e-01  -4.7329365e-01   1.2243614e-01   1.1643004e-03  -7.0722795e-01  -3.7965616e-02  -1.6875166e-02  -1.7872569e-04   1.2608416e-01   3.4162897e-02   4.2819621e-03   7.4030015e-06
   9.7250000e-01   6.3357047e-01  -4.5628568e-01   1.2249031e-01   1.0168316e-03  -7.0912623e-01  -3.3459146e-02  -1.6884102e-02  -1.8799216e-04   1.2779230e-01   3.0822646e-02   4.2823323e-03   9.5325881e-06
   9.7500000e-01   6.1119549e-01  -4.3978802e-01   1.2253729e-01   8.7165027e-04  -7.1079919e-01  -2.9209921e-02  -1.6893502e-02  -1.9669394e-04   1.2933343e-01   2.7544947e-02   4.2828089e-03   1.1566837e-05
   9.7750000e-01   5.8963144e-01  -4.2379745e-01   1.2257708e-01   7.2877608e-04  -7.1225968e-01  -2.5208521e-02  -1.6903336e-02  -2.0485263e-04   1.3071068e-01   2.4329846e-02   4.2833873e-03   1.3506709e-05
   9.8000000e-01   5.6881947e-01  -4.0828038e-01   1.2261010e-01   5.8808815e-04  -7.1352011e-01  -2.1445968e-02  -1.6913579e-02  -2.1248883e-04   1.3192717e-01   2.1177290e-02   4.2840626e-03   1.5353282e-05
   9.8250000e-01   5.4874675e-01  -3.9323161e-01   1.2263637e-01   4.4959299e-04  -7.1459240e-01  -1.7913314e-02  -1.6924203e-02  -2.1962296e-04   1.3298603e-01   1.8087058e-02   4.2848303e-03   1.7107883e-05
   9.8500000e-01   5.2939201e-01  -3.7864033e-01   1.2265600e-01   3.1327123e-04  -7.1548807e-01  -1.4601740e-02  -1.6935185e-02  -2.2627508e-04   1.3389039e-01   1.5058797e-02   4.2856856e-03   1.8772032e-05
   9.8750000e-01   5.1084392e-01  -3.6456639e-01   1.2266802e-01   1.7945105e-04  -7.1621816e-01  -1.1501564e-02  -1.6946498e-02  -2.3246682e-04   1.3464333e-01   1.2091832e-02   4.2866242e-03   2.0347811e-05
   9.9000000e-01   4.9301337e-01  -3.5095555e-01   1.2267316e-01   4.7913627e-05  -7.1679323e-01  -8.6039072e-03  -1.6958122e-02  -2.3821813e-04   1.3524792e-01   9.1854999e-03   4.2876416e-03   2.1837199e-05
   9.9250000e-01   4.7581829e-01  -3.3775678e-01   1.2267210e-01  -8.1559261e-05  -7.1722343e-01  -5.9006334e-03  -1.6970033e-02  -2.4354734e-04   1.3570719e-01   6.3391521e-03   4.2887335e-03   2.3242080e-05
   9.9500000e-01   4.5924231e-01  -3.2496095e-01   1.2266493e-01  -2.0898402e-04  -7.1751846e-01  -3.3837509e-03  -1.6982210e-02  -2.4847241e-04   1.3602415e-01   3.5520432e-03   4.2898956e-03   2.4564463e-05
   9.9750000e-01   4.4326789e-01  -3.1255805e-01   1.2265172e-01  -3.3438218e-04  -7.1768765e-01  -1.0454345e-03  -1.6994634e-02  -2.5301085e-04   1.3620175e-01   8.2334533e-04   4.2911238e-03   2.5806451e-05
   1.0000000e+00   4.2787787e-01  -3.0053809e-01   1.2263257e-01  -4.5777560e-04  -7.1773992e-01   1.1219671e-03  -1.7007284e-02  -2.5717975e-04   1.3624292e-01  -1.8478425e-03   4.2924141e-03   2.6970235e-05
