   0.0000000e+00   4.2787787e-01  -3.0053809e-01   1.2263257e-01  -4.5777560e-04   3.0976610e-01  -4.0566091e-01  -8.5952917e-06   7.9474331e-06   1.2632825e-01   8.2994906e-01  -3.5268681e-07  -2.3183627e-05
   2.5000000e-03   4.1324398e-01  -2.8901554e-01   1.2260558e-01  -5.7850856e-04   2.8948307e-01  -5.1610319e-01  -8.1979203e-06   1.0691176e-05   1.6782568e-01   7.6616734e-01  -1.5118674e-06  -2.1097005e-05
   5.0000000e-03   3.9910284e-01  -2.7781823e-01   1.2257337e-01  -6.9746231e-04   2.6367793e-01  -6.1668976e-01  -7.6633619e-06   1.3038145e-05   2.0613402e-01   6.8780583e-01  -2.5667169e-06  -1.8736577e-05
   7.5000000e-03   3.8544471e-01  -2.6694008e-01   1.2253599e-01  -8.1465149e-04   2.3284346e-01  -7.0551371e-01  -7.0114551e-06   1.4969137e-05   2.4052429e-01   5.9636481e-01  -3.5035450e-06  -1.6167168e-05
   1.0000000e-02   3.7230350e-01  -2.5640402e-01   1.2249302e-01  -9.2992428e-04   1.9756780e-01  -7.8089359e-01  -6.2629988e-06   1.6474682e-05   2.7034250e-01   4.9359110e-01  -4.3119029e-06  -1.3453008e-05
   1.2500000e-02   3.5981620e-01  -2.4630150e-01   1.2244282e-01  -1.0427090e-03   1.5852315e-01  -8.4140495e-01  -5.4392652e-06   1.7554782e-05   2.9502204e-01   3.8144426e-01  -4.9845528e-06  -1.0655662e-05
   1.5000000e-02   3.4779948e-01  -2.3651126e-01   1.2238731e-01  -1.1536584e-03   1.1645293e-01  -8.8590629e-01  -4.5615267e-06   1.8216802e-05   3.1409424e-01   2.6206027e-01  -5.5173355e-06  -7.8350200e-06
   1.7500000e-02   3.3608794e-01  -2.2692358e-01   1.2232834e-01  -1.2634145e-03   7.2157649e-02  -9.1356058e-01  -3.6506873e-06   1.8475428e-05   3.2719725e-01   1.3771099e-01  -5.9090862e-06  -5.0485065e-06
   2.0000000e-02   3.2510227e-01  -2.1781768e-01   1.2226095e-01  -1.3702507e-03   2.6479652e-02  -9.2385126e-01  -2.7269165e-06   1.8352849e-05   3.3408279e-01   1.0758804e-02  -6.1615114e-06  -2.3457800e-06
   2.2500000e-02   3.1438654e-01  -2.0889078e-01   1.2219036e-01  -1.4759724e-03  -1.9712878e-02  -9.1659088e-01  -1.8092748e-06   1.7876397e-05   3.3462073e-01  -1.1638478e-01  -6.2788003e-06   2.2522421e-07
   2.5000000e-02   3.0415388e-01  -2.0028416e-01   1.2211403e-01  -1.5796926e-03  -6.5542390e-02  -8.9192480e-01  -9.1545555e-07   1.7078492e-05   3.2880150e-01  -2.4130736e-01  -6.2675391e-06   2.6239915e-06
   2.7500000e-02   2.9439935e-01  -1.9199378e-01   1.2203186e-01  -1.6813734e-03  -1.1013860e-01  -8.5032782e-01  -6.1531528e-08   1.5995279e-05   3.1673614e-01  -3.6164037e-01  -6.1363396e-06   4.8160567e-06
   3.0000000e-02   2.8489282e-01  -1.8386733e-01   1.2194665e-01  -1.7819912e-03  -1.5265496e-01  -7.9259533e-01   7.3823188e-07   1.4666448e-05   2.9865413e-01  -4.7510297e-01  -5.8955369e-06   6.7716092e-06
   3.2500000e-02   2.7594118e-01  -1.7610660e-01   1.2185451e-01  -1.8801777e-03  -1.9228470e-01  -7.1982719e-01   1.4715538e-06   1.3132709e-05   2.7489900e-01  -5.7954701e-01  -5.5569567e-06   8.4694779e-06
   3.5000000e-02   2.6735198e-01  -1.6858366e-01   1.2175773e-01  -1.9767358e-03  -2.2827603e-01  -6.3340745e-01   2.1281888e-06   1.1436408e-05   2.4592167e-01  -6.7299565e-01  -5.1334831e-06   9.8934559e-06
   3.7500000e-02   2.5907919e-01  -1.6126779e-01   1.2165686e-01  -2.0718563e-03  -2.5994638e-01  -5.3497786e-01   2.7000088e-06   9.6203994e-06   2.1227191e-01  -7.5368120e-01  -4.6388107e-06   1.1033353e-05
   4.0000000e-02   2.5115402e-01  -1.5417875e-01   1.2155146e-01  -2.1653787e-03  -2.8669526e-01  -4.2640643e-01   3.1810284e-06   7.7268038e-06   1.7458788e-01  -8.2007850e-01  -4.0871434e-06   1.1885192e-05
   4.2500000e-02   2.4367171e-01  -1.4737682e-01   1.2144015e-01  -2.2568188e-03  -3.0801556e-01  -3.0975174e-01   3.5673684e-06   5.7957108e-06   1.3358398e-01  -8.7093365e-01  -3.4928843e-06   1.2450929e-05
   4.5000000e-02   2.3647297e-01  -1.4075749e-01   1.2132499e-01  -2.3468997e-03  -3.2350314e-01  -1.8722479e-01   3.8571537e-06   3.8662946e-06   9.0037329e-02  -9.0528695e-01  -2.8703383e-06   1.2737068e-05
   4.7500000e-02   2.2955649e-01  -1.3431931e-01   1.2120598e-01  -2.4356167e-03  -3.3286437e-01  -6.1146677e-02   4.0504683e-06   1.9752247e-06   4.4773013e-02  -9.2249127e-01  -2.2334853e-06   1.2754964e-05
   5.0000000e-02   2.2300428e-01  -1.2811335e-01   1.2108192e-01  -2.5225454e-03  -3.3592170e-01   6.6095609e-02   4.1492295e-06   1.5549660e-07  -1.3515184e-03  -9.2222403e-01  -1.5957375e-06   1.2520263e-05
   5.2500000e-02   2.1678182e-01  -1.2211542e-01   1.2095319e-01  -2.6078214e-03  -3.3261693e-01   1.9209386e-01   4.1570043e-06  -1.5630516e-06  -4.7462687e-02  -9.0449298e-01  -9.6972480e-07   1.2052082e-05
   5.5000000e-02   2.1081298e-01  -1.1627625e-01   1.2082083e-01  -2.6918097e-03  -3.2301224e-01   3.1446390e-01   4.0788518e-06  -3.1537092e-06  -9.2687305e-02  -8.6963603e-01  -3.6712111e-07   1.1372630e-05
   5.7500000e-02   2.0509356e-01  -1.1059246e-01   1.2068487e-01  -2.7745214e-03  -3.0728906e-01   4.3089090e-01   3.9211664e-06  -4.5937031e-06  -1.3616908e-01  -8.1831469e-01   2.0150999e-07   1.0506672e-05
   6.0000000e-02   1.9974629e-01  -1.0513754e-01   1.2054346e-01  -2.8552933e-03  -2.8574453e-01   5.3917342e-01   3.6914814e-06  -5.8651905e-06  -1.7708478e-01  -7.5150118e-01   7.2684321e-07   9.4803949e-06
   6.2500000e-02   1.9463683e-01  -9.9826638e-02   1.2039849e-01  -2.9348024e-03  -2.5878587e-01   6.3726402e-01   3.3982221e-06  -6.9534577e-06  -2.1465981e-01  -6.7046043e-01   1.2008626e-06   8.3216484e-06
   6.5000000e-02   1.8974682e-01  -9.4647781e-02   1.2025022e-01  -3.0131381e-03  -2.2692270e-01   7.2330824e-01   3.0505495e-06  -7.8478337e-06  -2.4818281e-01  -5.7672591e-01   1.6169448e-06   7.0591625e-06
   6.7500000e-02   1.8513488e-01  -8.9634403e-02   1.2009772e-01  -3.0899702e-03  -1.9075731e-01   7.9567974e-01   2.6581580e-06  -8.5420013e-06  -2.7701909e-01  -4.7207044e-01   1.9699026e-06   5.7215451e-06
   7.0000000e-02   1.8080654e-01  -8.4786533e-02   1.1994085e-01  -3.1652425e-03  -1.5097335e-01   8.5301073e-01   2.2310583e-06  -9.0334434e-06  -3.0062259e-01  -3.5847272e-01   2.2559797e-06   4.3369979e-06
   7.2500000e-02   1.7667920e-01  -8.0054188e-02   1.1978083e-01  -3.2393967e-03  -1.0832284e-01   8.9421751e-01   1.7793864e-06  -9.3229721e-06  -3.1854622e-01  -2.3808033e-01   2.4728294e-06   2.9335164e-06
   7.5000000e-02   1.7274798e-01  -7.5433803e-02   1.1961774e-01  -3.3124546e-03  -6.3611999e-02   9.1852111e-01   1.3132382e-06  -9.4149143e-06  -3.3045022e-01  -1.1316891e-01   2.6195051e-06   1.5380005e-06
   7.7500000e-02   1.6913479e-01  -7.0990538e-02   1.1944958e-01  -3.3837072e-03  -1.7685975e-02   9.2546190e-01   8.4249277e-07  -9.3168938e-06  -3.3610867e-01   1.3901278e-02   2.6964051e-06   1.7488852e-07
   8.0000000e-02   1.6569748e-01  -6.6642656e-02   1.1927858e-01  -3.4539479e-03   2.8587087e-02   9.1490802e-01   3.7664841e-07  -9.0391613e-06  -3.3541360e-01   1.4072889e-01   2.7051495e-06  -1.1321246e-06
   8.2500000e-02   1.6243459e-01  -6.2388776e-02   1.1910476e-01  -3.5231820e-03   7.4332456e-02   8.8705803e-01  -7.5309338e-08  -8.5946143e-06  -3.2837716e-01   2.6491730e-01   2.6485433e-06  -2.3614359e-06
   8.5000000e-02   1.5944428e-01  -5.8278058e-02   1.1892648e-01  -3.5908261e-03   1.1868533e-01   8.4243692e-01  -5.0503975e-07  -7.9981703e-06  -3.1513131e-01   3.8412021e-01   2.5304716e-06  -3.4944965e-06
   8.7500000e-02   1.5664546e-01  -5.4264500e-02   1.1874503e-01  -3.6573401e-03   1.6080714e-01   7.8188633e-01  -9.0494798e-07  -7.2666771e-06  -2.9592531e-01   4.9608517e-01   2.3557469e-06  -4.5146012e-06
   9.0000000e-02   1.5400466e-01  -5.0330026e-02   1.1856096e-01  -3.7229179e-03   1.9990143e-01   7.0654870e-01  -1.2682816e-06  -6.4186442e-06  -2.7112107e-01   5.9869628e-01   2.1300170e-06  -5.4074398e-06
   9.2500000e-02   1.5158871e-01  -4.6505362e-02   1.1837313e-01  -3.7871549e-03   2.3522884e-01   6.1784548e-01  -1.5892136e-06  -5.4734477e-06  -2.4118628e-01   6.9001439e-01   1.8596452e-06  -6.1618197e-06
   9.5000000e-02   1.4937815e-01  -4.2776805e-02   1.1818183e-01  -3.8501562e-03   2.6612109e-01   5.1745047e-01  -1.8628858e-06  -4.4512993e-06  -2.0668558e-01   7.6831338e-01   1.5515545e-06  -6.7690910e-06
   9.7500000e-02   1.4731450e-01  -3.9115281e-02   1.1798805e-01  -3.9122701e-03   2.9199360e-01   4.0725840e-01  -2.0854506e-06  -3.3732330e-06  -1.6826994e-01   8.3211261e-01   1.2131001e-06  -7.2230404e-06
   1.0000000e-01   1.4543557e-01  -3.5536191e-02   1.1779113e-01  -3.9732646e-03   3.1235650e-01   2.8934896e-01  -2.2541121e-06  -2.2602148e-06  -1.2666434e-01   8.8020514e-01   8.5194838e-07  -7.5203417e-06
   1.0250000e-01   1.4377643e-01  -3.2050112e-02   1.1759045e-01  -4.0329196e-03   3.2682394e-01   1.6594751e-01  -2.3671228e-06  -1.1327866e-06  -8.2654112e-02   9.1168037e-01   4.7593156e-07  -7.6603337e-06
   1.0500000e-01   1.4224804e-01  -2.8617119e-02   1.1738754e-01  -4.0917755e-03   3.3512131e-01   3.9383622e-02  -2.4237621e-06  -1.1703580e-08  -3.7070125e-02   9.2594111e-01   9.2915144e-08  -7.6446659e-06
   1.0750000e-01   1.4088258e-01  -2.5249074e-02   1.1718183e-01  -4.1496347e-03   3.3709049e-01  -8.7953267e-02  -2.4243472e-06   1.0832135e-06   9.2268978e-03   9.2271504e-01  -2.8931789e-07  -7.4775195e-06
   1.1000000e-01   1.3973242e-01  -2.1961265e-02   1.1697241e-01  -4.2061740e-03   3.3269283e-01  -2.1365903e-01  -2.3701866e-06   2.1334902e-06   5.5362617e-02   9.0205979e-01  -6.6319360e-07  -7.1652998e-06
   1.1250000e-01   1.3870614e-01  -1.8717131e-02   1.1676087e-01  -4.2619539e-03   3.2200989e-01  -3.3535958e-01  -2.2635122e-06   3.1211254e-06   1.0046558e-01   8.6436196e-01  -1.0214583e-06  -6.7165835e-06
   1.1500000e-01   1.3782863e-01  -1.5524404e-02   1.1654677e-01  -4.3168218e-03   3.0524192e-01  -4.5075616e-01  -2.1074560e-06   4.0297015e-06   1.4368364e-01   8.1032981e-01  -1.3572873e-06  -6.1419280e-06
   1.1750000e-01   1.3716456e-01  -1.2399342e-02   1.1632901e-01  -4.3703842e-03   2.8270413e-01  -5.5766873e-01  -1.9059711e-06   4.8447905e-06   1.8420010e-01   7.4097989e-01  -1.6643835e-06  -5.4534104e-06
   1.2000000e-01   1.3660947e-01  -9.3063421e-03   1.1610938e-01  -4.4232822e-03   2.5482071e-01  -6.5407661e-01  -1.6637317e-06   5.5529842e-06   2.2124907e-01   6.5761820e-01  -1.9370538e-06  -4.6650449e-06
   1.2250000e-01   1.3620856e-01  -6.2576179e-03   1.1588711e-01  -4.4752414e-03   2.2211690e-01  -7.3815706e-01  -1.3860827e-06   6.1430564e-06   2.5412996e-01   5.6181534e-01  -2.1703059e-06  -3.7920462e-06
   1.2500000e-01   1.3599595e-01  -3.2571141e-03   1.1566165e-01  -4.5260616e-03   1.8520908e-01  -8.0831964e-01  -1.0789301e-06   6.6059035e-06   2.8222071e-01   4.5537695e-01  -2.3599081e-06  -2.8505391e-06
   1.2750000e-01   1.3588878e-01  -2.8166710e-04   1.1543441e-01  -4.5762475e-03   1.4479312e-01  -8.6323601e-01  -7.4863515e-07   6.9341332e-06   3.0498954e-01   3.4031006e-01  -2.5024349e-06  -1.8580576e-06
   1.3000000e-01   1.3594899e-01   2.6562525e-03   1.1520435e-01  -4.6254305e-03   1.0163135e-01  -9.0186533e-01  -4.0192874e-07   7.1227757e-06   3.2200503e-01   2.1878484e-01  -2.5953377e-06  -8.3241504e-07
   1.3250000e-01   1.3617604e-01   5.5622644e-03   1.1497152e-01  -4.6736256e-03   5.6538118e-02  -9.2347380e-01  -4.5790207e-08   7.1690148e-06   3.3294426e-01   9.3093896e-02  -2.6369584e-06   2.0816157e-07
   1.3500000e-01   1.3649203e-01   8.4521406e-03   1.1473721e-01  -4.7212964e-03   1.0364461e-02  -9.2764864e-01   3.1266028e-07   7.0721985e-06   3.3759896e-01  -3.4390596e-02  -2.6265504e-06   1.2446825e-06
   1.3750000e-01   1.3701431e-01   1.1309559e-02   1.1449952e-01  -4.7677636e-03  -3.6017938e-02  -9.1430595e-01   6.6626996e-07   6.8340099e-06   3.3587943e-01  -1.6126237e-01  -2.5643163e-06   2.2590983e-06
   1.4000000e-01   1.3765056e-01   1.4153001e-02   1.1425999e-01  -4.8135778e-03  -8.1733204e-02  -8.8369243e-01   1.0079702e-06   6.4583507e-06   3.2781631e-01  -2.8512566e-01  -2.4513615e-06   3.2329772e-06
   1.4250000e-01   1.3840230e-01   1.6982279e-02   1.1401860e-01  -4.8587301e-03  -1.2591779e-01  -8.3638086e-01   1.3308875e-06   5.9514103e-06   3.1356004e-01  -4.0364070e-01  -2.2897127e-06   4.1484820e-06
   1.4500000e-01   1.3935477e-01   1.9793913e-02   1.1377404e-01  -4.9027553e-03  -1.6773681e-01  -7.7325922e-01   1.6284578e-06   5.3212784e-06   2.9337802e-01  -5.1456822e-01  -2.0822888e-06   4.9891753e-06
   1.4750000e-01   1.4039665e-01   2.2599901e-02   1.1352809e-01  -4.9462869e-03  -2.0639974e-01  -6.9551440e-01   1.8945216e-06   4.5784504e-06   2.6764963e-01  -6.1581101e-01  -1.8328302e-06   5.7389236e-06
   1.5000000e-01   1.4160962e-01   2.5396895e-02   1.1327951e-01  -4.9888807e-03  -2.4117544e-01  -6.0460954e-01   2.1234439e-06   3.7350533e-06   2.3685910e-01  -7.0545419e-01  -1.5458842e-06   6.3834114e-06
   1.5250000e-01   1.4295399e-01   2.8191669e-02   1.1302895e-01  -5.0307735e-03  -2.7140589e-01  -5.0225685e-01   2.3101964e-06   2.8051862e-06   2.0158641e-01  -7.8180102e-01  -1.2267138e-06   6.9096037e-06
   1.5500000e-01   1.4440750e-01   3.0984599e-02   1.1277675e-01  -5.0720841e-03  -2.9651872e-01  -3.9038532e-01   2.4504557e-06   1.8047424e-06   1.6249639e-01  -8.4340506e-01  -8.8123390e-07   7.3061503e-06
   1.5750000e-01   1.4605937e-01   3.3781276e-02   1.1252167e-01  -5.1123689e-03  -3.1603797e-01  -2.7110412e-01   2.5406927e-06   7.5047909e-07   1.2032617e-01  -8.8909780e-01  -5.1592664e-07   7.5639677e-06
   1.6000000e-01   1.4777827e-01   3.6580086e-02   1.1226562e-01  -5.1523114e-03  -3.2959317e-01  -1.4666357e-01   2.5782166e-06  -3.3874222e-07   7.5871309e-02  -9.1801044e-01  -1.3772852e-07   7.6757201e-06
   1.6250000e-01   1.4971366e-01   3.9390539e-02   1.1200652e-01  -5.1911715e-03  -3.3692634e-01  -1.9411821e-02   2.5612795e-06  -1.4441371e-06   2.9970819e-02  -9.2959080e-01   2.4605721e-07   7.6366848e-06
   1.6500000e-01   1.5174624e-01   4.2209608e-02   1.1174611e-01  -5.2295639e-03  -3.3789693e-01   1.0824851e-01   2.4890727e-06  -2.5453534e-06  -1.6508688e-02  -9.2361361e-01   6.2789118e-07   7.4443886e-06
   1.6750000e-01   1.5393662e-01   4.5042667e-02   1.1148356e-01  -5.2671968e-03  -3.3248451e-01   2.3390626e-01   2.3618052e-06  -3.6220630e-06  -6.2689337e-02  -9.0018504e-01   1.0001104e-06   7.0989566e-06
   1.7000000e-01   1.5625852e-01   4.7891931e-02   1.1121929e-01  -5.3042229e-03  -3.2078920e-01   3.5518691e-01   2.1807021e-06  -4.6536355e-06  -1.0769856e-01  -8.5974084e-01   1.3550579e-06   6.6031545e-06
   1.7250000e-01   1.5871862e-01   5.0758225e-02   1.1095324e-01  -5.3406115e-03  -3.0302987e-01   4.6979754e-01   1.9480205e-06  -5.6197092e-06  -1.5068557e-01  -8.0303832e-01   1.6852154e-06   5.9624277e-06
   1.7500000e-01   1.6134109e-01   5.3650038e-02   1.1068517e-01  -5.3762851e-03  -2.7954001e-01   5.7557024e-01   1.6670353e-06  -6.5006254e-06  -1.9083746e-01  -7.3114211e-01   1.9833366e-06   5.1848115e-06
   1.7750000e-01   1.6407452e-01   5.6559287e-02   1.1041573e-01  -5.4114702e-03  -2.5076152e-01   6.7050279e-01   1.3420042e-06  -7.2773098e-06  -2.2739454e-01  -6.4540443e-01   2.2425770e-06   4.2811885e-06
   1.8000000e-01   1.6700259e-01   5.9505363e-02   1.1014399e-01  -5.4458398e-03  -2.1723640e-01   7.5279700e-01   9.7813899e-07  -7.9323878e-06  -2.5966474e-01  -5.4743940e-01   2.4566363e-06   3.2646112e-06
   1.8250000e-01   1.7001387e-01   6.2467182e-02   1.0987127e-01  -5.4798607e-03  -1.7959658e-01   8.2089224e-01   5.8151987e-07  -8.4495260e-06  -2.8703669e-01  -4.3909321e-01   2.6198667e-06   2.1511642e-06
   1.8500000e-01   1.7325932e-01   6.5480444e-02   1.0959593e-01  -5.5129513e-03  -1.3855200e-01   8.7349562e-01   1.5904387e-07  -8.8149190e-06  -3.0899133e-01  -3.2240867e-01   2.7274248e-06   9.5830315e-07
   1.8750000e-01   1.7656077e-01   6.8506009e-02   1.0931997e-01  -5.5458194e-03  -9.4877246e-02   9.0960600e-01  -2.8170177e-07  -9.0164033e-06  -3.2511175e-01  -1.9958774e-01   2.7753400e-06  -2.9332764e-07
   1.9000000e-01   1.8011218e-01   7.1593680e-02   1.0904137e-01  -5.5777492e-03  -4.9396978e-02   9.2853353e-01  -7.3252162e-07  -9.0448243e-06  -3.3509113e-01  -7.2948842e-02   2.7606736e-06  -1.5825981e-06
   1.9250000e-01   1.8371748e-01   7.4694739e-02   1.0876221e-01  -5.6094766e-03  -2.9703338e-03   9.2991257e-01  -1.1847625e-06  -8.8935316e-06  -3.3873857e-01   5.5115500e-02   2.6815438e-06  -2.8855197e-06
   1.9500000e-01   1.8758421e-01   7.7867794e-02   1.0848045e-01  -5.6402798e-03   4.3525262e-02   9.1370892e-01  -1.6294388e-06  -8.5590208e-06  -3.3598280e-01   1.8218525e-01   2.5372679e-06  -4.1784389e-06
   1.9750000e-01   1.9150136e-01   8.1054734e-02   1.0819819e-01  -5.6709047e-03   8.9210676e-02   8.8022077e-01  -2.0573895e-06  -8.0411124e-06  -3.2687354e-01   3.0585705e-01   2.3283461e-06  -5.4354435e-06
   2.0000000e-01   1.9569254e-01   8.4323887e-02   1.0791338e-01  -5.7006191e-03   1.3322168e-01   8.3007298e-01  -2.4594449e-06  -7.3426887e-06  -3.1158070e-01   4.2379117e-01   2.0565741e-06  -6.6318347e-06
   2.0250000e-01   1.9993058e-01   8.7607098e-02   1.0762814e-01  -5.7301777e-03   1.7472530e-01   7.6420602e-01  -2.8265790e-06  -6.4706408e-06  -2.9039116e-01   5.3375420e-01   1.7249826e-06  -7.7414954e-06
   2.0500000e-01   2.0445608e-01   9.0982969e-02   1.0734039e-01  -5.7588405e-03   2.1293558e-01   6.8385768e-01  -3.1501108e-06  -5.4345943e-06  -2.6370347e-01   6.3366286e-01   1.3379081e-06  -8.7403859e-06
   2.0750000e-01   2.0902467e-01   9.4372732e-02   1.0705227e-01  -5.7873689e-03   2.4712844e-01   5.9054084e-01  -3.4218404e-06  -4.2486581e-06  -2.3202035e-01   7.2162200e-01   9.0088910e-07  -9.6041024e-06
   2.1000000e-01   2.1389695e-01   9.7866495e-02   1.0676168e-01  -5.8150109e-03   2.7665546e-01   4.8601392e-01  -3.6342731e-06  -2.9290925e-06  -1.9593927e-01   7.9596192e-01   4.2068431e-07  -1.0311109e-05
   2.1250000e-01   2.1880677e-01   1.0137311e-01   1.0647079e-01  -5.8425432e-03   3.0095614e-01   3.7224919e-01  -3.7807276e-06  -1.4968578e-06  -1.5614120e-01   8.5526888e-01  -9.4870777e-08  -1.0840705e-05
   2.1500000e-01   2.2403822e-01   1.0499567e-01   1.0617745e-01  -5.8691973e-03   3.1956858e-01   2.5139406e-01  -3.8555705e-06   2.5760971e-08  -1.1337779e-01   8.9841305e-01  -6.3690564e-07  -1.1175699e-05
   2.1750000e-01   2.2930134e-01   1.0862964e-01   1.0588388e-01  -5.8957649e-03   3.3213828e-01   1.2573243e-01  -3.8542824e-06   1.6118816e-06  -6.8457168e-02   9.2456924e-01  -1.1956902e-06  -1.1301032e-05
   2.2000000e-01   2.3490552e-01   1.1239200e-01   1.0558790e-01  -5.9214623e-03   3.3842490e-01  -2.3604029e-03  -3.7736884e-06   3.2343197e-06  -2.2228738e-02   9.3323339e-01  -1.7607414e-06  -1.1205561e-05
   2.2250000e-01   2.4053507e-01   1.1616392e-01   1.0529175e-01  -5.9470950e-03   3.3830688e-01  -1.3046042e-01  -3.6119725e-06   4.8617560e-06   2.4432898e-02   9.2423195e-01  -2.3210191e-06  -1.0881584e-05
   2.2500000e-01   2.4652794e-01   1.2007776e-01   1.0499321e-01  -5.9718622e-03   3.3178386e-01  -2.5614296e-01  -3.3688849e-06   6.4637312e-06   7.0644463e-02   8.9772555e-01  -2.8650979e-06  -1.0325426e-05
   2.2750000e-01   2.5253949e-01   1.2399889e-01   1.0469455e-01  -5.9965849e-03   3.1897672e-01  -3.7702624e-01  -3.0456986e-06   8.0064785e-06   1.1553071e-01   8.5420644e-01  -3.3813688e-06  -9.5380709e-06
   2.3000000e-01   2.5893288e-01   1.2807391e-01   1.0439358e-01  -6.0204589e-03   3.0012542e-01  -4.9081882e-01  -2.6453749e-06   9.4582656e-06   1.5824100e-01   7.9448892e-01  -3.8582720e-06  -8.5243193e-06
   2.3250000e-01   2.6534318e-01   1.3215575e-01   1.0409250e-01  -6.0442953e-03   2.7558450e-01  -5.9536070e-01  -2.1724620e-06   1.0785310e-05   1.9796542e-01   7.1969509e-01  -4.2844877e-06  -7.2946229e-06
   2.3500000e-01   2.7215390e-01   1.3640326e-01   1.0378918e-01  -6.0673017e-03   2.4581648e-01  -6.8866657e-01  -1.6331968e-06   1.1956950e-05   2.3395015e-01   6.3123268e-01  -4.6492186e-06  -5.8627154e-06
   2.3750000e-01   2.7897954e-01   1.4065696e-01   1.0348577e-01  -6.0902772e-03   2.1138318e-01  -7.6896139e-01  -1.0353498e-06   1.2942040e-05   2.6551176e-01   5.3077019e-01  -4.9423541e-06  -4.2486359e-06
   2.4000000e-01   2.8622545e-01   1.4508843e-01   1.0318018e-01  -6.1124401e-03   1.7293514e-01  -8.3471617e-01  -3.8824822e-07   1.3713506e-05   2.9205025e-01   4.2020368e-01  -5.1547858e-06  -2.4748565e-06
   2.4250000e-01   2.9348411e-01   1.4952529e-01   1.0287452e-01  -6.1345783e-03   1.3119936e-01  -8.8467541e-01   2.9742658e-07   1.4245566e-05   3.1306042e-01   3.0162326e-01  -5.2785285e-06  -5.7037559e-07
   2.4500000e-01   3.0118138e-01   1.5415110e-01   1.0256676e-01  -6.1559249e-03   8.6965618e-02  -9.1788255e-01   1.0097044e-06   1.4517231e-05   3.2814157e-01   1.7727127e-01  -5.3070473e-06   1.4344848e-06
   2.4750000e-01   3.0889300e-01   1.5878311e-01   1.0225893e-01  -6.1772461e-03   4.1071523e-02  -9.3369729e-01   1.7355654e-06   1.4510681e-05   3.3700513e-01   4.9502611e-02  -5.2353231e-06   3.5032019e-06
   2.5000000e-01   3.1706620e-01   1.6361694e-01   1.0194906e-01  -6.1977891e-03  -5.6133084e-03  -9.3180879e-01   2.4610990e-06   1.4213298e-05   3.3948026e-01  -7.9262630e-02  -5.0601631e-06   5.5992531e-06
   2.5250000e-01   3.2525901e-01   1.6845945e-01   1.0163911e-01  -6.2183012e-03  -5.2203715e-02  -9.1224148e-01   3.1717634e-06   1.3617426e-05   3.3551713e-01  -2.0658194e-01  -4.7802007e-06   7.6807804e-06
   2.5500000e-01   3.3391844e-01   1.7350841e-01   1.0132726e-01  -6.2380773e-03  -9.7815757e-02  -8.7535494e-01   3.8526342e-06   1.2720687e-05   3.2518804e-01  -3.3003966e-01  -4.3961619e-06   9.7072303e-06
   2.5750000e-01   3.4261442e-01   1.7857370e-01   1.0101526e-01  -6.2577995e-03  -1.4158347e-01  -8.2183786e-01   4.4886681e-06   1.1527190e-05   3.0868607e-01  -4.4728987e-01  -3.9108007e-06   1.1634302e-05
   2.6000000e-01   3.5178183e-01   1.8384954e-01   1.0070150e-01  -6.2768255e-03  -1.8267534e-01  -7.5269451e-01   5.0650272e-06   1.0046093e-05   2.8632159e-01  -5.5610372e-01  -3.3290860e-06   1.3420278e-05
   2.6250000e-01   3.6100208e-01   1.8914913e-01   1.0038755e-01  -6.2957781e-03  -2.2031004e-01  -6.6922721e-01   5.5673315e-06   8.2940660e-06   2.5851642e-01  -6.5440921e-01  -2.6580726e-06   1.5021707e-05
   2.6500000e-01   3.7067963e-01   1.9465439e-01   1.0007202e-01  -6.3140963e-03  -2.5377137e-01  -5.7301053e-01   5.9820345e-06   6.2923861e-06   2.2579599e-01  -7.4033298e-01  -1.9069878e-06   1.6398911e-05
   2.6750000e-01   3.8050273e-01   2.0022541e-01   9.9756024e-02  -6.3322242e-03  -2.8242188e-01  -4.6586321e-01   6.2966536e-06   4.0697659e-06   1.8877936e-01  -8.1223424e-01  -1.0870428e-06   1.7513162e-05
   2.7000000e-01   3.9069135e-01   2.0596161e-01   9.9438857e-02  -6.3498743e-03  -3.0571502e-01  -3.4981266e-01   6.5001417e-06   1.6595983e-06   1.4816768e-01  -8.6873732e-01  -2.1138535e-07   1.8330042e-05
   2.7250000e-01   4.0112812e-01   2.1181029e-01   9.9120956e-02  -6.3672176e-03  -3.2320565e-01  -2.2705763e-01   6.5831216e-06  -8.9867740e-07   1.0473085e-01  -9.0875750e-01   7.0511612e-07   1.8818931e-05
   2.7500000e-01   4.1184929e-01   2.1778787e-01   9.8802213e-02  -6.3842093e-03  -3.3455852e-01  -9.9926276e-02   6.5381877e-06  -3.5609313e-06   5.9293002e-02  -9.3152214e-01   1.6460620e-06   1.8954420e-05
   2.7750000e-01   4.2292963e-01   2.2392851e-01   9.8482490e-02  -6.4007805e-03  -3.3955483e-01   2.9168066e-02   6.3601413e-06  -6.2792716e-06   1.2716928e-02  -9.3658577e-01   2.5937823e-06   1.8716979e-05
   2.8000000e-01   4.3420576e-01   2.3015803e-01   9.8162232e-02  -6.4171224e-03  -3.3809643e-01   1.5777179e-01   6.0461779e-06  -9.0012530e-06  -3.4112327e-02  -9.2383880e-01   3.5296306e-06   1.8093549e-05
   2.8250000e-01   4.4596213e-01   2.3660561e-01   9.7840765e-02  -6.4329305e-03  -3.3020784e-01   2.8343905e-01   5.5961156e-06  -1.1673647e-05  -8.0304235e-02  -8.9351010e-01   4.4343074e-06   1.7078038e-05
   2.8500000e-01   4.5781884e-01   2.4309874e-01   9.7519045e-02  -6.4486271e-03  -3.1603590e-01   4.0377610e-01   5.0124337e-06  -1.4239156e-05  -1.2497971e-01  -8.4616327e-01   5.2882087e-06   1.5672415e-05
   2.8750000e-01   4.7028025e-01   2.4986613e-01   9.7195922e-02  -6.4636841e-03  -2.9584711e-01   5.1648959e-01   4.3004764e-06  -1.6642945e-05  -1.6728784e-01  -7.8268569e-01   6.0718289e-06   1.3885521e-05
   2.9000000e-01   4.8285176e-01   2.5668333e-01   9.6872565e-02  -6.4786301e-03  -2.7002265e-01   6.1942728e-01   3.4683297e-06  -1.8827759e-05  -2.0642210e-01  -7.0427320e-01   6.7661045e-06   1.1735635e-05
   2.9250000e-01   4.9594433e-01   2.6373630e-01   9.6548096e-02  -6.4930504e-03  -2.3905131e-01   7.1062178e-01   2.5269425e-06  -2.0740231e-05  -2.4163573e-01  -6.1240649e-01   7.3528858e-06   9.2478183e-06
   2.9500000e-01   5.0926544e-01   2.7089230e-01   9.6223179e-02  -6.5072502e-03  -2.0352024e-01   7.8832630e-01   1.4899317e-06  -2.2328362e-05  -2.7225604e-01  -5.0882455e-01   7.8152764e-06   6.4563843e-06
   2.9750000e-01   5.2301574e-01   2.7824181e-01   9.5897422e-02  -6.5210359e-03  -1.6410395e-01   8.5104941e-01   3.7351437e-07  -2.3545056e-05  -2.9769725e-01  -3.9549093e-01   8.1380954e-06   3.4025031e-06
   3.0000000e-01   5.3709976e-01   2.8574112e-01   9.5571063e-02  -6.5345121e-03  -1.2155151e-01   8.9758311e-01  -8.0373760e-07  -2.4348019e-05  -3.1747178e-01  -2.7455743e-01   8.3082204e-06   1.3515918e-07
   3.0250000e-01   5.5149122e-01   2.9337843e-01   9.5244151e-02  -6.5477032e-03  -7.6672390e-02   9.2702651e-01  -2.0211377e-06  -2.4701299e-05  -3.3119964e-01  -1.4832320e-01   8.3149784e-06  -3.2897693e-06
   3.0500000e-01   5.6645594e-01   3.0127173e-01   9.4916286e-02  -6.5603813e-03  -3.0321097e-02   9.3880350e-01  -3.2562018e-06  -2.4576610e-05  -3.3861580e-01  -1.9190329e-02   8.1504900e-06  -6.8121462e-06
   3.0750000e-01   5.8167801e-01   3.0927942e-01   9.4588021e-02  -6.5728347e-03   1.6619045e-02   9.3267390e-01  -4.4850314e-06  -2.3953546e-05  -3.3957531e-01   1.1037999e-01   7.8098830e-06  -1.0364917e-05
   3.1000000e-01   5.9733395e-01   3.1747974e-01   9.4259090e-02  -6.5849118e-03   6.3252708e-02   9.0873881e-01  -5.6827079e-06  -2.2820954e-05  -3.3405632e-01   2.3791577e-01   7.2916375e-06  -1.3878286e-05
   3.1250000e-01   6.1347546e-01   3.2589423e-01   9.3929473e-02  -6.5965794e-03   1.0868962e-01   8.6743900e-01  -6.8237548e-06  -2.1177271e-05  -3.2216054e-01   3.6098093e-01   6.5977237e-06  -1.7280139e-05
   3.1500000e-01   6.2988424e-01   3.3442633e-01   9.3599487e-02  -6.6080235e-03   1.5206154e-01   8.0954743e-01  -7.8826176e-06  -1.9031654e-05  -3.0411150e-01   4.7722099e-01   5.7337173e-06  -2.0495809e-05
   3.1750000e-01   6.4686481e-01   3.4320885e-01   9.3268757e-02  -6.6189974e-03   1.9253888e-01   7.3615439e-01  -8.8341996e-06  -1.6403142e-05  -2.8025047e-01   5.8440963e-01   4.7089276e-06  -2.3452563e-05
   3.2000000e-01   6.6428575e-01   3.5218275e-01   9.2937498e-02  -6.6296171e-03   2.2934657e-01   6.4864775e-01  -9.6543562e-06  -1.3321769e-05  -2.5103001e-01   6.8049010e-01   3.5363003e-06  -2.6078546e-05
   3.2250000e-01   6.8206701e-01   3.6131273e-01   9.2605821e-02  -6.6399492e-03   2.6177894e-01   5.4868703e-01  -1.0320444e-05  -9.8285968e-06  -2.1700553e-01   7.6361494e-01   2.2323739e-06  -2.8304819e-05
   3.2500000e-01   7.0036245e-01   3.7066438e-01   9.2273575e-02  -6.6498752e-03   2.8921327e-01   4.3817164e-01  -1.0811874e-05  -5.9743577e-06  -1.7882481e-01   8.3218218e-01   8.1713396e-07  -3.0067927e-05
   3.2750000e-01   7.1919485e-01   3.8024552e-01   9.1940783e-02  -6.6593843e-03   3.1112184e-01   3.1920525e-01  -1.1110591e-05  -1.8193762e-06  -1.3721573e-01   8.8486593e-01  -6.8626133e-07  -3.1310691e-05
   3.3000000e-01   7.3840514e-01   3.8998728e-01   9.1607625e-02  -6.6686022e-03   3.2708209e-01   1.9405653e-01  -1.1201560e-05   2.5661134e-06  -9.2972462e-02   9.2064203e-01  -2.2517948e-06  -3.1983326e-05
   3.3250000e-01   7.5807639e-01   3.9992425e-01   9.1274038e-02  -6.6774669e-03   3.3678491e-01   6.5115395e-02  -1.1073254e-05   7.1042778e-06  -4.6940393e-02   9.3880852e-01  -3.8509600e-06  -3.2045582e-05
   3.3500000e-01   7.7841251e-01   4.1014008e-01   9.0939882e-02  -6.6858279e-03   3.4004067e-01  -6.5152875e-02  -1.0718041e-05   1.1711692e-05   0.0000000e+00   9.3899954e-01  -5.4532380e-06  -3.1467773e-05
   3.3750000e-01   7.9920072e-01   4.2054372e-01   9.0605373e-02  -6.6938494e-03   3.3678303e-01  -1.9425334e-01  -1.0132457e-05   1.6298198e-05   4.6949944e-02   9.2119276e-01  -7.0266255e-06  -3.0231585e-05
   3.4000000e-01   8.2044676e-01   4.3113662e-01   9.0270521e-02  -6.7015280e-03   3.2707037e-01  -3.1970980e-01  -9.3175473e-06   2.0769830e-05   9.3009550e-02   8.8571069e-01  -8.5382037e-06  -2.8331382e-05
   3.4250000e-01   8.4222798e-01   4.4194938e-01   8.9935289e-02  -6.7088075e-03   3.1108489e-01  -4.3911239e-01  -8.2790565e-06   2.5030983e-05   1.3729505e-01   8.3321500e-01  -9.9547718e-06  -2.5774756e-05
   3.4500000e-01   8.6466351e-01   4.5302796e-01   8.9599639e-02  -6.7156013e-03   2.8912929e-01  -5.5016399e-01  -7.0275082e-06   2.8986412e-05   1.7895577e-01   7.6469439e-01  -1.1243509e-05  -2.2582652e-05
   3.4750000e-01   8.8761538e-01   4.6431421e-01   8.9263687e-02  -6.7220127e-03   2.6162111e-01  -6.5072369e-01  -5.5781886e-06   3.2541787e-05   2.1719047e-01   6.8144664e-01  -1.2372640e-05  -1.8790284e-05
   3.5000000e-01   9.1108979e-01   4.7580912e-01   8.8927450e-02  -6.7280374e-03   2.2908495e-01  -7.3884863e-01  -3.9511004e-06   3.5606581e-05   2.5126277e-01   5.8505415e-01  -1.3312154e-05  -1.4446824e-05
   3.5250000e-01   9.3509478e-01   4.8751436e-01   8.8590941e-02  -6.7336697e-03   1.9214254e-01  -8.1283163e-01  -2.1707727e-06   3.8096140e-05   2.8051546e-01   4.7735427e-01  -1.4034495e-05  -9.6150300e-06
   3.5500000e-01   9.5982869e-01   4.9950512e-01   8.8254102e-02  -6.7387623e-03   1.5150099e-01  -8.7123469e-01  -2.6596700e-07   3.9934215e-05   3.0438316e-01   3.6040399e-01  -1.4515246e-05  -4.3695812e-06
   3.5750000e-01   9.8514093e-01   5.1171945e-01   8.7917034e-02  -6.7434257e-03   1.0793929e-01  -9.1291659e-01   1.7307423e-06   4.1053686e-05   3.2240334e-01   2.3644178e-01  -1.4733725e-05   1.2021706e-06
   3.6000000e-01   1.0110406e+00   5.2415873e-01   8.7579755e-02  -6.7476517e-03   6.2293488e-02  -9.3705569e-01   3.7834252e-06   4.1399060e-05   3.3422543e-01   1.0784467e-01  -1.4673616e-05   7.0021570e-06
   3.6250000e-01   1.0375335e+00   5.3682293e-01   8.7242285e-02  -6.7514348e-03   1.5440737e-02  -9.4316647e-01   5.8533768e-06   4.0928163e-05   3.3961766e-01  -2.2917152e-02  -1.4323509e-05   1.2923106e-05
   3.6500000e-01   1.0646292e+00   5.4971343e-01   8.6904645e-02  -6.7547658e-03  -3.1717554e-02  -9.3110958e-01   7.8997835e-06   3.9613636e-05   3.3847180e-01  -1.5332763e-01  -1.3677354e-05   1.8850361e-05
   3.6750000e-01   1.0924812e+00   5.6288391e-01   8.6566827e-02  -6.7575260e-03  -7.8273000e-02  -9.0109522e-01   9.8804639e-06   3.7444004e-05   3.3080542e-01  -2.8087352e-01  -1.2734836e-05   2.4664731e-05
   3.7000000e-01   1.1209987e+00   5.7629694e-01   8.6228886e-02  -6.7597797e-03  -1.2332773e-01  -8.5367988e-01   1.1752663e-05   3.4424713e-05   3.1676176e-01  -4.0309206e-01  -1.1501601e-05   3.0243263e-05
   3.7250000e-01   1.1501714e+00   5.8994572e-01   8.5890849e-02  -6.7615309e-03  -1.6601169e-01  -7.8975650e-01   1.3473897e-05   3.0578899e-05   2.9660717e-01  -5.1761873e-01  -9.9894387e-06   3.5462129e-05
   3.7500000e-01   1.1800076e+00   6.0383017e-01   8.5552741e-02  -6.7627694e-03  -2.0549949e-01  -7.1053807e-01   1.5002841e-05   2.5947710e-05   2.7072625e-01  -6.2223307e-01  -8.2163334e-06   4.0199269e-05
   3.7750000e-01   1.2105181e+00   6.1795094e-01   8.5214584e-02  -6.7634822e-03  -2.4102637e-01  -6.1753496e-01   1.6300226e-05   2.0590275e-05   2.3961462e-01  -7.1490186e-01  -6.2063714e-06   4.4337023e-05
   3.8000000e-01   1.2417128e+00   6.3230827e-01   8.4876404e-02  -6.7636568e-03  -2.7190310e-01  -5.1252655e-01   1.7329739e-05   1.4583292e-05   2.0386955e-01  -7.9381877e-01  -3.9895218e-06   4.7764766e-05
   3.8250000e-01   1.2737037e+00   6.4693614e-01   8.4538230e-02  -6.7631977e-03  -2.9752940e-01  -3.9752727e-01   1.8058903e-05   8.0197320e-06   1.6417864e-01  -8.5743991e-01  -1.6012852e-06   5.0381810e-05
   3.8500000e-01   1.3064690e+00   6.6182208e-01   8.4200098e-02  -6.7621137e-03  -3.1740575e-01  -2.7474860e-01   1.8459889e-05   1.0082326e-06   1.2130667e-01  -9.0451401e-01   9.1780354e-07   5.2099368e-05
   3.8750000e-01   1.3399668e+00   6.7694778e-01   8.3862035e-02  -6.7604306e-03  -3.3114317e-01  -1.4655692e-01   1.8510301e-05  -6.3282726e-06   7.6081005e-02  -9.3410736e-01   3.5227701e-06   5.2843008e-05
   3.9000000e-01   1.3742086e+00   6.9231271e-01   8.3524071e-02  -6.7581316e-03  -3.3847102e-01  -1.5428045e-02   1.8193887e-05  -1.3854723e-05   2.9375670e-02  -9.4562277e-01   6.1649187e-06   5.2555035e-05
   3.9250000e-01   1.4092011e+00   7.0791483e-01   8.3186233e-02  -6.7552028e-03  -3.3924242e-01   1.1610035e-01   1.7501152e-05  -2.1426174e-05  -1.7905435e-02  -9.3881198e-01   8.7926686e-06   5.1196442e-05
   3.9500000e-01   1.4449713e+00   7.2375792e-01   8.2848556e-02  -6.7516125e-03  -3.3343740e-01   2.4547777e-01   1.6429844e-05  -2.8890485e-05  -6.4846001e-02  -9.1378142e-01   1.1352489e-05   4.8748545e-05
   3.9750000e-01   1.4815250e+00   7.3983895e-01   8.2511070e-02  -6.7473458e-03  -3.2116352e-01   3.7019020e-01   1.4985320e-05  -3.6091044e-05  -1.1053504e-01  -8.7099103e-01   1.3789914e-05   4.5214268e-05
   4.0000000e-01   1.5188737e+00   7.5615635e-01   8.2173808e-02  -6.7423824e-03  -3.0265403e-01   4.8780891e-01   1.3180769e-05  -4.2869865e-05  -1.5408456e-01  -8.1124636e-01   1.6050626e-05   4.0619035e-05
   4.0250000e-01   1.5571184e+00   7.7273353e-01   8.1836838e-02  -6.7366197e-03  -2.7826360e-01   5.9603801e-01   1.1037278e-05  -4.9071220e-05  -1.9464685e-01  -7.3568374e-01   1.8081577e-05   3.5010952e-05
   4.0500000e-01   1.5962132e+00   7.8955039e-01   8.1500182e-02  -6.7300841e-03  -2.4846172e-01   6.9275903e-01   8.5837185e-06  -5.4544203e-05  -2.3143101e-01  -6.4574930e-01   1.9832123e-05   2.8461144e-05
   4.0750000e-01   1.6361444e+00   8.0659703e-01   8.1163869e-02  -6.7227740e-03  -2.1382379e-01   7.7607257e-01   5.8565102e-06  -5.9146313e-05  -2.6371845e-01  -5.4317181e-01   2.1255179e-05   2.1063288e-05
   4.1000000e-01   1.6769226e+00   8.2387014e-01   8.0827939e-02  -6.7146659e-03  -1.7502019e-01   8.4433599e-01   2.8991967e-06  -6.2746921e-05  -2.9087702e-01  -4.2992982e-01   2.2308343e-05   1.2932578e-05
   4.1250000e-01   1.7185585e+00   8.4136622e-01   8.0492429e-02  -6.7057347e-03  -1.3280342e-01   8.9619606e-01  -2.3814718e-07  -6.5230516e-05  -3.1237350e-01  -3.0821394e-01   2.2954971e-05   4.2042492e-06
   4.1500000e-01   1.7610617e+00   8.5908106e-01   8.0157380e-02  -6.6959556e-03  -8.7993649e-02   9.3061613e-01  -3.4996707e-06  -6.6499770e-05  -3.2778419e-01  -1.8038483e-01   2.3165184e-05  -4.9683775e-06
   4.1750000e-01   1.8044469e+00   8.7701144e-01   7.9822836e-02  -6.6852976e-03  -4.1462875e-02   9.4689733e-01  -6.8246569e-06  -6.6478363e-05  -3.3680342e-01  -4.8927732e-02   2.2916765e-05  -1.4416352e-05
   4.2000000e-01   1.8487228e+00   8.9515224e-01   7.9488839e-02  -6.6737342e-03   5.8819582e-03   9.4469314e-01  -1.0148573e-05  -6.5113463e-05  -3.3924981e-01   8.3595615e-02   2.2195948e-05  -2.3957936e-05
   4.2250000e-01   1.8938997e+00   9.1349830e-01   7.9155434e-02  -6.6612367e-03   5.3116582e-02   9.2401725e-01  -1.3404243e-05  -6.2377838e-05  -3.3507003e-01   2.1459667e-01   2.0998052e-05  -3.3401865e-05
   4.2500000e-01   1.9399874e+00   9.3204403e-01   7.8822668e-02  -6.6477753e-03   9.9317412e-02   8.8524444e-01  -1.6523133e-05  -5.8271509e-05  -3.2434020e-01   3.4151056e-01   1.9327960e-05  -4.2550963e-05
   4.2750000e-01   1.9871067e+00   9.5080553e-01   7.8490677e-02  -6.6331958e-03   1.4357960e-01   8.2910421e-01  -1.9436707e-05  -5.2822645e-05  -3.0726469e-01   4.6184652e-01   1.7200413e-05  -5.1206557e-05
   4.3000000e-01   2.0351631e+00   9.6975311e-01   7.8159439e-02  -6.6175755e-03   1.8503478e-01   7.5666788e-01  -2.2077837e-05  -4.6088497e-05  -2.8417238e-01   5.7323625e-01   1.4640087e-05  -5.9171440e-05
   4.3250000e-01   2.0841586e+00   9.8887817e-01   7.7828999e-02  -6.6008888e-03   2.2286815e-01   6.6932861e-01  -2.4382260e-05  -3.8155348e-05  -2.5551058e-01   6.7348092e-01   1.1681517e-05  -6.6254627e-05
   4.3500000e-01   2.1341017e+00   1.0081730e+00   7.7499412e-02  -6.5831019e-03   2.5633456e-01   5.6877527e-01  -2.6290026e-05  -2.9137886e-05  -2.2183656e-01   7.6059483e-01   8.3687881e-06  -7.2275667e-05
   4.3750000e-01   2.1849992e+00   1.0276293e+00   7.7170729e-02  -6.5641815e-03   2.8477330e-01   4.5696021e-01  -2.7746920e-05  -1.9177980e-05  -1.8380685e-01   8.3284496e-01   4.7550073e-06  -7.7068870e-05
   4.4000000e-01   2.2368617e+00   1.0472387e+00   7.6843009e-02  -6.5440884e-03   3.0762130e-01   3.3606192e-01  -2.8705818e-05  -8.4427800e-06  -1.4216463e-01   8.8878590e-01   9.0156648e-07  -8.0487414e-05
   4.4250000e-01   2.2896956e+00   1.0669918e+00   7.6516310e-02  -6.5227868e-03   3.2442438e-01   2.0844296e-01  -2.9127957e-05   2.8777451e-06  -9.7725365e-02   9.2728912e-01  -3.1228014e-06  -8.2407197e-05
   4.4500000e-01   2.3435075e+00   1.0868788e+00   7.6190690e-02  -6.5002392e-03   3.3484652e-01   7.6604197e-02  -2.8984069e-05   1.4573896e-05  -5.1360942e-02   9.4756627e-01  -7.2431584e-06  -8.2730375e-05
   4.4750000e-01   2.3983035e+00   1.1068892e+00   7.5866211e-02  -6.4764073e-03   3.3867673e-01  -5.6863906e-02  -2.8255375e-05   2.6419868e-05  -3.9826613e-03   9.4918585e-01  -1.1379674e-05  -8.1388489e-05
   4.5000000e-01   2.4541197e+00   1.1270149e+00   7.5542975e-02  -6.4512095e-03   3.3583354e-01  -1.8933207e-01  -2.6934383e-05   3.8178028e-05   4.3476598e-02   9.3208290e-01  -1.5449096e-05  -7.8345071e-05
   4.5250000e-01   2.5110264e+00   1.1472488e+00   7.5221142e-02  -6.4245094e-03   3.2636694e-01  -3.1818392e-01  -2.5025483e-05   4.9603615e-05   9.0080710e-02   8.9656156e-01  -1.9366347e-05  -7.3597550e-05
   4.5500000e-01   2.5689362e+00   1.1675676e+00   7.4900669e-02  -6.3963878e-03   3.1045775e-01  -4.4086725e-01  -2.2545304e-05   6.0448791e-05   1.3490876e-01   8.4329042e-01  -2.3046222e-05  -6.7178813e-05
   4.5750000e-01   2.6278527e+00   1.1879584e+00   7.4581625e-02  -6.3668015e-03   2.8841441e-01  -5.5494484e-01  -1.9522866e-05   7.0468270e-05   1.7707325e-01   7.7329065e-01  -2.6405160e-05  -5.9157913e-05
   4.6000000e-01   2.6877863e+00   1.2084076e+00   7.4264094e-02  -6.3356954e-03   2.6066718e-01  -6.5814305e-01  -1.5999455e-05   7.9424641e-05   2.1573775e-01   6.8791708e-01  -2.9363053e-05  -4.9640001e-05
   4.6250000e-01   2.7487238e+00   1.2288999e+00   7.3948128e-02  -6.3030481e-03   2.2776005e-01  -7.4839737e-01  -1.2028226e-05   8.7093616e-05   2.5013358e-01   5.8883267e-01  -3.1845052e-05  -3.8765579e-05
   4.6500000e-01   2.8106705e+00   1.2494207e+00   7.3633808e-02  -6.2688092e-03   1.9034021e-01  -8.2389407e-01  -7.6735482e-06   9.3269378e-05   2.7957520e-01   4.7797670e-01  -3.3783329e-05  -2.6708841e-05
   4.6750000e-01   2.8736274e+00   1.2699545e+00   7.3321210e-02  -6.2329326e-03   1.4914554e-01  -8.8310708e-01  -3.0100825e-06   9.7769655e-05   3.0347401e-01   3.5752739e-01  -3.5118770e-05  -1.3675274e-05
   4.7000000e-01   2.9376012e+00   1.2904851e+00   7.3010428e-02  -6.1953601e-03   1.0499021e-01  -9.2482938e-01   1.8783968e-06   1.0044049e-04   3.2135037e-01   2.2985955e-01  -3.5802534e-05   1.0154360e-07
   4.7250000e-01   3.0025765e+00   1.3109963e+00   7.2701513e-02  -6.1560710e-03   5.8748778e-02  -9.4819809e-01   6.9004178e-06   1.0116056e-04   3.3284334e-01   9.7498257e-02  -3.5797456e-05   1.4363732e-05
   4.7500000e-01   3.0687335e+00   1.3314596e+00   7.2394927e-02  -6.1146832e-03   1.1338907e-02  -9.5271306e-01   1.1958442e-05   9.9845049e-05   3.3771825e-01  -3.6931305e-02  -3.5079270e-05   2.8834704e-05
   4.7750000e-01   3.1358697e+00   1.3518619e+00   7.2090377e-02  -6.0714937e-03  -3.6296712e-02  -9.3824799e-01   1.6950691e-05   9.6448518e-05   3.3587169e-01  -1.7075466e-01  -3.3637536e-05   4.3222329e-05
   4.8000000e-01   3.2039821e+00   1.3721858e+00   7.1787947e-02  -6.0264567e-03  -8.3209079e-02  -9.0505459e-01   2.1773114e-05   9.0967654e-05   3.2733396e-01  -3.0130163e-01  -3.1476421e-05   5.7225638e-05
   4.8250000e-01   3.2730558e+00   1.3924147e+00   7.1487694e-02  -5.9795478e-03  -1.2846178e-01  -8.5375906e-01   2.6321493e-05   8.3442922e-05   3.1226889e-01  -4.2595958e-01  -2.8615141e-05   7.0540879e-05
   4.8500000e-01   3.3431379e+00   1.4125234e+00   7.1189830e-02  -5.9306140e-03  -1.7114970e-01  -7.8535100e-01   3.0493636e-05   7.3959162e-05   2.9097092e-01  -5.4222595e-01  -2.5088100e-05   8.2868207e-05
   4.8750000e-01   3.4142023e+00   1.4324930e+00   7.0894405e-02  -5.8796426e-03  -2.1041722e-01  -7.0116510e-01   3.4191592e-05   6.2645482e-05   2.6385964e-01  -6.4775846e-01  -2.0944692e-05   9.3917851e-05
   4.9000000e-01   3.4863284e+00   1.4522854e+00   7.0601759e-02  -5.8263881e-03  -2.4547545e-01  -6.0285569e-01   3.7323864e-05   4.9673742e-05   2.3147174e-01  -7.4042290e-01  -1.6248803e-05   1.0341709e-04
   4.9250000e-01   3.5594923e+00   1.4718740e+00   7.0311985e-02  -5.7708107e-03  -2.7561822e-01  -4.9236501e-01   3.9807549e-05   3.5256683e-05   1.9445063e-01  -8.1833635e-01  -1.1077952e-05   1.1111619e-04
   4.9500000e-01   3.6335913e+00   1.4912529e+00   7.0024939e-02  -5.7130612e-03  -3.0023645e-01  -3.7188568e-01   4.1570382e-05   1.9645260e-05   1.5353384e-01  -8.7990590e-01  -5.5221463e-06   1.1679437e-04
   4.9750000e-01   3.7086500e+00   1.5103905e+00   6.9740831e-02  -5.6530031e-03  -3.1883072e-01  -2.4381747e-01   4.2552644e-05   3.1241067e-06   1.0953857e-01  -9.2386201e-01   3.1756807e-07   1.2026602e-04
   5.0000000e-01   3.7846507e+00   1.5292624e+00   6.9459760e-02  -5.5905922e-03  -3.3102158e-01  -1.1072004e-01   4.2708849e-05  -1.3993214e-05   6.3345504e-02  -9.4928527e-01   6.3308648e-06   1.2138579e-04
   5.0250000e-01   3.8615796e+00   1.5478428e+00   6.9181843e-02  -5.5257716e-03  -3.3655758e-01   2.4737892e-02   4.2009189e-05  -3.1369943e-05   1.5881274e-02  -9.5562636e-01   1.2400150e-05   1.2005312e-04
   5.0500000e-01   3.9394179e+00   1.5661065e+00   6.8907183e-02  -5.4584958e-03  -3.3532069e-01   1.5983182e-01   4.0440693e-05  -4.8652529e-05  -3.1900011e-02  -9.4271863e-01   1.8402802e-05   1.1621591e-04
   5.0750000e-01   4.0181623e+00   1.5840212e+00   6.8635955e-02  -5.3886700e-03  -3.2732910e-01   2.9183615e-01   3.8008068e-05  -6.5477737e-05  -7.9035909e-02  -9.1078304e-01   2.4213593e-05   1.0987330e-04
   5.1000000e-01   4.0977891e+00   1.6015604e+00   6.8368262e-02  -5.3162523e-03  -3.1273731e-01   4.1807913e-01   3.4734184e-05  -8.1480008e-05  -1.2457503e-01  -8.6042536e-01   2.9707255e-05   1.0107747e-04
   5.1250000e-01   4.1782789e+00   1.6186952e+00   6.8104235e-02  -5.2411843e-03  -2.9183336e-01   5.3599711e-01   3.0660186e-05  -9.6299273e-05  -1.6759627e-01  -7.9262553e-01   3.4761125e-05   8.9934221e-05
   5.1500000e-01   4.2596088e+00   1.6353974e+00   6.7843995e-02  -5.1634159e-03  -2.6503353e-01   6.4318677e-01   2.5845226e-05  -1.0958886e-04  -2.0722752e-01  -7.0871947e-01   3.9257833e-05   7.6602562e-05
   5.1750000e-01   4.3417782e+00   1.6516232e+00   6.7587787e-02  -5.0828122e-03  -2.3287421e-01   7.3745455e-01   2.0365787e-05  -1.2102351e-04  -2.4266346e-01  -6.1037344e-01   4.3087958e-05   6.1292925e-05
   5.2000000e-01   4.4247462e+00   1.6673500e+00   6.7335676e-02  -4.9993684e-03  -1.9600151e-01   8.1686189e-01   1.4314615e-05  -1.3030687e-04  -2.7318211e-01  -4.9955179e-01   4.6152602e-05   4.4264465e-05
   5.2250000e-01   4.5084873e+00   1.6825458e+00   6.7087804e-02  -4.9130259e-03  -1.5515844e-01   8.7976572e-01   7.7992764e-06  -1.3717893e-04  -2.9815969e-01  -3.7847837e-01   4.8365824e-05   2.5821010e-05
   5.2500000e-01   4.5929740e+00   1.6971783e+00   6.6844318e-02  -4.8237274e-03  -1.1117019e-01   9.2485308e-01   9.4033491e-07  -1.4142276e-04  -3.1708359e-01  -2.4959241e-01   4.9656873e-05   6.3059595e-06
   5.2750000e-01   4.6781842e+00   1.7112076e+00   6.6605415e-02  -4.7313833e-03  -6.4927568e-02   9.5116930e-01  -6.1307982e-06  -1.4287063e-04  -3.2956320e-01  -1.1549990e-01   4.9972171e-05  -1.3903906e-05
   5.3000000e-01   4.7640803e+00   1.7246056e+00   6.6371205e-02  -4.6359644e-03  -1.7369136e-02   9.5813893e-01  -1.3274325e-05  -1.4140909e-04  -3.3533819e-01   2.1078786e-02   4.9276976e-05  -3.4405406e-05
   5.3250000e-01   4.8506299e+00   1.7373379e+00   6.6141843e-02  -4.5374141e-03   3.0537777e-02   9.4557914e-01  -2.0344774e-05  -1.3698320e-04  -3.3428426e-01   1.5736380e-01   4.7556707e-05  -5.4776877e-05
   5.3500000e-01   4.9377988e+00   1.7493697e+00   6.5917488e-02  -4.4356768e-03   7.7816701e-02   9.1370519e-01  -2.7193929e-05  -1.2959950e-04  -3.2641607e-01   2.9057234e-01   4.4817865e-05  -7.4586707e-05
   5.3750000e-01   5.0255518e+00   1.7606651e+00   6.5698306e-02  -4.3306935e-03   1.2350193e-01   8.6312772e-01  -3.3673899e-05  -1.1932779e-04  -3.1188746e-01   4.1797548e-01   4.1088533e-05  -9.3402359e-05
   5.4000000e-01   5.1138522e+00   1.7711864e+00   6.5484474e-02  -4.2224030e-03   1.6665828e-01   7.9484205e-01  -3.9640285e-05  -1.0630155e-04  -2.9098870e-01   5.3695423e-01   3.6418418e-05  -1.1079970e-04
   5.4250000e-01   5.2026586e+00   1.7809002e+00   6.5276140e-02  -4.1107630e-03   2.0640036e-01   7.1020944e-01  -4.4955359e-05  -9.0716949e-05  -2.6414101e-01   6.4505366e-01   3.0878437e-05  -1.2637243e-04
   5.4500000e-01   5.2919297e+00   1.7897700e+00   6.5073473e-02  -3.9957225e-03   2.4191081e-01   6.1093082e-01  -4.9491203e-05  -7.2830530e-05  -2.3188835e-01   7.4003396e-01   2.4559820e-05  -1.3974138e-04
   5.4750000e-01   5.3816281e+00   1.7977457e+00   6.4876734e-02  -3.8771791e-03   2.7245733e-01   4.9901330e-01  -5.3132727e-05  -5.2955372e-05  -1.9488668e-01   8.1991739e-01   1.7572756e-05  -1.5056363e-04
   5.5000000e-01   5.4717014e+00   1.8048040e+00   6.4686005e-02  -3.7551396e-03   2.9740797e-01   3.7673037e-01  -5.5780494e-05  -3.1456070e-05  -1.5389084e-01   8.8303003e-01   1.0044579e-05  -1.5854089e-04
   5.5250000e-01   5.5621026e+00   1.8109077e+00   6.4501462e-02  -3.6295570e-03   3.1624448e-01   2.4657625e-01  -5.7353296e-05  -8.7422843e-06  -1.0973937e-01   9.2803762e-01   2.1175403e-06  -1.6342733e-04
   5.5500000e-01   5.6527834e+00   1.8160196e+00   6.4323282e-02  -3.5003864e-03   3.2857328e-01   1.1121546e-01  -5.7790410e-05   1.4738842e-05  -6.3337520e-02   9.5397455e-01  -6.0538205e-06  -1.6503643e-04
   5.5750000e-01   5.7436913e+00   1.8201140e+00   6.4151574e-02  -3.3676250e-03   3.3413405e-01  -2.6571335e-02  -5.7053468e-05   3.8511283e-05  -1.5638826e-02   9.6026538e-01  -1.4305636e-05  -1.6324676e-04
   5.6000000e-01   5.8347775e+00   1.8231396e+00   6.3986608e-02  -3.2311820e-03   3.3280548e-01  -1.6394429e-01  -5.5127906e-05   6.2079738e-05   3.2374409e-02   9.4673852e-01  -2.2467969e-05  -1.5800644e-04
   5.6250000e-01   5.9259874e+00   1.8250607e+00   6.3828557e-02  -3.0910255e-03   3.2460828e-01  -2.9806280e-01  -5.2023921e-05   8.4939803e-05   7.9711302e-02   9.1363151e-01  -3.0368285e-05  -1.4933623e-04
   5.6500000e-01   6.0172648e+00   1.8258397e+00   6.3677607e-02  -2.9471189e-03   3.0970515e-01  -4.2614433e-01  -4.7776934e-05   1.0658869e-04   1.2539285e-01   8.6158796e-01  -3.7835092e-05  -1.3733111e-04
   5.6750000e-01   6.1085532e+00   1.8254856e+00   6.3533663e-02  -2.7995745e-03   2.8839794e-01  -5.4552226e-01  -4.2447503e-05   1.2653613e-04   1.6847221e-01   7.9164602e-01  -4.4701642e-05  -1.2216032e-04
   5.7000000e-01   6.1997956e+00   1.8239161e+00   6.3397192e-02  -2.6482130e-03   2.6112185e-01  -6.5370184e-01  -3.6120701e-05   1.4431558e-04   2.0805449e-01   7.0521858e-01  -5.0809654e-05  -1.0406561e-04
   5.7250000e-01   6.2909194e+00   1.8210142e+00   6.3268874e-02  -2.4927666e-03   2.2843678e-01  -7.4841281e-01  -2.8904927e-05   1.5949507e-04   2.4331539e-01   6.0406553e-01  -5.6012931e-05  -8.3357844e-05
   5.7500000e-01   6.3818656e+00   1.8168251e+00   6.3148398e-02  -2.3334654e-03   1.9101617e-01  -8.2765747e-01  -2.0930179e-05   1.7168723e-04   2.7351865e-01   4.9025879e-01  -6.0180820e-05  -6.0412354e-05
   5.7750000e-01   6.4725669e+00   1.8113033e+00   6.3036013e-02  -2.1702612e-03   1.4963332e-01  -8.8975357e-01  -1.2345823e-05   1.8055912e-04   2.9803157e-01   3.6614055e-01  -6.3201436e-05  -3.5662310e-05
   5.8000000e-01   6.5629638e+00   1.8044430e+00   6.2931732e-02  -2.0032208e-03   1.0514568e-01  -9.3337079e-01  -3.3178737e-06   1.8584091e-04   3.1633858e-01   2.3427564e-01  -6.4984550e-05  -9.5908773e-06
   5.8250000e-01   6.6529906e+00   1.7962105e+00   6.2835741e-02  -1.8323301e-03   5.8477169e-02  -9.5756008e-01   5.9741654e-06   1.8733348e-04   3.2805236e-01   9.7398969e-02  -6.5464093e-05   1.7278082e-05
   5.8500000e-01   6.7425872e+00   1.7865929e+00   6.2748105e-02  -1.6576329e-03   1.0599199e-02  -9.6177525e-01   1.5340833e-05   1.8491458e-04   3.3292230e-01  -4.1640872e-02  -6.4600190e-05   4.4390379e-05
   5.8750000e-01   6.8316538e+00   1.7754732e+00   6.2669519e-02  -1.4788965e-03  -3.7489530e-02  -9.4588610e-01   2.4586556e-05   1.7854348e-04   3.3084026e-01  -1.7994076e-01  -6.2380672e-05   7.1172968e-05
   5.9000000e-01   6.9200863e+00   1.7627556e+00   6.2600555e-02  -1.2959620e-03  -8.4783801e-02  -9.1018307e-01   3.3513724e-05   1.6826391e-04   3.2184323e-01  -3.1460359e-01  -5.8822027e-05   9.7045940e-05
   5.9250000e-01   7.0078700e+00   1.7485604e+00   6.2540490e-02  -1.1092313e-03  -1.3029292e-01  -8.5537301e-01   4.1926913e-05   1.5420529e-04   3.0611306e-01  -4.4279896e-01  -5.3969733e-05   1.2143484e-04
   5.9500000e-01   7.0949320e+00   1.7328532e+00   6.2489537e-02  -9.1869547e-04  -1.7306154e-01  -7.8256619e-01   4.9637172e-05   1.3658201e-04   2.8397313e-01  -5.6182301e-01  -4.7897995e-05   1.4378357e-04
   5.9750000e-01   7.1811834e+00   1.7155760e+00   6.2448057e-02  -7.2429199e-04  -2.1218983e-01  -6.9325474e-01   5.6466268e-05   1.1569090e-04   2.5588200e-01  -6.6915582e-01  -4.0708822e-05   1.6356707e-04
   6.0000000e-01   7.2664448e+00   1.6965264e+00   6.2417292e-02  -5.2562277e-04  -2.4685254e-01  -5.8928293e-01   6.2250809e-05   9.1906568e-05   2.2242423e-01  -7.6251530e-01  -3.2530474e-05   1.8030363e-04
   6.0250000e-01   7.3507574e+00   1.6758960e+00   6.2396109e-02  -3.2323763e-04  -2.7631666e-01  -4.7280993e-01   6.6846134e-05   6.5675336e-05   1.8429849e-01  -8.3990629e-01  -2.3515299e-05   1.9356636e-04
   6.0500000e-01   7.4340584e+00   1.6536780e+00   6.2384576e-02  -1.1719817e-04  -2.9995714e-01  -3.4626560e-01   7.0129899e-05   3.7507022e-05   1.4230320e-01  -8.9966394e-01  -1.3836988e-05   2.0299403e-04
   6.0750000e-01   7.5161107e+00   1.6296194e+00   6.2384275e-02   9.2978014e-05  -3.1727041e-01  -2.1230036e-01   7.2005248e-05   7.9652089e-06   9.7320039e-02  -9.4049040e-01  -3.6872936e-06   2.0830059e-04
   6.1000000e-01   7.5969335e+00   1.6038539e+00   6.2394438e-02   3.0689743e-04  -3.2788542e-01  -7.3730107e-02   7.2403508e-05  -2.2343783e-05   5.0295552e-02  -9.6148389e-01   6.7277287e-06   2.0928324e-04
   6.1250000e-01   7.6765147e+00   1.5764522e+00   6.2414678e-02   5.2432331e-04  -3.3157192e-01   6.6522687e-02   7.1286320e-05  -5.2783300e-05   2.2213913e-03  -9.6215952e-01   1.7191883e-05   2.0582887e-04
   6.1500000e-01   7.7545621e+00   1.5471355e+00   6.2446785e-02   7.4575032e-04  -3.2824579e-01   2.0549046e-01   6.8647157e-05  -8.2699671e-05  -4.5886551e-02  -9.4246145e-01   2.7483320e-05   1.9791866e-04
   6.1750000e-01   7.8311393e+00   1.5160762e+00   6.2489764e-02   9.7072397e-04  -3.1797128e-01   3.4022340e-01   6.4512176e-05  -1.1143628e-04  -9.3009590e-02  -9.0276596e-01   3.7379246e-05   1.8563070e-04
   6.2000000e-01   7.9062183e+00   1.4833220e+00   6.2543388e-02   1.1990614e-03  -3.0096012e-01   4.6785220e-01   5.8940366e-05  -1.3834801e-04  -1.3814786e-01  -8.4387536e-01   4.6660774e-05   1.6914045e-04
   6.2250000e-01   7.9794281e+00   1.4485545e+00   6.2609765e-02   1.4312832e-03  -2.7756753e-01   5.8564947e-01   5.2022971e-05  -1.6281568e-04  -1.8034159e-01  -7.6700282e-01   5.5117791e-05   1.4871921e-04
   6.2500000e-01   8.0509949e+00   1.4121002e+00   6.2686927e-02   1.6666652e-03  -2.4828507e-01   6.9108855e-01   4.3882193e-05  -1.8426056e-04  -2.1869171e-01  -6.7374826e-01   6.2553746e-05   1.2473008e-04
   6.2750000e-01   8.1206389e+00   1.3737584e+00   6.2776275e-02   1.9054810e-03  -2.1373067e-01   7.8189821e-01   3.4669171e-05  -2.0215794e-04  -2.5237910e-01  -5.6606597e-01   6.8790246e-05   9.7622150e-05
   6.3000000e-01   8.1883011e+00   1.3335564e+00   6.2877763e-02   2.1475759e-03  -1.7463579e-01   8.5611237e-01   2.4561282e-05  -2.1605003e-04  -2.8068238e-01  -4.4622439e-01   7.3671350e-05   6.7922367e-05
   6.3250000e-01   8.2540336e+00   1.2916211e+00   6.2990695e-02   2.3926275e-03  -1.3183020e-01   9.1211346e-01   1.3758788e-05  -2.2555774e-04  -3.0299358e-01  -3.1675889e-01   7.7067466e-05   3.6225414e-05
   6.3500000e-01   8.3174148e+00   1.2476665e+00   6.3117139e-02   2.6410019e-03  -8.6224556e-02   9.4866853e-01   2.4809085e-06  -2.3039058e-04  -3.1883151e-01  -1.8041881e-01   7.8878735e-05   3.1823232e-06
   6.3750000e-01   8.3787572e+00   1.2020374e+00   6.3254948e-02   2.8920275e-03  -3.8791163e-02   9.6495744e-01  -9.0386126e-06  -2.3035539e-04  -3.2785245e-01  -4.0109138e-02   7.9037851e-05  -3.0513439e-05
   6.4000000e-01   8.4375980e+00   1.1544428e+00   6.3406306e-02   3.1460402e-03   9.4566750e-03   9.6059218e-01  -2.0556374e-05  -2.2536244e-04  -3.2985790e-01   1.0117087e-01   7.7512181e-05  -6.4139838e-05
   6.4250000e-01   8.4941218e+00   1.1051068e+00   6.3569871e-02   3.4025837e-03   5.7486250e-02   9.3562713e-01  -3.1824488e-05  -2.1542984e-04  -3.2479936e-01   2.4039206e-01   7.4305191e-05  -9.6962476e-05
   6.4500000e-01   8.5481168e+00   1.0539542e+00   6.3746407e-02   3.6616413e-03   1.0426757e-01   8.9055970e-01  -4.2595972e-05  -2.0068528e-04  -3.1277977e-01   3.7456031e-01   6.9457071e-05  -1.2825035e-04
   6.4750000e-01   8.5994492e+00   1.0009733e+00   6.3936257e-02   3.9230967e-03   1.4879553e-01   8.2632156e-01  -5.2630229e-05  -1.8136554e-04  -2.9405177e-01   5.0078118e-01   6.3044557e-05  -1.5729244e-04
   6.5000000e-01   8.6482593e+00   9.4633880e-01   6.4138410e-02   4.1865939e-03   1.9011158e-01   7.4426024e-01  -6.1698500e-05  -1.5781317e-04  -2.6901273e-01   6.1632303e-01   5.5179941e-05  -1.8341438e-04
   6.5250000e-01   8.6940292e+00   8.8980486e-01   6.4355036e-02   4.4522787e-03   2.2732456e-01   6.4611200e-01  -6.9589153e-05  -1.3047144e-04  -2.3819660e-01   7.1867635e-01   4.6009228e-05  -2.0599367e-04
   6.5500000e-01   8.7371686e+00   8.3170709e-01   6.4583894e-02   4.7196248e-03   2.5963014e-01   5.3396547e-01  -7.6112720e-05  -9.9875562e-05  -2.0226280e-01   8.0560946e-01   3.5709552e-05  -2.2447577e-04
   6.5750000e-01   8.7772016e+00   7.7185324e-01   6.4826874e-02   4.9886710e-03   2.8632839e-01   4.1021827e-01  -8.1106494e-05  -6.6643272e-05  -1.6198236e-01   8.7521758e-01   2.4485771e-05  -2.3838706e-04
   6.6000000e-01   8.8142228e+00   7.1038459e-01   6.5083248e-02   5.2591130e-03   3.0683929e-01   2.7752592e-01  -8.4438656e-05  -3.1461823e-05  -1.1822151e-01   9.2596576e-01   1.2566426e-05  -2.4734767e-04
   6.6250000e-01   8.8483465e+00   6.4744141e-01   6.5352248e-02   5.5306715e-03   3.2071558e-01   1.3874515e-01  -8.6011746e-05   4.9263795e-06  -7.1923255e-02   9.5672365e-01   1.9905158e-07  -2.5108187e-04
   6.6500000e-01   8.8789376e+00   5.8280463e-01   6.5636314e-02   5.8032944e-03   3.2765283e-01  -3.1268376e-03  -8.5765427e-05   4.1738431e-05  -2.4087107e-02   9.6679153e-01  -1.2355033e-05  -2.4942590e-04
   6.6750000e-01   8.9063969e+00   5.1675820e-01   6.5933459e-02   6.0766003e-03   3.2749649e-01  -1.4501798e-01  -8.3678507e-05   7.8169657e-05   2.4252436e-02   9.5591748e-01  -2.4826319e-05  -2.4233433e-04
   6.7000000e-01   8.9306798e+00   4.4936514e-01   6.6243629e-02   6.3503641e-03   3.2024560e-01  -2.8384767e-01  -7.9770027e-05   1.1341089e-04   7.2048276e-02   9.2430444e-01  -3.6943027e-05  -2.2988284e-04
   6.7250000e-01   8.9514510e+00   3.8058151e-01   6.6567925e-02   6.6243575e-03   3.0605322e-01  -4.1659374e-01  -7.4099486e-05   1.4666636e-04   1.1826347e-01   8.7260751e-01  -4.8437161e-05  -2.1226886e-04
   6.7500000e-01   8.9686158e+00   3.1047426e-01   6.6906450e-02   6.8982932e-03   2.8522355e-01  -5.4035901e-01  -6.6766173e-05   1.7717262e-04   1.6189381e-01   8.0192144e-01  -5.9050597e-05  -1.8980924e-04
   6.7750000e-01   8.9825090e+00   2.3925693e-01   6.7257651e-02   7.1719230e-03   2.5820562e-01  -6.5243547e-01  -5.7907549e-05   2.0421736e-04   2.0198985e-01   7.1375792e-01  -6.8541052e-05  -1.6293454e-04
   6.8000000e-01   8.9925869e+00   1.6685313e-01   6.7623372e-02   7.4448943e-03   2.2558387e-01  -7.5036364e-01  -4.7696688e-05   2.2715517e-04   2.3767773e-01   6.1001441e-01  -7.6687773e-05  -1.3218186e-04
   6.8250000e-01   8.9991130e+00   9.3446281e-02   6.8002371e-02   7.7169702e-03   1.8806571e-01  -8.3198804e-01  -3.6338937e-05   2.4542488e-04   2.6817842e-01   4.9293339e-01  -8.3296862e-05  -9.8183345e-05
   6.8500000e-01   9.0019442e+00   1.9103598e-02   6.8394943e-02   7.9878156e-03   1.4646634e-01  -8.9550528e-01  -2.4067702e-05   2.5856321e-04   2.9282508e-01   3.6505445e-01  -8.8206026e-05  -6.1653506e-05
   6.8750000e-01   9.0010020e+00  -5.6088443e-02   6.8801150e-02   8.2571094e-03   1.0169111e-01  -9.3950490e-01  -1.1139551e-05   2.6621713e-04   3.1107779e-01   2.2915934e-01  -9.1288699e-05  -2.3373916e-05
   6.9000000e-01   8.9963318e+00  -1.3200632e-01   6.9220595e-02   8.5245566e-03   5.4715896e-02  -9.6300180e-01   2.1712965e-06   2.6815386e-04   3.2253575e-01   8.8211399e-02  -9.2457394e-05   1.5824220e-05
   6.9250000e-01   8.9878001e+00  -2.0856501e-01   6.9653534e-02   8.7897839e-03   6.5658404e-03  -9.6545914e-01   1.5578980e-05   2.6426784e-04   3.2694631e-01  -5.4709150e-02  -9.1666183e-05   5.5078334e-05
   6.9500000e-01   8.9754529e+00  -2.8563647e-01   7.0099579e-02   9.0524847e-03  -4.1707083e-02  -9.4680156e-01   2.8792363e-05   2.5458512e-04   3.2421086e-01  -1.9647302e-01  -8.8912269e-05   9.3514577e-05
   6.9750000e-01   8.9592575e+00  -3.6311195e-01   7.0558640e-02   9.3123247e-03  -8.9047127e-02  -9.0741813e-01   4.1521610e-05   2.3926439e-04   3.1438721e-01  -3.3397083e-01  -8.4236543e-05   1.3026795e-04
   7.0000000e-01   8.9391124e+00  -4.4087210e-01   7.1030836e-02   9.5688688e-03  -1.3441800e-01  -8.4815494e-01   5.3484821e-05   2.1859511e-04   2.9768868e-01  -4.6418188e-01  -7.7723150e-05   1.6450252e-04
   7.0250000e-01   8.9151807e+00  -5.1878912e-01   7.1515430e-02   9.8219320e-03  -1.7682572e-01  -7.7029742e-01   6.4414569e-05   1.9299202e-04   2.7447961e-01  -5.8424161e-01  -6.9498030e-05   1.9543207e-04
   7.0500000e-01   8.8872285e+00  -5.9673593e-01   7.2012971e-02   1.0070920e-02  -2.1534056e-01  -6.7554310e-01   7.4064164e-05   1.6298727e-04   2.4526755e-01  -6.9150504e-01  -5.9726433e-05   2.2233825e-04
   7.0750000e-01   8.8555014e+00  -6.7458831e-01   7.2522479e-02   1.0315743e-02  -2.4911769e-01  -5.6596440e-01   8.2213522e-05   1.2921847e-04   2.1069232e-01  -7.8360645e-01  -4.8609529e-05   2.4458937e-04
   7.1000000e-01   8.8197775e+00  -7.5219890e-01   7.3044449e-02   1.0555761e-02  -2.7741589e-01  -4.4396381e-01   8.8674441e-05   9.2415489e-05   1.7151202e-01  -8.5851208e-01  -3.6380069e-05   2.6165523e-04
   7.1250000e-01   8.7802612e+00  -8.2945009e-01   7.3578056e-02   1.0790857e-02  -2.9961407e-01  -3.1222058e-01   9.3295212e-05   5.3383152e-05   1.2858645e-01  -9.1456628e-01  -2.3297316e-05   2.7312151e-04
   7.1500000e-01   8.7368982e+00  -9.0619470e-01   7.4123271e-02   1.1020565e-02  -3.1522509e-01  -1.7363183e-01   9.5964368e-05   1.2983355e-05   8.2858167e-02  -9.5052880e-01  -9.6412503e-06   2.7870012e-04
   7.1750000e-01   8.6895480e+00  -9.8226433e-01   7.4680317e-02   1.1244266e-02  -3.2390667e-01  -3.1248485e-02   9.6613535e-05  -2.7884693e-05   3.5331761e-02  -9.6560300e-01   4.2937459e-06   2.7823719e-04
   7.2000000e-01   8.6386669e+00  -1.0576012e+00   7.5247663e-02   1.1462268e-02  -3.2546910e-01   1.1179345e-01   9.5219301e-05  -6.8307415e-05  -1.2948355e-02  -9.5945432e-01   1.8205595e-05   2.7171796e-04
   7.2250000e-01   8.5838822e+00  -1.1319737e+00   7.5826200e-02   1.1673533e-02  -3.1987943e-01   2.5234149e-01   9.1803933e-05  -1.0737614e-04  -6.0921038e-02  -9.3221799e-01   3.1791484e-05   2.5926777e-04
   7.2500000e-01   8.5255853e+00  -1.2053390e+00   7.6414635e-02   1.1878341e-02  -3.0726236e-01   3.8729820e-01   8.6435129e-05  -1.4421124e-04  -1.0753190e-01  -8.8449639e-01   4.4754864e-05   2.4114980e-04
   7.2750000e-01   8.4633816e+00  -1.2774096e+00   7.7013865e-02   1.2075467e-02  -2.8789747e-01   5.1368917e-01   7.9224573e-05  -1.7798093e-04  -1.5175669e-01  -8.1734615e-01   5.6812345e-05   2.1775998e-04
   7.3000000e-01   8.3977954e+00  -1.3482054e+00   7.7622258e-02   1.2265502e-02  -2.6221302e-01   6.2873092e-01   7.0325532e-05  -2.0792428e-04  -1.9262397e-01  -7.3225415e-01   6.7700336e-05   1.8961702e-04
   7.3250000e-01   8.3286607e+00  -1.4175086e+00   7.8240083e-02   1.2447649e-02  -2.3077650e-01   7.2989202e-01   5.9929326e-05  -2.3336768e-04  -2.2923665e-01  -6.3110473e-01   7.7181181e-05   1.5735116e-04
   7.3500000e-01   8.2560225e+00  -1.4851588e+00   7.8867011e-02   1.2621487e-02  -1.9428193e-01   8.1495006e-01   4.8260950e-05  -2.5374191e-04  -2.6079187e-01  -5.1613743e-01   8.5048733e-05   1.2168897e-04
   7.3750000e-01   8.1801524e+00  -1.5511228e+00   7.9502151e-02   1.2787189e-02  -1.5353445e-01   8.8204134e-01   3.5573863e-05  -2.6859656e-04  -2.8659872e-01  -3.8989638e-01   9.1133177e-05   8.3435274e-05
   7.4000000e-01   8.1010433e+00  -1.6152326e+00   8.0145333e-02   1.2944253e-02  -1.0943241e-01   9.2970199e-01   2.2144045e-05  -2.7761020e-04  -3.0609353e-01  -2.5517352e-01   9.5304938e-05   4.3454391e-05
   7.4250000e-01   8.0186368e+00  -1.6772594e+00   8.0796479e-02   1.3091943e-02  -6.2947348e-02   9.5690035e-01   8.2635443e-06  -2.8059824e-04  -3.1885219e-01  -1.1494615e-01   9.7477656e-05   2.6494900e-06
   7.4500000e-01   7.9332685e+00  -1.7372357e+00   8.1454575e-02   1.3230678e-02  -1.5102364e-02   9.6305969e-01  -5.7663577e-06  -2.7751756e-04  -3.2459950e-01   2.7690666e-02   9.7610131e-05  -3.8060819e-05
   7.4750000e-01   7.8450380e+00  -1.7950618e+00   8.2119195e-02   1.3360251e-02   3.3050586e-02   9.4807019e-01  -1.9642226e-05  -2.6846676e-04  -3.2321497e-01   1.6959305e-01   9.5707091e-05  -7.7764032e-05
   7.5000000e-01   7.7538286e+00  -1.8504447e+00   8.2790367e-02   1.3479665e-02   8.0454062e-02   9.1229061e-01  -3.3065554e-05  -2.5368338e-04  -3.1473532e-01   3.0763821e-01   9.1818892e-05  -1.1557501e-04
   7.5250000e-01   7.6599382e+00  -1.9034236e+00   8.3467201e-02   1.3589309e-02   1.2606856e-01   8.5653924e-01  -4.5749715e-05  -2.3353740e-04  -2.9935342e-01   4.3879500e-01   8.6040146e-05  -1.5065901e-04
   7.5500000e-01   7.5635525e+00  -1.9539815e+00   8.4149089e-02   1.3689293e-02   1.6889549e-01   7.8207437e-01  -5.7426576e-05  -2.0852118e-04  -2.7741368e-01   5.6019112e-01   7.8507201e-05  -1.8225126e-04
   7.5750000e-01   7.4646141e+00  -2.0018481e+00   8.4835893e-02   1.3778727e-02   2.0799918e-01   6.9056530e-01  -6.7852628e-05  -1.7923716e-04  -2.4940415e-01   6.6917639e-01   6.9394644e-05  -2.0967416e-04
   7.6000000e-01   7.3633524e+00  -2.0470380e+00   8.5526898e-02   1.3857848e-02   2.4252742e-01   5.8405358e-01  -7.6814479e-05  -1.4638171e-04  -2.1594535e-01   7.6338163e-01   5.8910944e-05  -2.3235418e-04
   7.6250000e-01   7.2600177e+00  -2.0896449e+00   8.6221414e-02   1.3927150e-02   2.7173008e-01   4.6490612e-01  -8.4133560e-05  -1.1072699e-04  -1.7777630e-01   8.4077057e-01   4.7293243e-05  -2.4983477e-04
   7.6500000e-01   7.1544212e+00  -2.1291639e+00   8.6919426e-02   1.3984880e-02   2.9497537e-01   3.3576216e-01  -8.9669905e-05  -7.3102959e-05  -1.3573780e-01   8.9968332e-01   3.4801513e-05  -2.6178518e-04
   7.6750000e-01   7.0470945e+00  -2.1660999e+00   8.7619833e-02   1.4033048e-02   3.1176347e-01   1.9947205e-01  -9.3325051e-05  -3.4373653e-05  -9.0753664e-02   9.3887276e-01   2.1712263e-05  -2.6800874e-04
   7.7000000e-01   6.9378865e+00  -2.1999587e+00   8.8322498e-02   1.4069948e-02   3.2173706e-01   5.9034520e-02  -9.5043732e-05   4.5815157e-06  -4.3810060e-02   9.5752968e-01   8.3118359e-06  -2.6844453e-04
   7.7250000e-01   6.8271393e+00  -2.2310484e+00   8.9026679e-02   1.4096810e-02   3.2468879e-01  -8.2471724e-02  -9.4814656e-05   4.2891659e-05   4.0663907e-03   9.5529922e-01  -5.1103813e-06  -2.6316773e-04
   7.7500000e-01   6.7148356e+00  -2.2590261e+00   8.9731975e-02   1.4112495e-02   3.2056520e-01  -2.2195566e-01  -9.2670075e-05   7.9713761e-05   5.1831318e-02   9.3228635e-01  -1.8268759e-05  -2.5238541e-04
   7.7750000e-01   6.6013036e+00  -2.2842762e+00   9.0437780e-02   1.4118462e-02   3.0946743e-01  -3.5638333e-01  -8.8684390e-05   1.1425458e-04   9.8445603e-02   8.8905117e-01  -3.0888020e-05  -2.3642926e-04
   7.8000000e-01   6.4864804e+00  -2.3062844e+00   9.1143599e-02   1.4112966e-02   2.9164828e-01  -4.8284352e-01  -8.2971665e-05   1.4578703e-04   1.4289813e-01   8.2659431e-01  -4.2709475e-05  -2.1574574e-04
   7.8250000e-01   6.3706831e+00  -2.3254809e+00   9.1848910e-02   1.4097597e-02   2.6750612e-01  -5.9861225e-01  -7.5682318e-05   1.7366868e-04   1.8422782e-01   7.4633203e-01  -5.3496754e-05  -1.9088242e-04
   7.8500000e-01   6.2540115e+00  -2.3417849e+00   9.2553233e-02   1.4072126e-02   2.3757553e-01  -7.0121109e-01  -6.6998891e-05   1.9735455e-04   2.2154439e-01   6.5006276e-01  -6.3040868e-05  -1.6247297e-04
   7.8750000e-01   6.1365579e+00  -2.3549819e+00   9.3255915e-02   1.4035865e-02   2.0251500e-01  -7.8846009e-01  -5.7131170e-05   2.1640832e-04   2.5404751e-01   5.3992533e-01  -7.1164511e-05  -1.3122019e-04
   7.9000000e-01   6.0185381e+00  -2.3653844e+00   9.3956602e-02   1.3989941e-02   1.6309202e-01  -8.5852394e-01  -4.6310762e-05   2.3051105e-04   2.8104376e-01   4.1834956e-01  -7.7725516e-05  -9.7876704e-05
   7.9250000e-01   5.9000778e+00  -2.3730114e+00   9.4654836e-02   1.3934457e-02   1.2016585e-01  -9.0994961e-01  -3.4785217e-05   2.3946577e-04   3.0196122e-01   2.8800130e-01  -8.2619348e-05  -6.3225971e-05
   7.9500000e-01   5.7812930e+00  -2.3776790e+00   9.5349885e-02   1.3868812e-02   7.4668403e-02  -9.4169546e-01  -2.2811937e-05   2.4319921e-04   3.1636127e-01   1.5172268e-01  -8.5780644e-05  -2.8062643e-05
   7.9750000e-01   5.6623485e+00  -2.3796251e+00   9.6041446e-02   1.3793848e-02   2.7583663e-02  -9.5315102e-01  -1.0651985e-05   2.4176059e-04   3.2394740e-01   1.2468694e-02  -8.7183775e-05   6.8273592e-06
   8.0000000e-01   5.5433726e+00  -2.3789578e+00   9.6729156e-02   1.3709952e-02  -2.0073854e-02  -9.4414708e-01   1.4360355e-06   2.3531691e-04   3.2457084e-01  -1.2675774e-01  -8.6842408e-05   4.0685415e-05
   8.0250000e-01   5.4244966e+00  -2.3756154e+00   9.7412370e-02   1.3616927e-02  -6.7281175e-02  -9.1495596e-01   1.3201873e-05   2.2414572e-04   3.1823295e-01  -2.6297128e-01  -8.4808138e-05   7.2797667e-05
   8.0500000e-01   5.3058606e+00  -2.3696696e+00   9.8090597e-02   1.3515023e-02  -1.1302894e-01  -8.6628223e-01   2.4409151e-05   2.0862505e-04   3.0508440e-01  -3.9326862e-01  -8.1168257e-05   1.0251103e-04
   8.0750000e-01   5.1875681e+00  -2.3613480e+00   9.8763729e-02   1.3405018e-02  -1.5634302e-01  -7.9924402e-01   3.4840396e-05   1.8922138e-04   2.8542098e-01  -5.1489047e-01  -7.6042709e-05   1.2924698e-04
   8.1000000e-01   5.0697607e+00  -2.3505891e+00   9.9431040e-02   1.3286701e-02  -1.9630519e-01  -7.1534561e-01   4.4301458e-05   1.6647549e-04   2.5967648e-01  -6.2527977e-01  -6.9580365e-05   1.5251309e-04
   8.1250000e-01   4.9525636e+00  -2.3374961e+00   1.0009212e-01   1.3160412e-02  -2.3207245e-01  -6.1644191e-01   5.2625227e-05   1.4098715e-04   2.2841251e-01  -7.2213495e-01  -6.1954716e-05   1.7191203e-04
   8.1500000e-01   4.8360239e+00  -2.3223434e+00   1.0074714e-01   1.3027079e-02  -2.6289452e-01  -5.0469590e-01   5.9674580e-05   1.1339890e-04   1.9230579e-01  -8.0345687e-01  -5.3359120e-05   1.8714766e-04
   8.1750000e-01   4.7203748e+00  -2.3048935e+00   1.0139466e-01   1.2885871e-02  -2.8812930e-01  -3.8252953e-01   6.5344521e-05   8.4378710e-05   1.5213297e-01  -8.6758920e-01  -4.4001744e-05   1.9802892e-04
   8.2000000e-01   4.6055576e+00  -2.2856272e+00   1.0203565e-01   1.2738416e-02  -3.0725576e-01  -2.5257039e-01   6.9563453e-05   5.4604075e-05   1.0875354e-01  -9.1325032e-01  -3.4100305e-05   2.0447006e-04
   8.2250000e-01   4.4918630e+00  -2.2642631e+00   1.0266829e-01   1.2583719e-02  -3.1988427e-01  -1.1759342e-01   7.2293655e-05   2.4744283e-05   6.3091059e-02  -9.3955760e-01  -2.3876809e-05   2.0648929e-04
   8.2500000e-01   4.3791942e+00  -2.2412415e+00   1.0329366e-01   1.2423274e-02  -3.2576394e-01   1.9538275e-02   7.3530868e-05  -4.5536177e-06   1.6113212e-02  -9.4604221e-01  -1.3552351e-05   2.0420389e-04
   8.2750000e-01   4.2677452e+00  -2.2164947e+00   1.0391068e-01   1.2256815e-02  -3.2478703e-01   1.5593537e-01   7.3303188e-05  -3.2680442e-05  -3.1188865e-02  -9.3265553e-01  -3.3421641e-06   1.9782381e-04
   8.3000000e-01   4.1576037e+00  -2.1901269e+00   1.0451904e-01   1.2084668e-02  -3.1699027e-01   2.8874307e-01   7.1669167e-05  -5.9077290e-05  -7.7821609e-02  -8.9976623e-01   6.5490197e-06   1.8764291e-04
   8.3250000e-01   4.0487101e+00  -2.1623938e+00   1.0511934e-01   1.1907697e-02  -3.0255312e-01   4.1520042e-01   6.8715304e-05  -8.3245928e-05  -1.2280989e-01  -8.4814891e-01   1.5931159e-05   1.7402874e-04
   8.3500000e-01   3.9413850e+00  -2.1331523e+00   1.0570976e-01   1.1725350e-02  -2.8179312e-01   5.3269808e-01   6.4553011e-05  -1.0475968e-04  -1.6521730e-01  -7.7896384e-01   2.4632590e-05   1.5741021e-04
   8.3750000e-01   3.8354330e+00  -2.1027479e+00   1.0629168e-01   1.1538816e-02  -2.5515823e-01   6.3883021e-01   5.9315030e-05  -1.2326798e-04  -2.0416547e-01  -6.9372976e-01   3.2503095e-05   1.3826590e-04
   8.4000000e-01   3.7311258e+00  -2.0711174e+00   1.0686360e-01   1.1347818e-02  -2.2321674e-01   7.3144368e-01   5.3151636e-05  -1.3850322e-04  -2.3885193e-01  -5.9428836e-01   3.9416385e-05   1.1710953e-04
   8.4250000e-01   3.6283544e+00  -2.0384790e+00   1.0742630e-01   1.1153101e-02  -1.8664458e-01   8.0867964e-01   4.6226480e-05  -1.5028172e-04  -2.6856633e-01  -4.8276375e-01   4.5271858e-05   9.4477564e-05
   8.4500000e-01   3.5272856e+00  -2.0048646e+00   1.0797890e-01   1.0954728e-02  -1.4621063e-01   8.6900981e-01   3.8712399e-05  -1.5850511e-04  -2.9270450e-01  -3.6151541e-01   4.9995732e-05   7.0914746e-05
   8.4750000e-01   3.4279022e+00  -1.9704069e+00   1.0852160e-01   1.0753137e-02  -1.0276017e-01   9.1126464e-01   3.0787150e-05  -1.6315799e-04  -3.1078026e-01  -2.3308774e-01   5.3541467e-05   4.6961804e-05
   8.5000000e-01   3.3302348e+00  -1.9352086e+00   1.0905430e-01   1.0548660e-02  -5.7196970e-02   9.3465421e-01   2.2629256e-05  -1.6430457e-04  -3.2243464e-01  -1.0015598e-01   5.5889556e-05   2.3143006e-05
   8.5250000e-01   3.2344117e+00  -1.8993274e+00   1.0957631e-01   1.0341450e-02  -1.0464292e-02   9.3878103e-01   1.4414033e-05  -1.6208328e-04  -3.2744243e-01   3.4530175e-02   5.7046705e-05  -4.5677608e-08
   8.5500000e-01   3.1402511e+00  -1.8629250e+00   1.1008875e-01   1.0132089e-02   3.6474726e-02   9.2364455e-01   6.3098745e-06  -1.5669989e-04  -3.2571592e-01   1.6820254e-01   5.7044421e-05  -2.2144807e-05
   8.5750000e-01   3.0481374e+00  -1.8259929e+00   1.1058943e-01   9.9204483e-03   8.2656921e-02   8.8963757e-01  -1.5251145e-06  -1.4841919e-04  -3.1730580e-01   2.9813278e-01   5.5937182e-05  -4.2743375e-05
   8.6000000e-01   2.9577510e+00  -1.7887022e+00   1.1108023e-01   9.7071762e-03   1.2713877e-01   8.3753497e-01  -8.9460689e-06  -1.3755642e-04  -3.0239917e-01   4.2168543e-01   5.3800014e-05  -6.1481698e-05
   8.6250000e-01   2.8691657e+00  -1.7511141e+00   1.1156073e-01   9.4924569e-03   1.6901549e-01   7.6847457e-01  -1.5823885e-05  -1.2446732e-04  -2.8131492e-01   5.3637177e-01   5.0725932e-05  -7.8059192e-05
   8.6500000e-01   2.7826500e+00  -1.7132783e+00   1.1202942e-01   9.2763882e-03   2.0743919e-01   6.8393046e-01  -2.2047247e-05  -1.0953702e-04  -2.5449635e-01   6.3989936e-01   4.6822975e-05  -9.2239009e-05
   8.6750000e-01   2.6979859e+00  -1.6753000e+00   1.1248753e-01   9.0593776e-03   2.4163569e-01   5.8568113e-01  -2.7524094e-05  -9.3171154e-05  -2.2250140e-01   7.3021531e-01   4.2211028e-05  -1.0384746e-04
   8.7000000e-01   2.6151466e+00  -1.6372472e+00   1.1293520e-01   8.8416610e-03   2.7091972e-01   4.7577088e-01  -3.2182648e-05  -7.5785344e-05  -1.8599066e-01   8.0554617e-01   3.7018658e-05  -1.1277563e-04
   8.7250000e-01   2.5341391e+00  -1.5991813e+00   1.1337239e-01   8.6234452e-03   2.9470825e-01   3.5646644e-01  -3.5971913e-05  -5.7795119e-05  -1.4571338e-01   8.6443131e-01   3.1379881e-05  -1.1897846e-04
   8.7500000e-01   2.4551936e+00  -1.5611740e+00   1.1379773e-01   8.4049187e-03   3.1253156e-01   2.3020909e-01  -3.8861667e-05  -3.9605228e-05  -1.0249185e-01   9.0574983e-01   2.5430962e-05  -1.2247270e-04
   8.7750000e-01   2.3781178e+00  -1.5232826e+00   1.1421231e-01   8.1863265e-03   3.2404201e-01   9.9565536e-02  -4.0841927e-05  -2.1603517e-05  -5.7204387e-02   9.2873955e-01   1.9307331e-05  -1.2333179e-04
   8.8000000e-01   2.3028376e+00  -1.4855545e+00   1.1461651e-01   7.9678531e-03   3.2902028e-01  -3.2824458e-02  -4.1922102e-05  -4.1527582e-06  -1.0767442e-02   9.3300969e-01   1.3140746e-05  -1.2168167e-04
   8.8250000e-01   2.2295064e+00  -1.4480602e+00   1.1500940e-01   7.7497081e-03   3.2737906e-01  -1.6430197e-01  -4.2129740e-05   1.2417437e-05   3.5883009e-02   9.1854576e-01   7.0566666e-06  -1.1769501e-04
   8.8500000e-01   2.1580806e+00  -1.4108477e+00   1.1539118e-01   7.5320738e-03   3.1916397e-01  -2.9224119e-01  -4.1508868e-05   2.7814766e-05   8.1810265e-02   8.8570680e-01   1.1719202e-06  -1.1158445e-04
   8.8750000e-01   2.0883806e+00  -1.3739344e+00   1.1576284e-01   7.3150609e-03   3.0455192e-01  -4.1410079e-01  -4.0118131e-05   4.1787628e-05   1.2609557e-01   8.3521566e-01  -4.4072985e-06  -1.0359597e-04
   8.9000000e-01   2.0206572e+00  -1.3374136e+00   1.1612283e-01   7.0989428e-03   2.8384689e-01  -5.2747486e-01  -3.8028751e-05   5.4130897e-05   1.6785633e-01   7.6814157e-01  -9.5870934e-06  -9.4000630e-05
   8.9250000e-01   1.9547024e+00  -1.3012868e+00   1.1647233e-01   6.8837836e-03   2.5747317e-01  -6.3013798e-01  -3.5322208e-05   6.4684848e-05   2.0626338e-01   6.8587702e-01  -1.4287122e-05  -8.3088129e-05
   8.9500000e-01   1.8904399e+00  -1.2655731e+00   1.1681172e-01   6.6696794e-03   2.2596629e-01  -7.2008823e-01  -3.2087968e-05   7.3336835e-05   2.4055721e-01   5.9010802e-01  -1.8441525e-05  -7.1159321e-05
   8.9750000e-01   1.8281417e+00  -1.2303825e+00   1.1713929e-01   6.4569673e-03   1.8996190e-01  -7.9558576e-01  -2.8421129e-05   8.0022419e-05   2.7006259e-01   4.8277801e-01  -2.1999489e-05  -5.8517155e-05
   9.0000000e-01   1.7674642e+00  -1.1956581e+00   1.1745702e-01   6.2455388e-03   1.5018264e-01  -8.5518375e-01  -2.4420011e-05   8.4721049e-05   2.9420147e-01   3.6604947e-01  -2.4925344e-05  -4.5462972e-05
   9.0250000e-01   1.7085121e+00  -1.1614623e+00   1.1776420e-01   6.0356063e-03   1.0742349e-01  -8.9775578e-01  -2.0183961e-05   8.7455757e-05   3.1250393e-01   2.4225905e-01  -2.7198491e-05  -3.2287873e-05
   9.0500000e-01   1.6513414e+00  -1.1278461e+00   1.1806040e-01   5.8273567e-03   6.2535730e-02  -9.2251557e-01  -1.5811176e-05   8.8289460e-05   3.2461688e-01   1.1387070e-01  -2.8812884e-05  -1.9267127e-05
   9.0750000e-01   1.5957261e+00  -1.0947641e+00   1.1834692e-01   5.6206931e-03   1.6409984e-02  -9.2902989e-01  -1.1396706e-05   8.7320673e-05   3.3031041e-01  -1.6572191e-02  -2.9776239e-05  -6.6571232e-06
   9.1000000e-01   1.5418143e+00  -1.0622960e+00   1.1862275e-01   5.4158902e-03  -3.0041478e-02  -9.1722514e-01  -7.0306759e-06   8.4679647e-05   3.2948180e-01  -1.4649818e-01  -3.0109095e-05   5.3114089e-06
   9.1250000e-01   1.4895402e+00  -1.0304455e+00   1.1888820e-01   5.2129962e-03  -7.5902703e-02  -8.8738642e-01  -2.7966965e-06   8.0523214e-05   3.2215689e-01  -2.7335723e-01  -2.9843525e-05   1.6435304e-05
   9.1500000e-01   1.4387512e+00  -9.9917813e-01   1.1914414e-01   5.0119362e-03  -1.2027199e-01  -8.4015010e-01   1.2294613e-06   7.5030079e-05   3.0848904e-01  -3.9466981e-01  -2.9021760e-05   2.6540928e-05
   9.1750000e-01   1.3895652e+00  -9.6856412e-01   1.1938972e-01   4.8129663e-03  -1.6227947e-01  -7.7648915e-01   4.9809627e-06   6.8395123e-05   2.8875556e-01  -5.0807559e-01  -2.7694715e-05   3.5487772e-05
   9.2000000e-01   1.3419379e+00  -9.3860852e-01   1.1962512e-01   4.6161382e-03  -2.0110390e-01  -6.9769259e-01   8.4007164e-06   6.0824349e-05   2.6335180e-01  -6.1137789e-01  -2.5920328e-05   4.3168175e-05
   9.2250000e-01   1.2957207e+00  -9.0926796e-01   1.1985120e-01   4.4213424e-03  -2.3598850e-01  -6.0533908e-01   1.1441932e-05   5.2530380e-05   2.3278293e-01  -7.0258507e-01  -2.3761920e-05   4.9506908e-05
   9.2500000e-01   1.2509086e+00  -8.8055785e-01   1.2006790e-01   4.2286599e-03  -2.6625544e-01  -5.0126466e-01   1.4068449e-05   4.3727064e-05   1.9765370e-01  -7.7994840e-01  -2.1286577e-05   5.4461532e-05
   9.2750000e-01   1.2076618e+00  -8.5257077e-01   1.2027404e-01   4.0384394e-03  -2.9131865e-01  -3.8752540e-01   1.6254801e-05   3.4623715e-05   1.5865631e-01  -8.4199487e-01  -1.8563502e-05   5.8021653e-05
   9.3000000e-01   1.1657450e+00  -8.2521516e-01   1.2047108e-01   3.8504026e-03  -3.1069491e-01  -2.6635786e-01   1.7985985e-05   2.5423277e-05   1.1655659e-01  -8.8755337e-01  -1.5662421e-05   6.0205356e-05
   9.3250000e-01   1.1251241e+00  -7.9848894e-01   1.2065916e-01   3.6645718e-03  -3.2401279e-01  -1.4013458e-01   1.9257148e-05   1.6317474e-05   7.2178957e-02  -9.1577632e-01  -1.2652156e-05   6.1057921e-05
   9.3500000e-01   1.0857810e+00  -7.7239666e-01   1.2083831e-01   3.4809930e-03  -3.3101952e-01  -1.1317743e-02   2.0073021e-05   7.4834115e-06   2.6390173e-02  -9.2615455e-01  -9.5992618e-06   6.0649083e-05
   9.3750000e-01   1.0478690e+00  -7.4703063e-01   1.2100732e-01   3.3000334e-03  -3.3158540e-01   1.1758926e-01   2.0447191e-05  -9.2044797e-07  -1.9917522e-02  -9.1852545e-01  -6.5668098e-06   5.9069803e-05
   9.4000000e-01   1.0111712e+00  -7.2229399e-01   1.2116761e-01   3.1213781e-03  -3.2570594e-01   2.4408866e-01   2.0401169e-05  -8.7536710e-06  -6.5843762e-02  -8.9307447e-01  -3.6133217e-06   5.6428714e-05
   9.4250000e-01   9.7566958e-01  -6.9818865e-01   1.2131920e-01   2.9450654e-03  -3.1350152e-01   3.6573699e-01   1.9963486e-05  -1.5896925e-05  -1.1049745e-01  -8.5033029e-01  -7.9188801e-07   5.2848916e-05
   9.4500000e-01   9.4133396e-01  -6.7470911e-01   1.2146221e-01   2.7711067e-03  -2.9521468e-01   4.8019161e-01   1.9168640e-05  -2.2252939e-05  -1.5301394e-01  -7.9115323e-01   1.8505559e-06   4.8464413e-05
   9.4750000e-01   9.0815671e-01  -6.5186147e-01   1.2159659e-01   2.5995578e-03  -2.7120512e-01   5.8525535e-01   1.8055994e-05  -2.7747148e-05  -1.9257157e-01  -7.1671741e-01   4.2737748e-06   4.3416494e-05
   9.5000000e-01   8.7609033e-01  -6.2962921e-01   1.2172257e-01   2.4303886e-03  -2.4194237e-01   6.7891778e-01   1.6668638e-05  -3.2327413e-05  -2.2840742e-01  -6.2848720e-01   6.4445980e-06   3.7850428e-05
   9.5250000e-01   8.4511314e-01  -6.0800903e-01   1.2184021e-01   2.2636195e-03  -2.0799651e-01   7.5939310e-01   1.5052268e-05  -3.5963709e-05  -2.5983176e-01  -5.2818801e-01   8.3371181e-06   3.1912103e-05
   9.5500000e-01   8.1528054e-01  -5.8704154e-01   1.2194895e-01   2.0994485e-03  -1.7002688e-01   8.2515364e-01   1.3254084e-05  -3.8647473e-05  -2.8624114e-01  -4.1777221e-01   9.9327221e-06   2.5744450e-05
   9.5750000e-01   7.8644416e-01  -5.6664973e-01   1.2204984e-01   1.9376030e-03  -1.2876922e-01   8.7495762e-01   1.1321712e-05  -4.0389404e-05  -3.0712973e-01  -2.9938167e-01   1.1219944e-05   1.9485938e-05
   9.6000000e-01   7.5861248e-01  -5.4684541e-01   1.2214270e-01   1.7781643e-03  -8.5021375e-02   9.0787232e-01   9.3022428e-06  -4.1218599e-05  -3.2209881e-01  -1.7530576e-01   1.2194240e-05   1.3267180e-05
   9.6250000e-01   7.3175638e-01  -5.2761810e-01   1.2222764e-01   1.6211238e-03  -3.9627791e-02   9.2329080e-01   7.2413143e-06  -4.1180504e-05  -3.3086409e-01  -4.7937399e-02   1.2857598e-05   7.2090256e-06
   9.6500000e-01   7.0585483e-01  -5.0896155e-01   1.2230473e-01   1.4664909e-03   6.5367167e-03   9.2094246e-01   5.1822905e-06  -4.0334839e-05  -3.3326096e-01   8.0272942e-02   1.3218049e-05   1.4207352e-06
   9.6750000e-01   6.8081196e-01  -4.9082317e-01   1.2237467e-01   1.3140732e-03   5.2583807e-02   9.0089723e-01   3.1655499e-06  -3.8753438e-05  -3.2924731e-01   2.0686380e-01   1.3289086e-05  -4.0008576e-06
   9.7000000e-01   6.5676771e-01  -4.7329365e-01   1.2243614e-01   1.1643004e-03   9.7628637e-02   8.6356314e-01   1.2278794e-06  -3.6517701e-05  -3.1890413e-01   3.2941049e-01   1.3089043e-05  -8.9741684e-06
   9.7250000e-01   6.3357047e-01  -4.5628568e-01   1.2249031e-01   1.0168316e-03   1.4080676e-01   8.0967782e-01  -5.9800438e-07  -3.3716525e-05  -3.0243362e-01   4.4557003e-01   1.2640335e-05  -1.3431292e-05
   9.7500000e-01   6.1119549e-01  -4.3978802e-01   1.2253729e-01   8.7165027e-04   1.8129063e-01   7.4029350e-01  -2.2838294e-06  -3.0443954e-05  -2.8015513e-01   5.5312600e-01   1.1968771e-05  -1.7319320e-05
   9.7750000e-01   5.8963144e-01  -4.2379745e-01   1.2257708e-01   7.2877608e-04   2.1830527e-01   6.5675626e-01  -3.8060261e-06  -2.6796858e-05  -2.5249885e-01   6.5003036e-01   1.1102806e-05  -2.0600430e-05
   9.8000000e-01   5.6881947e-01  -4.0828038e-01   1.2261010e-01   5.8808815e-04   2.5114306e-01   5.6067982e-01  -5.1458681e-06  -2.2873011e-05  -2.1999736e-01   7.3444185e-01   1.0072785e-05  -2.3251294e-05
   9.8250000e-01   5.4874675e-01  -3.9323161e-01   1.2263637e-01   4.4959299e-04   2.7917704e-01   4.5391416e-01  -6.2895178e-06  -1.8768881e-05  -1.8327529e-01   8.0476063e-01   8.9102212e-06  -2.5262811e-05
   9.8500000e-01   5.2939201e-01  -3.7864033e-01   1.2265600e-01   3.1327123e-04   3.0187273e-01   3.3850990e-01  -7.2279612e-06  -1.4577818e-05  -1.4303729e-01   8.5965808e-01   7.6470815e-06  -2.6639225e-05
   9.8750000e-01   5.1084392e-01  -3.6456639e-01   1.2266802e-01   1.7945105e-04   3.1879821e-01   2.1667850e-01  -7.9568516e-06  -1.0387588e-05  -1.0005441e-01   8.9810155e-01   6.3151212e-06  -2.7397344e-05
   9.9000000e-01   4.9301337e-01  -3.5095555e-01   1.2267316e-01   4.7913627e-05   3.2963213e-01   9.0750628e-02  -8.4762307e-06  -6.2802084e-06  -5.5149366e-02   9.1937303e-01   4.9452550e-06  -2.7564636e-05
   9.9250000e-01   4.7581829e-01  -3.3775678e-01   1.2267210e-01  -8.1559261e-05   3.3416966e-01  -3.6868245e-02  -8.7902409e-06  -2.3308052e-06  -9.1807469e-03   9.2308222e-01   3.5670241e-06  -2.7178177e-05
   9.9500000e-01   4.5924231e-01  -3.2496095e-01   1.2266493e-01  -2.0898402e-04   3.3232625e-01  -1.6374385e-01  -8.9067811e-06   1.3938286e-06   3.6973332e-02   9.0917348e-01   2.2081162e-06  -2.6283417e-05
   9.9750000e-01   4.4326789e-01  -3.1255805e-01   1.2265172e-01  -3.3438218e-04   3.2413906e-01  -2.8745932e-01  -8.8370897e-06   4.8359632e-06   8.2431974e-02   8.7792622e-01   8.9394628e-07  -2.4932679e-05
   1.0000000e+00   4.2787787e-01  -3.0053809e-01   1.2263257e-01  -4.5777560e-04   3.0976610e-01  -4.0566091e-01  -8.5952917e-06   7.9474331e-06   1.2632825e-01   8.2994906e-01  -3.5268681e-07  -2.3183627e-05
