   0.0000000e+00   4.2787787e-01  -3.0053809e-01   1.2263257e-01  -4.5777560e-04  -2.3487061e-01   1.8056268e-01  -2.6714084e-04  -1.8772488e-03   0.0000000e+00   0.0000000e+00   0.0000000e+00   0.0000000e+00
   2.5000000e-03   4.1324398e-01  -2.8901554e-01   1.2260558e-01  -5.7850856e-04  -2.2584248e-01   1.7473503e-01  -3.6100321e-04  -1.8458525e-03   0.0000000e+00   0.0000000e+00   0.0000000e+00   0.0000000e+00
   5.0000000e-03   3.9910284e-01  -2.7781823e-01   1.2257337e-01  -6.9746231e-04  -2.1710574e-01   1.6908347e-01  -4.5329577e-04  -1.8148683e-03   0.0000000e+00   0.0000000e+00   0.0000000e+00   0.0000000e+00
   7.5000000e-03   3.8544471e-01  -2.6694008e-01   1.2253599e-01  -8.1465149e-04  -2.0865157e-01   1.6360527e-01  -5.4403912e-04  -1.7842993e-03   0.0000000e+00   0.0000000e+00   0.0000000e+00   0.0000000e+00
   1.0000000e-02   3.7230350e-01  -2.5640402e-01   1.2249302e-01  -9.2992428e-04  -2.0047131e-01   1.5829769e-01  -6.3325403e-04  -1.7541484e-03   0.0000000e+00   0.0000000e+00   0.0000000e+00   0.0000000e+00
   1.2500000e-02   3.5981620e-01  -2.4630150e-01   1.2244282e-01  -1.0427090e-03  -1.9255643e-01   1.5315819e-01  -7.2096139e-04  -1.7244182e-03   0.0000000e+00   0.0000000e+00   0.0000000e+00   0.0000000e+00
   1.5000000e-02   3.4779948e-01  -2.3651126e-01   1.2238731e-01  -1.1536584e-03  -1.8489853e-01   1.4818376e-01  -8.0718224e-04  -1.6951100e-03   0.0000000e+00   0.0000000e+00   0.0000000e+00   0.0000000e+00
   1.7500000e-02   3.3608794e-01  -2.2692358e-01   1.2232834e-01  -1.2634145e-03  -1.7748935e-01   1.4337096e-01  -8.9193768e-04  -1.6662237e-03   0.0000000e+00   0.0000000e+00   0.0000000e+00   0.0000000e+00
   2.0000000e-02   3.2510227e-01  -2.1781768e-01   1.2226095e-01  -1.3702507e-03  -1.7032080e-01   1.3871719e-01  -9.7524881e-04  -1.6377606e-03   0.0000000e+00   0.0000000e+00   0.0000000e+00   0.0000000e+00
   2.2500000e-02   3.1438654e-01  -2.0889078e-01   1.2219036e-01  -1.4759724e-03  -1.6338495e-01   1.3421891e-01  -1.0571368e-03  -1.6097195e-03   0.0000000e+00   0.0000000e+00   0.0000000e+00   0.0000000e+00
   2.5000000e-02   3.0415388e-01  -2.0028416e-01   1.2211403e-01  -1.5796926e-03  -1.5667401e-01   1.2987297e-01  -1.1376227e-03  -1.5820997e-03   0.0000000e+00   0.0000000e+00   0.0000000e+00   0.0000000e+00
   2.7500000e-02   2.9439935e-01  -1.9199378e-01   1.2203186e-01  -1.6813734e-03  -1.5018036e-01   1.2567620e-01  -1.2167276e-03  -1.5549000e-03   0.0000000e+00   0.0000000e+00   0.0000000e+00   0.0000000e+00
   3.0000000e-02   2.8489282e-01  -1.8386733e-01   1.2194665e-01  -1.7819912e-03  -1.4389656e-01   1.2162503e-01  -1.2944726e-03  -1.5281182e-03   0.0000000e+00   0.0000000e+00   0.0000000e+00   0.0000000e+00
   3.2500000e-02   2.7594118e-01  -1.7610660e-01   1.2185451e-01  -1.8801777e-03  -1.3781531e-01   1.1771643e-01  -1.3708784e-03  -1.5017527e-03   0.0000000e+00   0.0000000e+00   0.0000000e+00   0.0000000e+00
   3.5000000e-02   2.6735198e-01  -1.6858366e-01   1.2175773e-01  -1.9767358e-03  -1.3192949e-01   1.1394706e-01  -1.4459660e-03  -1.4758009e-03   0.0000000e+00   0.0000000e+00   0.0000000e+00   0.0000000e+00
   3.7500000e-02   2.5907919e-01  -1.6126779e-01   1.2165686e-01  -2.0718563e-03  -1.2623214e-01   1.1031355e-01  -1.5197560e-03  -1.4502598e-03   0.0000000e+00   0.0000000e+00   0.0000000e+00   0.0000000e+00
   4.0000000e-02   2.5115402e-01  -1.5417875e-01   1.2155146e-01  -2.1653787e-03  -1.2071647e-01   1.0681261e-01  -1.5922689e-03  -1.4251263e-03   0.0000000e+00   0.0000000e+00   0.0000000e+00   0.0000000e+00
   4.2500000e-02   2.4367171e-01  -1.4737682e-01   1.2144015e-01  -2.2568188e-03  -1.1537584e-01   1.0344112e-01  -1.6635252e-03  -1.4003974e-03   0.0000000e+00   0.0000000e+00   0.0000000e+00   0.0000000e+00
   4.5000000e-02   2.3647297e-01  -1.4075749e-01   1.2132499e-01  -2.3468997e-03  -1.1020379e-01   1.0019579e-01  -1.7335450e-03  -1.3760694e-03   0.0000000e+00   0.0000000e+00   0.0000000e+00   0.0000000e+00
   4.7500000e-02   2.2955649e-01  -1.3431931e-01   1.2120598e-01  -2.4356167e-03  -1.0519401e-01   9.7073381e-02  -1.8023485e-03  -1.3521383e-03   0.0000000e+00   0.0000000e+00   0.0000000e+00   0.0000000e+00
   5.0000000e-02   2.2300428e-01  -1.2811335e-01   1.2108192e-01  -2.5225454e-03  -1.0034034e-01   9.4070818e-02  -1.8699553e-03  -1.3286004e-03   0.0000000e+00   0.0000000e+00   0.0000000e+00   0.0000000e+00
   5.2500000e-02   2.1678182e-01  -1.2211542e-01   1.2095319e-01  -2.6078214e-03  -9.5636802e-02   9.1185034e-02  -1.9363853e-03  -1.3054515e-03   0.0000000e+00   0.0000000e+00   0.0000000e+00   0.0000000e+00
   5.5000000e-02   2.1081298e-01  -1.1627625e-01   1.2082083e-01  -2.6918097e-03  -9.1077554e-02   8.8412936e-02  -2.0016578e-03  -1.2826874e-03   0.0000000e+00   0.0000000e+00   0.0000000e+00   0.0000000e+00
   5.7500000e-02   2.0509356e-01  -1.1059246e-01   1.2068487e-01  -2.7745214e-03  -8.6656910e-02   8.5751502e-02  -2.0657921e-03  -1.2603034e-03   0.0000000e+00   0.0000000e+00   0.0000000e+00   0.0000000e+00
   6.0000000e-02   1.9974629e-01  -1.0513754e-01   1.2054346e-01  -2.8552933e-03  -8.2369338e-02   8.3197900e-02  -2.1288073e-03  -1.2382953e-03   0.0000000e+00   0.0000000e+00   0.0000000e+00   0.0000000e+00
   6.2500000e-02   1.9463683e-01  -9.9826638e-02   1.2039849e-01  -2.9348024e-03  -7.8209446e-02   8.0749229e-02  -2.1907220e-03  -1.2166585e-03   0.0000000e+00   0.0000000e+00   0.0000000e+00   0.0000000e+00
   6.5000000e-02   1.8974682e-01  -9.4647781e-02   1.2025022e-01  -3.0131381e-03  -7.4171987e-02   7.8402645e-02  -2.2515549e-03  -1.1953881e-03   0.0000000e+00   0.0000000e+00   0.0000000e+00   0.0000000e+00
   6.7500000e-02   1.8513488e-01  -8.9634403e-02   1.2009772e-01  -3.0899702e-03  -7.0251858e-02   7.6155432e-02  -2.3113242e-03  -1.1744795e-03   0.0000000e+00   0.0000000e+00   0.0000000e+00   0.0000000e+00
   7.0000000e-02   1.8080654e-01  -8.4786533e-02   1.1994085e-01  -3.1652425e-03  -6.6444089e-02   7.4004950e-02  -2.3700482e-03  -1.1539279e-03   0.0000000e+00   0.0000000e+00   0.0000000e+00   0.0000000e+00
   7.2500000e-02   1.7667920e-01  -8.0054188e-02   1.1978083e-01  -3.2393967e-03  -6.2743844e-02   7.1948561e-02  -2.4277445e-03  -1.1337283e-03   0.0000000e+00   0.0000000e+00   0.0000000e+00   0.0000000e+00
   7.5000000e-02   1.7274798e-01  -7.5433803e-02   1.1961774e-01  -3.3124546e-03  -5.9146418e-02   6.9983706e-02  -2.4844309e-03  -1.1138758e-03   0.0000000e+00   0.0000000e+00   0.0000000e+00   0.0000000e+00
   7.7500000e-02   1.6913479e-01  -7.0990538e-02   1.1944958e-01  -3.3837072e-03  -5.5647235e-02   6.8107985e-02  -2.5401247e-03  -1.0943656e-03   0.0000000e+00   0.0000000e+00   0.0000000e+00   0.0000000e+00
   8.0000000e-02   1.6569748e-01  -6.6642656e-02   1.1927858e-01  -3.4539479e-03  -5.2241838e-02   6.6318973e-02  -2.5948429e-03  -1.0751928e-03   0.0000000e+00   0.0000000e+00   0.0000000e+00   0.0000000e+00
   8.2500000e-02   1.6243459e-01  -6.2388776e-02   1.1910476e-01  -3.5231820e-03  -4.8925892e-02   6.4614321e-02  -2.6486025e-03  -1.0563522e-03   0.0000000e+00   0.0000000e+00   0.0000000e+00   0.0000000e+00
   8.5000000e-02   1.5944428e-01  -5.8278058e-02   1.1892648e-01  -3.5908261e-03  -4.5695178e-02   6.2991816e-02  -2.7014201e-03  -1.0378391e-03   0.0000000e+00   0.0000000e+00   0.0000000e+00   0.0000000e+00
   8.7500000e-02   1.5664546e-01  -5.4264500e-02   1.1874503e-01  -3.6573401e-03  -4.2545590e-02   6.1449268e-02  -2.7533120e-03  -1.0196484e-03   0.0000000e+00   0.0000000e+00   0.0000000e+00   0.0000000e+00
   9.0000000e-02   1.5400466e-01  -5.0330026e-02   1.1856096e-01  -3.7229179e-03  -3.9473129e-02   5.9984546e-02  -2.8042944e-03  -1.0017751e-03   0.0000000e+00   0.0000000e+00   0.0000000e+00   0.0000000e+00
   9.2500000e-02   1.5158871e-01  -4.6505362e-02   1.1837313e-01  -3.7871549e-03  -3.6473903e-02   5.8595625e-02  -2.8543831e-03  -9.8421432e-04   0.0000000e+00   0.0000000e+00   0.0000000e+00   0.0000000e+00
   9.5000000e-02   1.4937815e-01  -4.2776805e-02   1.1818183e-01  -3.8501562e-03  -3.3544124e-02   5.7280540e-02  -2.9035938e-03  -9.6696118e-04   0.0000000e+00   0.0000000e+00   0.0000000e+00   0.0000000e+00
   9.7500000e-02   1.4731450e-01  -3.9115281e-02   1.1798805e-01  -3.9122701e-03  -3.0680099e-02   5.6037376e-02  -2.9519418e-03  -9.5001073e-04   0.0000000e+00   0.0000000e+00   0.0000000e+00   0.0000000e+00
   1.0000000e-01   1.4543557e-01  -3.5536191e-02   1.1779113e-01  -3.9732646e-03  -2.7878232e-02   5.4864300e-02  -2.9994423e-03  -9.3335810e-04   0.0000000e+00   0.0000000e+00   0.0000000e+00   0.0000000e+00
   1.0250000e-01   1.4377643e-01  -3.2050112e-02   1.1759045e-01  -4.0329196e-03  -2.5135019e-02   5.3759564e-02  -3.0461102e-03  -9.1699848e-04   0.0000000e+00   0.0000000e+00   0.0000000e+00   0.0000000e+00
   1.0500000e-01   1.4224804e-01  -2.8617119e-02   1.1738754e-01  -4.0917755e-03  -2.2447043e-02   5.2721455e-02  -3.0919601e-03  -9.0092703e-04   0.0000000e+00   0.0000000e+00   0.0000000e+00   0.0000000e+00
   1.0750000e-01   1.4088258e-01  -2.5249074e-02   1.1718183e-01  -4.1496347e-03  -1.9810972e-02   5.1748341e-02  -3.1370064e-03  -8.8513897e-04   0.0000000e+00   0.0000000e+00   0.0000000e+00   0.0000000e+00
   1.1000000e-01   1.3973242e-01  -2.1961265e-02   1.1697241e-01  -4.2061740e-03  -1.7223557e-02   5.0838667e-02  -3.1812633e-03  -8.6962959e-04   0.0000000e+00   0.0000000e+00   0.0000000e+00   0.0000000e+00
   1.1250000e-01   1.3870614e-01  -1.8717131e-02   1.1676087e-01  -4.2619539e-03  -1.4681625e-02   4.9990921e-02  -3.2247447e-03  -8.5439418e-04   0.0000000e+00   0.0000000e+00   0.0000000e+00   0.0000000e+00
   1.1500000e-01   1.3782863e-01  -1.5524404e-02   1.1654677e-01  -4.3168218e-03  -1.2182081e-02   4.9203663e-02  -3.2674644e-03  -8.3942808e-04   0.0000000e+00   0.0000000e+00   0.0000000e+00   0.0000000e+00
   1.1750000e-01   1.3716456e-01  -1.2399342e-02   1.1632901e-01  -4.3703842e-03  -9.7218996e-03   4.8475525e-02  -3.3094358e-03  -8.2472670e-04   0.0000000e+00   0.0000000e+00   0.0000000e+00   0.0000000e+00
   1.2000000e-01   1.3660947e-01  -9.3063421e-03   1.1610938e-01  -4.4232822e-03  -7.2981251e-03   4.7805184e-02  -3.3506721e-03  -8.1028546e-04   0.0000000e+00   0.0000000e+00   0.0000000e+00   0.0000000e+00
   1.2250000e-01   1.3620856e-01  -6.2576179e-03   1.1588711e-01  -4.4752414e-03  -4.9078676e-03   4.7191382e-02  -3.3911864e-03  -7.9609985e-04   0.0000000e+00   0.0000000e+00   0.0000000e+00   0.0000000e+00
   1.2500000e-01   1.3599595e-01  -3.2571141e-03   1.1566165e-01  -4.5260616e-03  -2.5483001e-03   4.6632928e-02  -3.4309913e-03  -7.8216539e-04   0.0000000e+00   0.0000000e+00   0.0000000e+00   0.0000000e+00
   1.2750000e-01   1.3588878e-01  -2.8166710e-04   1.1543441e-01  -4.5762475e-03  -2.1665536e-04   4.6128676e-02  -3.4700996e-03  -7.6847767e-04   0.0000000e+00   0.0000000e+00   0.0000000e+00   0.0000000e+00
   1.3000000e-01   1.3594899e-01   2.6562525e-03   1.1520435e-01  -4.6254305e-03   2.0897768e-03   4.5677545e-02  -3.5085234e-03  -7.5503231e-04   0.0000000e+00   0.0000000e+00   0.0000000e+00   0.0000000e+00
   1.3250000e-01   1.3617604e-01   5.5622644e-03   1.1497152e-01  -4.6736256e-03   4.3736524e-03   4.5278505e-02  -3.5462750e-03  -7.4182498e-04   0.0000000e+00   0.0000000e+00   0.0000000e+00   0.0000000e+00
   1.3500000e-01   1.3649203e-01   8.4521406e-03   1.1473721e-01  -4.7212964e-03   6.6375761e-03   4.4930584e-02  -3.5833662e-03  -7.2885141e-04   0.0000000e+00   0.0000000e+00   0.0000000e+00   0.0000000e+00
   1.3750000e-01   1.3701431e-01   1.1309559e-02   1.1449952e-01  -4.7677636e-03   8.8841038e-03   4.4632858e-02  -3.6198088e-03  -7.1610738e-04   0.0000000e+00   0.0000000e+00   0.0000000e+00   0.0000000e+00
   1.4000000e-01   1.3765056e-01   1.4153001e-02   1.1425999e-01  -4.8135778e-03   1.1115745e-02   4.4384458e-02  -3.6556141e-03  -7.0358870e-04   0.0000000e+00   0.0000000e+00   0.0000000e+00   0.0000000e+00
   1.4250000e-01   1.3840230e-01   1.6982279e-02   1.1401860e-01  -4.8587301e-03   1.3334966e-02   4.4184567e-02  -3.6907935e-03  -6.9129125e-04   0.0000000e+00   0.0000000e+00   0.0000000e+00   0.0000000e+00
   1.4500000e-01   1.3935477e-01   1.9793913e-02   1.1377404e-01  -4.9027553e-03   1.5544193e-02   4.4032410e-02  -3.7253581e-03  -6.7921095e-04   0.0000000e+00   0.0000000e+00   0.0000000e+00   0.0000000e+00
   1.4750000e-01   1.4039665e-01   2.2599901e-02   1.1352809e-01  -4.9462869e-03   1.7745812e-02   4.3927271e-02  -3.7593186e-03  -6.6734377e-04   0.0000000e+00   0.0000000e+00   0.0000000e+00   0.0000000e+00
   1.5000000e-01   1.4160962e-01   2.5396895e-02   1.1327951e-01  -4.9888807e-03   1.9942174e-02   4.3868470e-02  -3.7926858e-03  -6.5568572e-04   0.0000000e+00   0.0000000e+00   0.0000000e+00   0.0000000e+00
   1.5250000e-01   1.4295399e-01   2.8191669e-02   1.1302895e-01  -5.0307735e-03   2.2135596e-02   4.3855382e-02  -3.8254700e-03  -6.4423287e-04   0.0000000e+00   0.0000000e+00   0.0000000e+00   0.0000000e+00
   1.5500000e-01   1.4440750e-01   3.0984599e-02   1.1277675e-01  -5.0720841e-03   2.4328364e-02   4.3887429e-02  -3.8576816e-03  -6.3298134e-04   0.0000000e+00   0.0000000e+00   0.0000000e+00   0.0000000e+00
   1.5750000e-01   1.4605937e-01   3.3781276e-02   1.1252167e-01  -5.1123689e-03   2.6522734e-02   4.3964058e-02  -3.8893307e-03  -6.2192726e-04   0.0000000e+00   0.0000000e+00   0.0000000e+00   0.0000000e+00
   1.6000000e-01   1.4777827e-01   3.6580086e-02   1.1226562e-01  -5.1523114e-03   2.8720935e-02   4.4084790e-02  -3.9204270e-03  -6.1106688e-04   0.0000000e+00   0.0000000e+00   0.0000000e+00   0.0000000e+00
   1.6250000e-01   1.4971366e-01   3.9390539e-02   1.1200652e-01  -5.1911715e-03   3.0925173e-02   4.4249151e-02  -3.9509803e-03  -6.0039639e-04   0.0000000e+00   0.0000000e+00   0.0000000e+00   0.0000000e+00
   1.6500000e-01   1.5174624e-01   4.2209608e-02   1.1174611e-01  -5.2295639e-03   3.3137629e-02   4.4456738e-02  -3.9810001e-03  -5.8991212e-04   0.0000000e+00   0.0000000e+00   0.0000000e+00   0.0000000e+00
   1.6750000e-01   1.5393662e-01   4.5042667e-02   1.1148356e-01  -5.2671968e-03   3.5360464e-02   4.4707171e-02  -4.0104957e-03  -5.7961037e-04   0.0000000e+00   0.0000000e+00   0.0000000e+00   0.0000000e+00
   1.7000000e-01   1.5625852e-01   4.7891931e-02   1.1121929e-01  -5.3042229e-03   3.7595821e-02   4.5000116e-02  -4.0394762e-03  -5.6948754e-04   0.0000000e+00   0.0000000e+00   0.0000000e+00   0.0000000e+00
   1.7250000e-01   1.5871862e-01   5.0758225e-02   1.1095324e-01  -5.3406115e-03   3.9845825e-02   4.5335277e-02  -4.0679506e-03  -5.5954002e-04   0.0000000e+00   0.0000000e+00   0.0000000e+00   0.0000000e+00
   1.7500000e-01   1.6134109e-01   5.3650038e-02   1.1068517e-01  -5.3762851e-03   4.2112588e-02   4.5712384e-02  -4.0959276e-03  -5.4976427e-04   0.0000000e+00   0.0000000e+00   0.0000000e+00   0.0000000e+00
   1.7750000e-01   1.6407452e-01   5.6559287e-02   1.1041573e-01  -5.4114702e-03   4.4398205e-02   4.6131224e-02  -4.1234158e-03  -5.4015679e-04   0.0000000e+00   0.0000000e+00   0.0000000e+00   0.0000000e+00
   1.8000000e-01   1.6700259e-01   5.9505363e-02   1.1014399e-01  -5.4458398e-03   4.6704765e-02   4.6591586e-02  -4.1504236e-03  -5.3071406e-04   0.0000000e+00   0.0000000e+00   0.0000000e+00   0.0000000e+00
   1.8250000e-01   1.7001387e-01   6.2467182e-02   1.0987127e-01  -5.4798607e-03   4.9034343e-02   4.7093338e-02  -4.1769593e-03  -5.2143270e-04   0.0000000e+00   0.0000000e+00   0.0000000e+00   0.0000000e+00
   1.8500000e-01   1.7325932e-01   6.5480444e-02   1.0959593e-01  -5.5129513e-03   5.1389008e-02   4.7636315e-02  -4.2030309e-03  -5.1230922e-04   0.0000000e+00   0.0000000e+00   0.0000000e+00   0.0000000e+00
   1.8750000e-01   1.7656077e-01   6.8506009e-02   1.0931997e-01  -5.5458194e-03   5.3770822e-02   4.8220469e-02  -4.2286463e-03  -5.0334033e-04   0.0000000e+00   0.0000000e+00   0.0000000e+00   0.0000000e+00
   1.9000000e-01   1.8011218e-01   7.1593680e-02   1.0904137e-01  -5.5777492e-03   5.6181844e-02   4.8845686e-02  -4.2538133e-03  -4.9452259e-04   0.0000000e+00   0.0000000e+00   0.0000000e+00   0.0000000e+00
   1.9250000e-01   1.8371748e-01   7.4694739e-02   1.0876221e-01  -5.6094766e-03   5.8624126e-02   4.9511984e-02  -4.2785394e-03  -4.8585276e-04   0.0000000e+00   0.0000000e+00   0.0000000e+00   0.0000000e+00
   1.9500000e-01   1.8758421e-01   7.7867794e-02   1.0848045e-01  -5.6402798e-03   6.1099724e-02   5.0219302e-02  -4.3028321e-03  -4.7732745e-04   0.0000000e+00   0.0000000e+00   0.0000000e+00   0.0000000e+00
   1.9750000e-01   1.9150136e-01   8.1054734e-02   1.0819819e-01  -5.6709047e-03   6.3610687e-02   5.0967722e-02  -4.3266984e-03  -4.6894350e-04   0.0000000e+00   0.0000000e+00   0.0000000e+00   0.0000000e+00
   2.0000000e-01   1.9569254e-01   8.4323887e-02   1.0791338e-01  -5.7006191e-03   6.6159071e-02   5.1757227e-02  -4.3501456e-03  -4.6069753e-04   0.0000000e+00   0.0000000e+00   0.0000000e+00   0.0000000e+00
   2.0250000e-01   1.9993058e-01   8.7607098e-02   1.0762814e-01  -5.7301777e-03   6.8746931e-02   5.2587962e-02  -4.3731804e-03  -4.5258645e-04   0.0000000e+00   0.0000000e+00   0.0000000e+00   0.0000000e+00
   2.0500000e-01   2.0445608e-01   9.0982969e-02   1.0734039e-01  -5.7588405e-03   7.1376327e-02   5.3459949e-02  -4.3958097e-03  -4.4460690e-04   0.0000000e+00   0.0000000e+00   0.0000000e+00   0.0000000e+00
   2.0750000e-01   2.0902467e-01   9.4372732e-02   1.0705227e-01  -5.7873689e-03   7.4049323e-02   5.4373395e-02  -4.4180401e-03  -4.3675585e-04   0.0000000e+00   0.0000000e+00   0.0000000e+00   0.0000000e+00
   2.1000000e-01   2.1389695e-01   9.7866495e-02   1.0676168e-01  -5.8150109e-03   7.6767990e-02   5.5328355e-02  -4.4398778e-03  -4.2902994e-04   0.0000000e+00   0.0000000e+00   0.0000000e+00   0.0000000e+00
   2.1250000e-01   2.1880677e-01   1.0137311e-01   1.0647079e-01  -5.8425432e-03   7.9534406e-02   5.6325092e-02  -4.4613293e-03  -4.2142619e-04   0.0000000e+00   0.0000000e+00   0.0000000e+00   0.0000000e+00
   2.1500000e-01   2.2403822e-01   1.0499567e-01   1.0617745e-01  -5.8691973e-03   8.2350659e-02   5.7363691e-02  -4.4824006e-03  -4.1394123e-04   0.0000000e+00   0.0000000e+00   0.0000000e+00   0.0000000e+00
   2.1750000e-01   2.2930134e-01   1.0862964e-01   1.0588388e-01  -5.8957649e-03   8.5218841e-02   5.8444470e-02  -4.5030977e-03  -4.0657214e-04   0.0000000e+00   0.0000000e+00   0.0000000e+00   0.0000000e+00
   2.2000000e-01   2.3490552e-01   1.1239200e-01   1.0558790e-01  -5.9214623e-03   8.8141063e-02   5.9567535e-02  -4.5234263e-03  -3.9931553e-04   0.0000000e+00   0.0000000e+00   0.0000000e+00   0.0000000e+00
   2.2250000e-01   2.4053507e-01   1.1616392e-01   1.0529175e-01  -5.9470950e-03   9.1119438e-02   6.0733260e-02  -4.5433920e-03  -3.9216853e-04   0.0000000e+00   0.0000000e+00   0.0000000e+00   0.0000000e+00
   2.2500000e-01   2.4652794e-01   1.2007776e-01   1.0499321e-01  -5.9718622e-03   9.4156098e-02   6.1941761e-02  -4.5630004e-03  -3.8512769e-04   0.0000000e+00   0.0000000e+00   0.0000000e+00   0.0000000e+00
   2.2750000e-01   2.5253949e-01   1.2399889e-01   1.0469455e-01  -5.9965849e-03   9.7253184e-02   6.3193466e-02  -4.5822568e-03  -3.7819020e-04   0.0000000e+00   0.0000000e+00   0.0000000e+00   0.0000000e+00
   2.3000000e-01   2.5893288e-01   1.2807391e-01   1.0439358e-01  -6.0204589e-03   1.0041286e-01   6.4488501e-02  -4.6011663e-03  -3.7135256e-04   0.0000000e+00   0.0000000e+00   0.0000000e+00   0.0000000e+00
   2.3250000e-01   2.6534318e-01   1.3215575e-01   1.0409250e-01  -6.0442953e-03   1.0363728e-01   6.5827339e-02  -4.6197339e-03  -3.6461198e-04   0.0000000e+00   0.0000000e+00   0.0000000e+00   0.0000000e+00
   2.3500000e-01   2.7215390e-01   1.3640326e-01   1.0378918e-01  -6.0673017e-03   1.0692864e-01   6.7210113e-02  -4.6379645e-03  -3.5796492e-04   0.0000000e+00   0.0000000e+00   0.0000000e+00   0.0000000e+00
   2.3750000e-01   2.7897954e-01   1.4065696e-01   1.0348577e-01  -6.0902772e-03   1.1028915e-01   6.8637334e-02  -4.6558627e-03  -3.5140858e-04   0.0000000e+00   0.0000000e+00   0.0000000e+00   0.0000000e+00
   2.4000000e-01   2.8622545e-01   1.4508843e-01   1.0318018e-01  -6.1124401e-03   1.1372101e-01   7.0109135e-02  -4.6734332e-03  -3.4493937e-04   0.0000000e+00   0.0000000e+00   0.0000000e+00   0.0000000e+00
   2.4250000e-01   2.9348411e-01   1.4952529e-01   1.0287452e-01  -6.1345783e-03   1.1722646e-01   7.1626067e-02  -4.6906801e-03  -3.3855450e-04   0.0000000e+00   0.0000000e+00   0.0000000e+00   0.0000000e+00
   2.4500000e-01   3.0118138e-01   1.5415110e-01   1.0256676e-01  -6.1559249e-03   1.2080777e-01   7.3188253e-02  -4.7076078e-03  -3.3225029e-04   0.0000000e+00   0.0000000e+00   0.0000000e+00   0.0000000e+00
   2.4750000e-01   3.0889300e-01   1.5878311e-01   1.0225893e-01  -6.1772461e-03   1.2446718e-01   7.4796278e-02  -4.7242203e-03  -3.2602395e-04   0.0000000e+00   0.0000000e+00   0.0000000e+00   0.0000000e+00
   2.5000000e-01   3.1706620e-01   1.6361694e-01   1.0194906e-01  -6.1977891e-03   1.2820699e-01   7.6450245e-02  -4.7405215e-03  -3.1987170e-04   0.0000000e+00   0.0000000e+00   0.0000000e+00   0.0000000e+00
   2.5250000e-01   3.2525901e-01   1.6845945e-01   1.0163911e-01  -6.2183012e-03   1.3202950e-01   7.8150762e-02  -4.7565151e-03  -3.1379071e-04   0.0000000e+00   0.0000000e+00   0.0000000e+00   0.0000000e+00
   2.5500000e-01   3.3391844e-01   1.7350841e-01   1.0132726e-01  -6.2380773e-03   1.3593703e-01   7.9897927e-02  -4.7722046e-03  -3.0777713e-04   0.0000000e+00   0.0000000e+00   0.0000000e+00   0.0000000e+00
   2.5750000e-01   3.4261442e-01   1.7857370e-01   1.0101526e-01  -6.2577995e-03   1.3993193e-01   8.1692352e-02  -4.7875935e-03  -3.0182807e-04   0.0000000e+00   0.0000000e+00   0.0000000e+00   0.0000000e+00
   2.6000000e-01   3.5178183e-01   1.8384954e-01   1.0070150e-01  -6.2768255e-03   1.4401654e-01   8.3534124e-02  -4.8026848e-03  -2.9593958e-04   0.0000000e+00   0.0000000e+00   0.0000000e+00   0.0000000e+00
   2.6250000e-01   3.6100208e-01   1.8914913e-01   1.0038755e-01  -6.2957781e-03   1.4819324e-01   8.5423853e-02  -4.8174818e-03  -2.9010870e-04   0.0000000e+00   0.0000000e+00   0.0000000e+00   0.0000000e+00
   2.6500000e-01   3.7067963e-01   1.9465439e-01   1.0007202e-01  -6.3140963e-03   1.5246443e-01   8.7361636e-02  -4.8319872e-03  -2.8433143e-04   0.0000000e+00   0.0000000e+00   0.0000000e+00   0.0000000e+00
   2.6750000e-01   3.8050273e-01   2.0022541e-01   9.9756024e-02  -6.3322242e-03   1.5683251e-01   8.9347971e-02  -4.8462038e-03  -2.7860452e-04   0.0000000e+00   0.0000000e+00   0.0000000e+00   0.0000000e+00
   2.7000000e-01   3.9069135e-01   2.0596161e-01   9.9438857e-02  -6.3498743e-03   1.6129991e-01   9.1383062e-02  -4.8601340e-03  -2.7292411e-04   0.0000000e+00   0.0000000e+00   0.0000000e+00   0.0000000e+00
   2.7250000e-01   4.0112812e-01   2.1181029e-01   9.9120956e-02  -6.3672176e-03   1.6586906e-01   9.3467270e-02  -4.8737802e-03  -2.6728661e-04   0.0000000e+00   0.0000000e+00   0.0000000e+00   0.0000000e+00
   2.7500000e-01   4.1184929e-01   2.1778787e-01   9.8802213e-02  -6.3842093e-03   1.7054242e-01   9.5600897e-02  -4.8871445e-03  -2.6168827e-04   0.0000000e+00   0.0000000e+00   0.0000000e+00   0.0000000e+00
   2.7750000e-01   4.2292963e-01   2.2392851e-01   9.8482490e-02  -6.4007805e-03   1.7532246e-01   9.7784131e-02  -4.9002289e-03  -2.5612510e-04   0.0000000e+00   0.0000000e+00   0.0000000e+00   0.0000000e+00
   2.8000000e-01   4.3420576e-01   2.3015803e-01   9.8162232e-02  -6.4171224e-03   1.8021166e-01   1.0001739e-01  -4.9130352e-03  -2.5059352e-04   0.0000000e+00   0.0000000e+00   0.0000000e+00   0.0000000e+00
   2.8250000e-01   4.4596213e-01   2.3660561e-01   9.7840765e-02  -6.4329305e-03   1.8521253e-01   1.0230065e-01  -4.9255649e-03  -2.4508903e-04   0.0000000e+00   0.0000000e+00   0.0000000e+00   0.0000000e+00
   2.8500000e-01   4.5781884e-01   2.4309874e-01   9.7519045e-02  -6.4486271e-03   1.9032756e-01   1.0463447e-01  -4.9378193e-03  -2.3960826e-04   0.0000000e+00   0.0000000e+00   0.0000000e+00   0.0000000e+00
   2.8750000e-01   4.7028025e-01   2.4986613e-01   9.7195922e-02  -6.4636841e-03   1.9555928e-01   1.0701857e-01  -4.9497997e-03  -2.3414616e-04   0.0000000e+00   0.0000000e+00   0.0000000e+00   0.0000000e+00
   2.9000000e-01   4.8285176e-01   2.5668333e-01   9.6872565e-02  -6.4786301e-03   2.0091020e-01   1.0945348e-01  -4.9615070e-03  -2.2869921e-04   0.0000000e+00   0.0000000e+00   0.0000000e+00   0.0000000e+00
   2.9250000e-01   4.9594433e-01   2.6373630e-01   9.6548096e-02  -6.4930504e-03   2.0638287e-01   1.1193901e-01  -4.9729420e-03  -2.2326248e-04   0.0000000e+00   0.0000000e+00   0.0000000e+00   0.0000000e+00
   2.9500000e-01   5.0926544e-01   2.7089230e-01   9.6223179e-02  -6.5072502e-03   2.1197982e-01   1.1447545e-01  -4.9841051e-03  -2.1783193e-04   0.0000000e+00   0.0000000e+00   0.0000000e+00   0.0000000e+00
   2.9750000e-01   5.2301574e-01   2.7824181e-01   9.5897422e-02  -6.5210359e-03   2.1770359e-01   1.1706272e-01  -4.9949967e-03  -2.1240275e-04   0.0000000e+00   0.0000000e+00   0.0000000e+00   0.0000000e+00
   3.0000000e-01   5.3709976e-01   2.8574112e-01   9.5571063e-02  -6.5345121e-03   2.2355672e-01   1.1970087e-01  -5.0056168e-03  -2.0697040e-04   0.0000000e+00   0.0000000e+00   0.0000000e+00   0.0000000e+00
   3.0250000e-01   5.5149122e-01   2.9337843e-01   9.5244151e-02  -6.5477032e-03   2.2954176e-01   1.2238998e-01  -5.0159653e-03  -2.0153032e-04   0.0000000e+00   0.0000000e+00   0.0000000e+00   0.0000000e+00
   3.0500000e-01   5.6645594e-01   3.0127173e-01   9.4916286e-02  -6.5603813e-03   2.3566125e-01   1.2512959e-01  -5.0260418e-03  -1.9607690e-04   0.0000000e+00   0.0000000e+00   0.0000000e+00   0.0000000e+00
   3.0750000e-01   5.8167801e-01   3.0927942e-01   9.4588021e-02  -6.5728347e-03   2.4191773e-01   1.2791982e-01  -5.0358456e-03  -1.9060560e-04   0.0000000e+00   0.0000000e+00   0.0000000e+00   0.0000000e+00
   3.1000000e-01   5.9733395e-01   3.1747974e-01   9.4259090e-02  -6.5849118e-03   2.4831371e-01   1.3076040e-01  -5.0453759e-03  -1.8511111e-04   0.0000000e+00   0.0000000e+00   0.0000000e+00   0.0000000e+00
   3.1250000e-01   6.1347546e-01   3.2589423e-01   9.3929473e-02  -6.5965794e-03   2.5485173e-01   1.3365090e-01  -5.0546315e-03  -1.7958781e-04   0.0000000e+00   0.0000000e+00   0.0000000e+00   0.0000000e+00
   3.1500000e-01   6.2988424e-01   3.3442633e-01   9.3599487e-02  -6.6080235e-03   2.6153427e-01   1.3659132e-01  -5.0636109e-03  -1.7403086e-04   0.0000000e+00   0.0000000e+00   0.0000000e+00   0.0000000e+00
   3.1750000e-01   6.4686481e-01   3.4320885e-01   9.3268757e-02  -6.6189974e-03   2.6836383e-01   1.3958095e-01  -5.0723124e-03  -1.6843402e-04   0.0000000e+00   0.0000000e+00   0.0000000e+00   0.0000000e+00
   3.2000000e-01   6.6428575e-01   3.5218275e-01   9.2937498e-02  -6.6296171e-03   2.7534287e-01   1.4261931e-01  -5.0807341e-03  -1.6279151e-04   0.0000000e+00   0.0000000e+00   0.0000000e+00   0.0000000e+00
   3.2250000e-01   6.8206701e-01   3.6131273e-01   9.2605821e-02  -6.6399492e-03   2.8247383e-01   1.4570606e-01  -5.0888737e-03  -1.5709776e-04   0.0000000e+00   0.0000000e+00   0.0000000e+00   0.0000000e+00
   3.2500000e-01   7.0036245e-01   3.7066438e-01   9.2273575e-02  -6.6498752e-03   2.8975913e-01   1.4884044e-01  -5.0967285e-03  -1.5134641e-04   0.0000000e+00   0.0000000e+00   0.0000000e+00   0.0000000e+00
   3.2750000e-01   7.1919485e-01   3.8024552e-01   9.1940783e-02  -6.6593843e-03   2.9720115e-01   1.5202158e-01  -5.1042959e-03  -1.4553084e-04   0.0000000e+00   0.0000000e+00   0.0000000e+00   0.0000000e+00
   3.3000000e-01   7.3840514e-01   3.8998728e-01   9.1607625e-02  -6.6686022e-03   3.0480222e-01   1.5524892e-01  -5.1115724e-03  -1.3964503e-04   0.0000000e+00   0.0000000e+00   0.0000000e+00   0.0000000e+00
   3.3250000e-01   7.5807639e-01   3.9992425e-01   9.1274038e-02  -6.6774669e-03   3.1256466e-01   1.5852163e-01  -5.1185546e-03  -1.3368246e-04   0.0000000e+00   0.0000000e+00   0.0000000e+00   0.0000000e+00
   3.3500000e-01   7.7841251e-01   4.1014008e-01   9.0939882e-02  -6.6858279e-03   3.2049074e-01   1.6183832e-01  -5.1252388e-03  -1.2763546e-04   0.0000000e+00   0.0000000e+00   0.0000000e+00   0.0000000e+00
   3.3750000e-01   7.9920072e-01   4.2054372e-01   9.0605373e-02  -6.6938494e-03   3.2858265e-01   1.6519802e-01  -5.1316205e-03  -1.2149724e-04   0.0000000e+00   0.0000000e+00   0.0000000e+00   0.0000000e+00
   3.4000000e-01   8.2044676e-01   4.3113662e-01   9.0270521e-02  -6.7015280e-03   3.3684254e-01   1.6859969e-01  -5.1376954e-03  -1.1526084e-04   0.0000000e+00   0.0000000e+00   0.0000000e+00   0.0000000e+00
   3.4250000e-01   8.4222798e-01   4.4194938e-01   8.9935289e-02  -6.7088075e-03   3.4527252e-01   1.7204201e-01  -5.1434584e-03  -1.0891876e-04   0.0000000e+00   0.0000000e+00   0.0000000e+00   0.0000000e+00
   3.4500000e-01   8.6466351e-01   4.5302796e-01   8.9599639e-02  -6.7156013e-03   3.5387462e-01   1.7552323e-01  -5.1489044e-03  -1.0246272e-04   0.0000000e+00   0.0000000e+00   0.0000000e+00   0.0000000e+00
   3.4750000e-01   8.8761538e-01   4.6431421e-01   8.9263687e-02  -6.7220127e-03   3.6265077e-01   1.7904191e-01  -5.1540275e-03  -9.5884981e-05   0.0000000e+00   0.0000000e+00   0.0000000e+00   0.0000000e+00
   3.5000000e-01   9.1108979e-01   4.7580912e-01   8.8927450e-02  -6.7280374e-03   3.7160286e-01   1.8259647e-01  -5.1588217e-03  -8.9177610e-05   0.0000000e+00   0.0000000e+00   0.0000000e+00   0.0000000e+00
   3.5250000e-01   9.3509478e-01   4.8751436e-01   8.8590941e-02  -6.7336697e-03   3.8073268e-01   1.8618521e-01  -5.1632806e-03  -8.2332479e-05   0.0000000e+00   0.0000000e+00   0.0000000e+00   0.0000000e+00
   3.5500000e-01   9.5982869e-01   4.9950512e-01   8.8254102e-02  -6.7387623e-03   3.9004193e-01   1.8980578e-01  -5.1673972e-03  -7.5340152e-05   0.0000000e+00   0.0000000e+00   0.0000000e+00   0.0000000e+00
   3.5750000e-01   9.8514093e-01   5.1171945e-01   8.7917034e-02  -6.7434257e-03   3.9953222e-01   1.9345612e-01  -5.1711642e-03  -6.8191868e-05   0.0000000e+00   0.0000000e+00   0.0000000e+00   0.0000000e+00
   3.6000000e-01   1.0110406e+00   5.2415873e-01   8.7579755e-02  -6.7476517e-03   4.0920501e-01   1.9713404e-01  -5.1745738e-03  -6.0878634e-05   0.0000000e+00   0.0000000e+00   0.0000000e+00   0.0000000e+00
   3.6250000e-01   1.0375335e+00   5.3682293e-01   8.7242285e-02  -6.7514348e-03   4.1906171e-01   2.0083722e-01  -5.1776178e-03  -5.3391249e-05   0.0000000e+00   0.0000000e+00   0.0000000e+00   0.0000000e+00
   3.6500000e-01   1.0646292e+00   5.4971343e-01   8.6904645e-02  -6.7547658e-03   4.2910356e-01   2.0456320e-01  -5.1802873e-03  -4.5720275e-05   0.0000000e+00   0.0000000e+00   0.0000000e+00   0.0000000e+00
   3.6750000e-01   1.0924812e+00   5.6288391e-01   8.6566827e-02  -6.7575260e-03   4.3933172e-01   2.0830890e-01  -5.1825733e-03  -3.7855123e-05   0.0000000e+00   0.0000000e+00   0.0000000e+00   0.0000000e+00
   3.7000000e-01   1.1209987e+00   5.7629694e-01   8.6228886e-02  -6.7597797e-03   4.4974715e-01   2.1207137e-01  -5.1844661e-03  -2.9785573e-05   0.0000000e+00   0.0000000e+00   0.0000000e+00   0.0000000e+00
   3.7250000e-01   1.1501714e+00   5.8994572e-01   8.5890849e-02  -6.7615309e-03   4.6035071e-01   2.1584757e-01  -5.1859554e-03  -2.1501287e-05   0.0000000e+00   0.0000000e+00   0.0000000e+00   0.0000000e+00
   3.7500000e-01   1.1800076e+00   6.0383017e-01   8.5552741e-02  -6.7627694e-03   4.7114309e-01   2.1963431e-01  -5.1870304e-03  -1.2991684e-05   0.0000000e+00   0.0000000e+00   0.0000000e+00   0.0000000e+00
   3.7750000e-01   1.2105181e+00   6.1795094e-01   8.5214584e-02  -6.7634822e-03   4.8212479e-01   2.2342820e-01  -5.1876800e-03  -4.2459238e-06   0.0000000e+00   0.0000000e+00   0.0000000e+00   0.0000000e+00
   3.8000000e-01   1.2417128e+00   6.3230827e-01   8.4876404e-02  -6.7636568e-03   4.9329620e-01   2.2722568e-01  -5.1878923e-03   4.7470853e-06   0.0000000e+00   0.0000000e+00   0.0000000e+00   0.0000000e+00
   3.8250000e-01   1.2737037e+00   6.4693614e-01   8.4538230e-02  -6.7631977e-03   5.0465747e-01   2.3102263e-01  -5.1876550e-03   1.3999412e-05   0.0000000e+00   0.0000000e+00   0.0000000e+00   0.0000000e+00
   3.8500000e-01   1.3064690e+00   6.6182208e-01   8.4200098e-02  -6.7621137e-03   5.1620860e-01   2.3481485e-01  -5.1869550e-03   2.3523176e-05   0.0000000e+00   0.0000000e+00   0.0000000e+00   0.0000000e+00
   3.8750000e-01   1.3399668e+00   6.7694778e-01   8.3862035e-02  -6.7604306e-03   5.2794933e-01   2.3859813e-01  -5.1857788e-03   3.3330385e-05   0.0000000e+00   0.0000000e+00   0.0000000e+00   0.0000000e+00
   3.9000000e-01   1.3742086e+00   6.9231271e-01   8.3524071e-02  -6.7581316e-03   5.3987923e-01   2.4236804e-01  -5.1841123e-03   4.3433312e-05   0.0000000e+00   0.0000000e+00   0.0000000e+00   0.0000000e+00
   3.9250000e-01   1.4092011e+00   7.0791483e-01   8.3186233e-02  -6.7552028e-03   5.5199762e-01   2.4611997e-01  -5.1819406e-03   5.3844462e-05   0.0000000e+00   0.0000000e+00   0.0000000e+00   0.0000000e+00
   3.9500000e-01   1.4449713e+00   7.2375792e-01   8.2848556e-02  -6.7516125e-03   5.6430361e-01   2.4984903e-01  -5.1792484e-03   6.4576714e-05   0.0000000e+00   0.0000000e+00   0.0000000e+00   0.0000000e+00
   3.9750000e-01   1.4815250e+00   7.3983895e-01   8.2511070e-02  -6.7473458e-03   5.7679605e-01   2.5355013e-01  -5.1760196e-03   7.5643170e-05   0.0000000e+00   0.0000000e+00   0.0000000e+00   0.0000000e+00
   4.0000000e-01   1.5188737e+00   7.5615635e-01   8.2173808e-02  -6.7423824e-03   5.8947355e-01   2.5721797e-01  -5.1722374e-03   8.7057185e-05   0.0000000e+00   0.0000000e+00   0.0000000e+00   0.0000000e+00
   4.0250000e-01   1.5571184e+00   7.7273353e-01   8.1836838e-02  -6.7366197e-03   6.0233444e-01   2.6084664e-01  -5.1678846e-03   9.8833097e-05   0.0000000e+00   0.0000000e+00   0.0000000e+00   0.0000000e+00
   4.0500000e-01   1.5962132e+00   7.8955039e-01   8.1500182e-02  -6.7300841e-03   6.1537676e-01   2.6443024e-01  -5.1629429e-03   1.1098504e-04   0.0000000e+00   0.0000000e+00   0.0000000e+00   0.0000000e+00
   4.0750000e-01   1.6361444e+00   8.0659703e-01   8.1163869e-02  -6.7227740e-03   6.2859827e-01   2.6796272e-01  -5.1573937e-03   1.2352718e-04   0.0000000e+00   0.0000000e+00   0.0000000e+00   0.0000000e+00
   4.1000000e-01   1.6769226e+00   8.2387014e-01   8.0827939e-02  -6.7146659e-03   6.4199639e-01   2.7143782e-01  -5.1512173e-03   1.3647391e-04   0.0000000e+00   0.0000000e+00   0.0000000e+00   0.0000000e+00
   4.1250000e-01   1.7185585e+00   8.4136622e-01   8.0492429e-02  -6.7057347e-03   6.5556827e-01   2.7484903e-01  -5.1443936e-03   1.4983986e-04   0.0000000e+00   0.0000000e+00   0.0000000e+00   0.0000000e+00
   4.1500000e-01   1.7610617e+00   8.5908106e-01   8.0157380e-02  -6.6959556e-03   6.6931072e-01   2.7818960e-01  -5.1369016e-03   1.6363982e-04   0.0000000e+00   0.0000000e+00   0.0000000e+00   0.0000000e+00
   4.1750000e-01   1.8044469e+00   8.7701144e-01   7.9822836e-02  -6.6852976e-03   6.8322019e-01   2.8145254e-01  -5.1287197e-03   1.7788886e-04   0.0000000e+00   0.0000000e+00   0.0000000e+00   0.0000000e+00
   4.2000000e-01   1.8487228e+00   8.9515224e-01   7.9488839e-02  -6.6737342e-03   6.9729280e-01   2.8463063e-01  -5.1198252e-03   1.9260219e-04   0.0000000e+00   0.0000000e+00   0.0000000e+00   0.0000000e+00
   4.2250000e-01   1.8938997e+00   9.1349830e-01   7.9155434e-02  -6.6612367e-03   7.1152432e-01   2.8771638e-01  -5.1101951e-03   2.0779521e-04   0.0000000e+00   0.0000000e+00   0.0000000e+00   0.0000000e+00
   4.2500000e-01   1.9399874e+00   9.3204403e-01   7.8822668e-02  -6.6477753e-03   7.2591013e-01   2.9070210e-01  -5.0998054e-03   2.2348346e-04   0.0000000e+00   0.0000000e+00   0.0000000e+00   0.0000000e+00
   4.2750000e-01   1.9871067e+00   9.5080553e-01   7.8490677e-02  -6.6331958e-03   7.4044523e-01   2.9357930e-01  -5.0886312e-03   2.3968371e-04   0.0000000e+00   0.0000000e+00   0.0000000e+00   0.0000000e+00
   4.3000000e-01   2.0351631e+00   9.6975311e-01   7.8159439e-02  -6.6175755e-03   7.5512418e-01   2.9633975e-01  -5.0766470e-03   2.5641186e-04   0.0000000e+00   0.0000000e+00   0.0000000e+00   0.0000000e+00
   4.3250000e-01   2.0841586e+00   9.8887817e-01   7.7828999e-02  -6.6008888e-03   7.6994116e-01   2.9897503e-01  -5.0638264e-03   2.7368382e-04   0.0000000e+00   0.0000000e+00   0.0000000e+00   0.0000000e+00
   4.3500000e-01   2.1341017e+00   1.0081730e+00   7.7499412e-02  -6.5831019e-03   7.8488990e-01   3.0147648e-01  -5.0501423e-03   2.9151561e-04   0.0000000e+00   0.0000000e+00   0.0000000e+00   0.0000000e+00
   4.3750000e-01   2.1849992e+00   1.0276293e+00   7.7170729e-02  -6.5641815e-03   7.9996372e-01   3.0383523e-01  -5.0355665e-03   3.0992326e-04   0.0000000e+00   0.0000000e+00   0.0000000e+00   0.0000000e+00
   4.4000000e-01   2.2368617e+00   1.0472387e+00   7.6843009e-02  -6.5440884e-03   8.1515547e-01   3.0604216e-01  -5.0200703e-03   3.2892287e-04   0.0000000e+00   0.0000000e+00   0.0000000e+00   0.0000000e+00
   4.4250000e-01   2.2896956e+00   1.0669918e+00   7.6516310e-02  -6.5227868e-03   8.3045756e-01   3.0808796e-01  -5.0036242e-03   3.4853055e-04   0.0000000e+00   0.0000000e+00   0.0000000e+00   0.0000000e+00
   4.4500000e-01   2.3435075e+00   1.0868788e+00   7.6190690e-02  -6.5002392e-03   8.4586195e-01   3.0996309e-01  -4.9861977e-03   3.6876236e-04   0.0000000e+00   0.0000000e+00   0.0000000e+00   0.0000000e+00
   4.4750000e-01   2.3983035e+00   1.1068892e+00   7.5866211e-02  -6.4764073e-03   8.6136009e-01   3.1165783e-01  -4.9677596e-03   3.8963429e-04   0.0000000e+00   0.0000000e+00   0.0000000e+00   0.0000000e+00
   4.5000000e-01   2.4541197e+00   1.1270149e+00   7.5542975e-02  -6.4512095e-03   8.7694298e-01   3.1316208e-01  -4.9482779e-03   4.1116263e-04   0.0000000e+00   0.0000000e+00   0.0000000e+00   0.0000000e+00
   4.5250000e-01   2.5110264e+00   1.1472488e+00   7.5221142e-02  -6.4245094e-03   8.9260107e-01   3.1446518e-01  -4.9277198e-03   4.3336425e-04   0.0000000e+00   0.0000000e+00   0.0000000e+00   0.0000000e+00
   4.5500000e-01   2.5689362e+00   1.1675676e+00   7.4900669e-02  -6.3963878e-03   9.0832432e-01   3.1555680e-01  -4.9060516e-03   4.5625487e-04   0.0000000e+00   0.0000000e+00   0.0000000e+00   0.0000000e+00
   4.5750000e-01   2.6278527e+00   1.1879584e+00   7.4581625e-02  -6.3668015e-03   9.2410215e-01   3.1642646e-01  -4.8832388e-03   4.7985000e-04   0.0000000e+00   0.0000000e+00   0.0000000e+00   0.0000000e+00
   4.6000000e-01   2.6877863e+00   1.2084076e+00   7.4264094e-02  -6.3356954e-03   9.3992346e-01   3.1706345e-01  -4.8592464e-03   5.0416501e-04   0.0000000e+00   0.0000000e+00   0.0000000e+00   0.0000000e+00
   4.6250000e-01   2.7487238e+00   1.2288999e+00   7.3948128e-02  -6.3030481e-03   9.5577662e-01   3.1745705e-01  -4.8340381e-03   5.2921482e-04   0.0000000e+00   0.0000000e+00   0.0000000e+00   0.0000000e+00
   4.6500000e-01   2.8106705e+00   1.2494207e+00   7.3633808e-02  -6.2688092e-03   9.7164946e-01   3.1759634e-01  -4.8075774e-03   5.5501410e-04   0.0000000e+00   0.0000000e+00   0.0000000e+00   0.0000000e+00
   4.6750000e-01   2.8736274e+00   1.2699545e+00   7.3321210e-02  -6.2329326e-03   9.8752927e-01   3.1747032e-01  -4.7798267e-03   5.8157712e-04   0.0000000e+00   0.0000000e+00   0.0000000e+00   0.0000000e+00
   4.7000000e-01   2.9376012e+00   1.2904851e+00   7.3010428e-02  -6.1953601e-03   1.0034028e+00   3.1706782e-01  -4.7507479e-03   6.0891789e-04   0.0000000e+00   0.0000000e+00   0.0000000e+00   0.0000000e+00
   4.7250000e-01   3.0025765e+00   1.3109963e+00   7.2701513e-02  -6.1560710e-03   1.0192562e+00   3.1637770e-01  -4.7203020e-03   6.3704977e-04   0.0000000e+00   0.0000000e+00   0.0000000e+00   0.0000000e+00
   4.7500000e-01   3.0687335e+00   1.3314596e+00   7.2394927e-02  -6.1146832e-03   1.0350750e+00   3.1538752e-01  -4.6884495e-03   6.6598802e-04   0.0000000e+00   0.0000000e+00   0.0000000e+00   0.0000000e+00
   4.7750000e-01   3.1358697e+00   1.3518619e+00   7.2090377e-02  -6.0714937e-03   1.0508444e+00   3.1408608e-01  -4.6551502e-03   6.9574476e-04   0.0000000e+00   0.0000000e+00   0.0000000e+00   0.0000000e+00
   4.8000000e-01   3.2039821e+00   1.3721858e+00   7.1787947e-02  -6.0264567e-03   1.0665487e+00   3.1246217e-01  -4.6203630e-03   7.2633155e-04   0.0000000e+00   0.0000000e+00   0.0000000e+00   0.0000000e+00
   4.8250000e-01   3.2730558e+00   1.3924147e+00   7.1487694e-02  -5.9795478e-03   1.0821718e+00   3.1050462e-01  -4.5840464e-03   7.5775913e-04   0.0000000e+00   0.0000000e+00   0.0000000e+00   0.0000000e+00
   4.8500000e-01   3.3431379e+00   1.4125234e+00   7.1189830e-02  -5.9306140e-03   1.0976970e+00   3.0820190e-01  -4.5461585e-03   7.9003830e-04   0.0000000e+00   0.0000000e+00   0.0000000e+00   0.0000000e+00
   4.8750000e-01   3.4142023e+00   1.4324930e+00   7.0894405e-02  -5.8796426e-03   1.1131071e+00   3.0554264e-01  -4.5066566e-03   8.2317883e-04   0.0000000e+00   0.0000000e+00   0.0000000e+00   0.0000000e+00
   4.9000000e-01   3.4863284e+00   1.4522854e+00   7.0601759e-02  -5.8263881e-03   1.1283842e+00   3.0251483e-01  -4.4654977e-03   8.5719101e-04   0.0000000e+00   0.0000000e+00   0.0000000e+00   0.0000000e+00
   4.9250000e-01   3.5594923e+00   1.4718740e+00   7.0311985e-02  -5.7708107e-03   1.1435099e+00   2.9910665e-01  -4.4226381e-03   8.9208409e-04   0.0000000e+00   0.0000000e+00   0.0000000e+00   0.0000000e+00
   4.9500000e-01   3.6335913e+00   1.4912529e+00   7.0024939e-02  -5.7130612e-03   1.1584653e+00   2.9530701e-01  -4.3780340e-03   9.2786508e-04   0.0000000e+00   0.0000000e+00   0.0000000e+00   0.0000000e+00
   4.9750000e-01   3.7086500e+00   1.5103905e+00   6.9740831e-02  -5.6530031e-03   1.1732306e+00   2.9110466e-01  -4.3316408e-03   9.6454055e-04   0.0000000e+00   0.0000000e+00   0.0000000e+00   0.0000000e+00
   5.0000000e-01   3.7846507e+00   1.5292624e+00   6.9459760e-02  -5.5905922e-03   1.1877858e+00   2.8648851e-01  -4.2834138e-03   1.0021160e-03   0.0000000e+00   0.0000000e+00   0.0000000e+00   0.0000000e+00
   5.0250000e-01   3.8615796e+00   1.5478428e+00   6.9181843e-02  -5.5257716e-03   1.2021102e+00   2.8144761e-01  -4.2333080e-03   1.0405959e-03   0.0000000e+00   0.0000000e+00   0.0000000e+00   0.0000000e+00
   5.0500000e-01   3.9394179e+00   1.5661065e+00   6.8907183e-02  -5.4584958e-03   1.2161826e+00   2.7597121e-01  -4.1812782e-03   1.0799836e-03   0.0000000e+00   0.0000000e+00   0.0000000e+00   0.0000000e+00
   5.0750000e-01   4.0181623e+00   1.5840212e+00   6.8635955e-02  -5.3886700e-03   1.2299812e+00   2.7004864e-01  -4.1272791e-03   1.1202814e-03   0.0000000e+00   0.0000000e+00   0.0000000e+00   0.0000000e+00
   5.1000000e-01   4.0977891e+00   1.6015604e+00   6.8368262e-02  -5.3162523e-03   1.2434836e+00   2.6366950e-01  -4.0712651e-03   1.1614902e-03   0.0000000e+00   0.0000000e+00   0.0000000e+00   0.0000000e+00
   5.1250000e-01   4.1782789e+00   1.6186952e+00   6.8104235e-02  -5.2411843e-03   1.2566670e+00   2.5682360e-01  -4.0131906e-03   1.2036100e-03   0.0000000e+00   0.0000000e+00   0.0000000e+00   0.0000000e+00
   5.1500000e-01   4.2596088e+00   1.6353974e+00   6.7843995e-02  -5.1634159e-03   1.2695082e+00   2.4950106e-01  -3.9530101e-03   1.2466390e-03   0.0000000e+00   0.0000000e+00   0.0000000e+00   0.0000000e+00
   5.1750000e-01   4.3417782e+00   1.6516232e+00   6.7587787e-02  -5.0828122e-03   1.2819833e+00   2.4169209e-01  -3.8906782e-03   1.2905748e-03   0.0000000e+00   0.0000000e+00   0.0000000e+00   0.0000000e+00
   5.2000000e-01   4.4247462e+00   1.6673500e+00   6.7335676e-02  -4.9993684e-03   1.2940679e+00   2.3338733e-01  -3.8261495e-03   1.3354129e-03   0.0000000e+00   0.0000000e+00   0.0000000e+00   0.0000000e+00
   5.2250000e-01   4.5084873e+00   1.6825458e+00   6.7087804e-02  -4.9130259e-03   1.3057372e+00   2.2457781e-01  -3.7593789e-03   1.3811476e-03   0.0000000e+00   0.0000000e+00   0.0000000e+00   0.0000000e+00
   5.2500000e-01   4.5929740e+00   1.6971783e+00   6.6844318e-02  -4.8237274e-03   1.3169661e+00   2.1525489e-01  -3.6903216e-03   1.4277715e-03   0.0000000e+00   0.0000000e+00   0.0000000e+00   0.0000000e+00
   5.2750000e-01   4.6781842e+00   1.7112076e+00   6.6605415e-02  -4.7313833e-03   1.3277288e+00   2.0541027e-01  -3.6189331e-03   1.4752759e-03   0.0000000e+00   0.0000000e+00   0.0000000e+00   0.0000000e+00
   5.3000000e-01   4.7640803e+00   1.7246056e+00   6.6371205e-02  -4.6359644e-03   1.3379993e+00   1.9503615e-01  -3.5451693e-03   1.5236500e-03   0.0000000e+00   0.0000000e+00   0.0000000e+00   0.0000000e+00
   5.3250000e-01   4.8506299e+00   1.7373379e+00   6.6141843e-02  -4.5374141e-03   1.3477511e+00   1.8412518e-01  -3.4689869e-03   1.5728817e-03   0.0000000e+00   0.0000000e+00   0.0000000e+00   0.0000000e+00
   5.3500000e-01   4.9377988e+00   1.7493697e+00   6.5917488e-02  -4.4356768e-03   1.3569574e+00   1.7267050e-01  -3.3903429e-03   1.6229568e-03   0.0000000e+00   0.0000000e+00   0.0000000e+00   0.0000000e+00
   5.3750000e-01   5.0255518e+00   1.7606651e+00   6.5698306e-02  -4.3306935e-03   1.3655909e+00   1.6066575e-01  -3.3091951e-03   1.6738595e-03   0.0000000e+00   0.0000000e+00   0.0000000e+00   0.0000000e+00
   5.4000000e-01   5.1138522e+00   1.7711864e+00   6.5484474e-02  -4.2224030e-03   1.3736242e+00   1.4810508e-01  -3.2255022e-03   1.7255721e-03   0.0000000e+00   0.0000000e+00   0.0000000e+00   0.0000000e+00
   5.4250000e-01   5.2026586e+00   1.7809002e+00   6.5276140e-02  -4.1107630e-03   1.3810294e+00   1.3498329e-01  -3.1392236e-03   1.7780748e-03   0.0000000e+00   0.0000000e+00   0.0000000e+00   0.0000000e+00
   5.4500000e-01   5.2919297e+00   1.7897700e+00   6.5073473e-02  -3.9957225e-03   1.3877786e+00   1.2129574e-01  -3.0503199e-03   1.8313460e-03   0.0000000e+00   0.0000000e+00   0.0000000e+00   0.0000000e+00
   5.4750000e-01   5.3816281e+00   1.7977457e+00   6.4876734e-02  -3.8771791e-03   1.3938434e+00   1.0703834e-01  -2.9587527e-03   1.8853623e-03   0.0000000e+00   0.0000000e+00   0.0000000e+00   0.0000000e+00
   5.5000000e-01   5.4717014e+00   1.8048040e+00   6.4686005e-02  -3.7551396e-03   1.3991953e+00   9.2207810e-02  -2.8644847e-03   1.9400978e-03   0.0000000e+00   0.0000000e+00   0.0000000e+00   0.0000000e+00
   5.5250000e-01   5.5621026e+00   1.8109077e+00   6.4501462e-02  -3.6295570e-03   1.4038057e+00   7.6801569e-02  -2.7674798e-03   1.9955246e-03   0.0000000e+00   0.0000000e+00   0.0000000e+00   0.0000000e+00
   5.5500000e-01   5.6527834e+00   1.8160196e+00   6.4323282e-02  -3.5003864e-03   1.4076458e+00   6.0817785e-02  -2.6677037e-03   2.0516126e-03   0.0000000e+00   0.0000000e+00   0.0000000e+00   0.0000000e+00
   5.5750000e-01   5.7436913e+00   1.8201140e+00   6.4151574e-02  -3.3676250e-03   1.4106866e+00   4.4255487e-02  -2.5651231e-03   2.1083293e-03   0.0000000e+00   0.0000000e+00   0.0000000e+00   0.0000000e+00
   5.6000000e-01   5.8347775e+00   1.8231396e+00   6.3986608e-02  -3.2311820e-03   1.4128994e+00   2.7114431e-02  -2.4597067e-03   2.1656399e-03   0.0000000e+00   0.0000000e+00   0.0000000e+00   0.0000000e+00
   5.6250000e-01   5.9259874e+00   1.8250607e+00   6.3828557e-02  -3.0910255e-03   1.4142551e+00   9.3952512e-03  -2.3514248e-03   2.2235075e-03   0.0000000e+00   0.0000000e+00   0.0000000e+00   0.0000000e+00
   5.6500000e-01   6.0172648e+00   1.8258397e+00   6.3677607e-02  -2.9471189e-03   1.4147249e+00  -8.9005080e-03  -2.2402495e-03   2.2818926e-03   0.0000000e+00   0.0000000e+00   0.0000000e+00   0.0000000e+00
   5.6750000e-01   6.1085532e+00   1.8254856e+00   6.3533663e-02  -2.7995745e-03   1.4142799e+00  -2.7770118e-02  -2.1261550e-03   2.3407528e-03   0.0000000e+00   0.0000000e+00   0.0000000e+00   0.0000000e+00
   5.7000000e-01   6.1997956e+00   1.8239161e+00   6.3397192e-02  -2.6482130e-03   1.4128914e+00  -4.7210106e-02  -2.0091174e-03   2.4000437e-03   0.0000000e+00   0.0000000e+00   0.0000000e+00   0.0000000e+00
   5.7250000e-01   6.2909194e+00   1.8210142e+00   6.3268874e-02  -2.4927666e-03   1.4105309e+00  -6.7216301e-02  -1.8891153e-03   2.4597189e-03   0.0000000e+00   0.0000000e+00   0.0000000e+00   0.0000000e+00
   5.7500000e-01   6.3818656e+00   1.8168251e+00   6.3148398e-02  -2.3334654e-03   1.4071701e+00  -8.7783026e-02  -1.7661294e-03   2.5197285e-03   0.0000000e+00   0.0000000e+00   0.0000000e+00   0.0000000e+00
   5.7750000e-01   6.4725669e+00   1.8113033e+00   6.3036013e-02  -2.1702612e-03   1.4027809e+00  -1.0890349e-01  -1.6401431e-03   2.5800200e-03   0.0000000e+00   0.0000000e+00   0.0000000e+00   0.0000000e+00
   5.8000000e-01   6.5629638e+00   1.8044430e+00   6.2931732e-02  -2.0032208e-03   1.3973357e+00  -1.3056960e-01  -1.5111422e-03   2.6405379e-03   0.0000000e+00   0.0000000e+00   0.0000000e+00   0.0000000e+00
   5.8250000e-01   6.6529906e+00   1.7962105e+00   6.2835741e-02  -1.8323301e-03   1.3908073e+00  -1.5277200e-01  -1.3791154e-03   2.7012237e-03   0.0000000e+00   0.0000000e+00   0.0000000e+00   0.0000000e+00
   5.8500000e-01   6.7425872e+00   1.7865929e+00   6.2748105e-02  -1.6576329e-03   1.3831687e+00  -1.7549997e-01  -1.2440543e-03   2.7620161e-03   0.0000000e+00   0.0000000e+00   0.0000000e+00   0.0000000e+00
   5.8750000e-01   6.8316538e+00   1.7754732e+00   6.2669519e-02  -1.4788965e-03   1.3743937e+00  -1.9874167e-01  -1.1059536e-03   2.8228509e-03   0.0000000e+00   0.0000000e+00   0.0000000e+00   0.0000000e+00
   5.9000000e-01   6.9200863e+00   1.7627556e+00   6.2600555e-02  -1.2959620e-03   1.3644566e+00  -2.2248391e-01  -9.6481115e-04   2.8836614e-03   0.0000000e+00   0.0000000e+00   0.0000000e+00   0.0000000e+00
   5.9250000e-01   7.0078700e+00   1.7485604e+00   6.2540490e-02  -1.1092313e-03   1.3533324e+00  -2.4671161e-01  -8.2062818e-04   2.9443767e-03   0.0000000e+00   0.0000000e+00   0.0000000e+00   0.0000000e+00
   5.9500000e-01   7.0949320e+00   1.7328532e+00   6.2489537e-02  -9.1869547e-04   1.3409968e+00  -2.7140817e-01  -6.7340945e-04   3.0049228e-03   0.0000000e+00   0.0000000e+00   0.0000000e+00   0.0000000e+00
   5.9750000e-01   7.1811834e+00   1.7155760e+00   6.2448057e-02  -7.2429199e-04   1.3274264e+00  -2.9655541e-01  -5.2316341e-04   3.0652226e-03   0.0000000e+00   0.0000000e+00   0.0000000e+00   0.0000000e+00
   6.0000000e-01   7.2664448e+00   1.6965264e+00   6.2417292e-02  -5.2562277e-04   1.3125987e+00  -3.2213361e-01  -3.6990239e-04   3.1251958e-03   0.0000000e+00   0.0000000e+00   0.0000000e+00   0.0000000e+00
   6.0250000e-01   7.3507574e+00   1.6758960e+00   6.2396109e-02  -3.2323763e-04   1.2964920e+00  -3.4812100e-01  -2.1364271e-04   3.1847582e-03   0.0000000e+00   0.0000000e+00   0.0000000e+00   0.0000000e+00
   6.0500000e-01   7.4340584e+00   1.6536780e+00   6.2384576e-02  -1.1719817e-04   1.2790860e+00  -3.7449397e-01  -5.4404912e-05   3.2438220e-03   0.0000000e+00   0.0000000e+00   0.0000000e+00   0.0000000e+00
   6.0750000e-01   7.5161107e+00   1.6296194e+00   6.2384275e-02   9.2978014e-05   1.2603613e+00  -4.0122707e-01   1.0778608e-04   3.3022962e-03   0.0000000e+00   0.0000000e+00   0.0000000e+00   0.0000000e+00
   6.1000000e-01   7.5969335e+00   1.6038539e+00   6.2394438e-02   3.0689743e-04   1.2403000e+00  -4.2829279e-01   2.7290077e-04   3.3600856e-03   0.0000000e+00   0.0000000e+00   0.0000000e+00   0.0000000e+00
   6.1250000e-01   7.6765147e+00   1.5764522e+00   6.2414678e-02   5.2432331e-04   1.2188853e+00  -4.5566153e-01   4.4090493e-04   3.4170916e-03   0.0000000e+00   0.0000000e+00   0.0000000e+00   0.0000000e+00
   6.1500000e-01   7.7545621e+00   1.5471355e+00   6.2446785e-02   7.4575032e-04   1.1961023e+00  -4.8330147e-01   6.1175939e-04   3.4732114e-03   0.0000000e+00   0.0000000e+00   0.0000000e+00   0.0000000e+00
   6.1750000e-01   7.8311393e+00   1.5160762e+00   6.2489764e-02   9.7072397e-04   1.1719372e+00  -5.1117862e-01   7.8541984e-04   3.5283387e-03   0.0000000e+00   0.0000000e+00   0.0000000e+00   0.0000000e+00
   6.2000000e-01   7.9062183e+00   1.4833220e+00   6.2543388e-02   1.1990614e-03   1.1463783e+00  -5.3925687e-01   9.6183665e-04   3.5823634e-03   0.0000000e+00   0.0000000e+00   0.0000000e+00   0.0000000e+00
   6.2250000e-01   7.9794281e+00   1.4485545e+00   6.2609765e-02   1.4312832e-03   1.1194155e+00  -5.6749725e-01   1.1409547e-03   3.6351706e-03   0.0000000e+00   0.0000000e+00   0.0000000e+00   0.0000000e+00
   6.2500000e-01   8.0509949e+00   1.4121002e+00   6.2686927e-02   1.6666652e-03   1.0910406e+00  -5.9585896e-01   1.3227131e-03   3.6866426e-03   0.0000000e+00   0.0000000e+00   0.0000000e+00   0.0000000e+00
   6.2750000e-01   8.1206389e+00   1.3737584e+00   6.2776275e-02   1.9054810e-03   1.0612477e+00  -6.2429839e-01   1.5070451e-03   3.7366572e-03   0.0000000e+00   0.0000000e+00   0.0000000e+00   0.0000000e+00
   6.3000000e-01   8.1883011e+00   1.3335564e+00   6.2877763e-02   2.1475759e-03   1.0300328e+00  -6.5276945e-01   1.6938778e-03   3.7850881e-03   0.0000000e+00   0.0000000e+00   0.0000000e+00   0.0000000e+00
   6.3250000e-01   8.2540336e+00   1.2916211e+00   6.2990695e-02   2.3926275e-03   9.9739436e-01  -6.8122398e-01   1.8831321e-03   3.8318063e-03   0.0000000e+00   0.0000000e+00   0.0000000e+00   0.0000000e+00
   6.3500000e-01   8.3174148e+00   1.2476665e+00   6.3117139e-02   2.6410019e-03   9.6333318e-01  -7.0961022e-01   2.0747223e-03   3.8766769e-03   0.0000000e+00   0.0000000e+00   0.0000000e+00   0.0000000e+00
   6.3750000e-01   8.3787572e+00   1.2020374e+00   6.3254948e-02   2.8920275e-03   9.2785269e-01  -7.3787518e-01   2.2685560e-03   3.9195640e-03   0.0000000e+00   0.0000000e+00   0.0000000e+00   0.0000000e+00
   6.4000000e-01   8.4375980e+00   1.1544428e+00   6.3406306e-02   3.1460402e-03   8.9095896e-01  -7.6596202e-01   2.4645340e-03   3.9603257e-03   0.0000000e+00   0.0000000e+00   0.0000000e+00   0.0000000e+00
   6.4250000e-01   8.4941218e+00   1.1051068e+00   6.3569871e-02   3.4025837e-03   8.5266089e-01  -7.9381235e-01   2.6625502e-03   3.9988187e-03   0.0000000e+00   0.0000000e+00   0.0000000e+00   0.0000000e+00
   6.4500000e-01   8.5481168e+00   1.0539542e+00   6.3746407e-02   3.6616413e-03   8.1297030e-01  -8.2136484e-01   2.8624910e-03   4.0348955e-03   0.0000000e+00   0.0000000e+00   0.0000000e+00   0.0000000e+00
   6.4750000e-01   8.5994492e+00   1.0009733e+00   6.3936257e-02   3.9230967e-03   7.7190208e-01  -8.4855549e-01   3.0642356e-03   4.0684056e-03   0.0000000e+00   0.0000000e+00   0.0000000e+00   0.0000000e+00
   6.5000000e-01   8.6482593e+00   9.4633880e-01   6.4138410e-02   4.1865939e-03   7.2947434e-01  -8.7531892e-01   3.2676558e-03   4.0991976e-03   0.0000000e+00   0.0000000e+00   0.0000000e+00   0.0000000e+00
   6.5250000e-01   8.6940292e+00   8.8980486e-01   6.4355036e-02   4.4522787e-03   6.8570842e-01  -9.0158557e-01   3.4726155e-03   4.1271142e-03   0.0000000e+00   0.0000000e+00   0.0000000e+00   0.0000000e+00
   6.5500000e-01   8.7371686e+00   8.3170709e-01   6.4583894e-02   4.7196248e-03   6.4062918e-01  -9.2728593e-01   3.6789711e-03   4.1520006e-03   0.0000000e+00   0.0000000e+00   0.0000000e+00   0.0000000e+00
   6.5750000e-01   8.7772016e+00   7.7185324e-01   6.4826874e-02   4.9886710e-03   5.9426491e-01  -9.5234666e-01   3.8865709e-03   4.1736969e-03   0.0000000e+00   0.0000000e+00   0.0000000e+00   0.0000000e+00
   6.6000000e-01   8.8142228e+00   7.1038459e-01   6.5083248e-02   5.2591130e-03   5.4664761e-01  -9.7669340e-01   4.0952556e-03   4.1920438e-03   0.0000000e+00   0.0000000e+00   0.0000000e+00   0.0000000e+00
   6.6250000e-01   8.8483465e+00   6.4744141e-01   6.5352248e-02   5.5306715e-03   4.9781298e-01  -1.0002511e+00   4.3048577e-03   4.2068836e-03   0.0000000e+00   0.0000000e+00   0.0000000e+00   0.0000000e+00
   6.6500000e-01   8.8789376e+00   5.8280463e-01   6.5636314e-02   5.8032944e-03   4.4780046e-01  -1.0229405e+00   4.5152017e-03   4.2180530e-03   0.0000000e+00   0.0000000e+00   0.0000000e+00   0.0000000e+00
   6.6750000e-01   8.9063969e+00   5.1675820e-01   6.5933459e-02   6.0766003e-03   3.9665347e-01  -1.0446834e+00   4.7261042e-03   4.2253941e-03   0.0000000e+00   0.0000000e+00   0.0000000e+00   0.0000000e+00
   6.7000000e-01   8.9306798e+00   4.4936514e-01   6.6243629e-02   6.3503641e-03   3.4441934e-01  -1.0654011e+00   4.9373738e-03   4.2287512e-03   0.0000000e+00   0.0000000e+00   0.0000000e+00   0.0000000e+00
   6.7250000e-01   8.9514510e+00   3.8058151e-01   6.6567925e-02   6.6243575e-03   2.9114932e-01  -1.0850128e+00   5.1488112e-03   4.2279676e-03   0.0000000e+00   0.0000000e+00   0.0000000e+00   0.0000000e+00
   6.7500000e-01   8.9686158e+00   3.1047426e-01   6.6906450e-02   6.8982932e-03   2.3689871e-01  -1.1034372e+00   5.3602094e-03   4.2228893e-03   0.0000000e+00   0.0000000e+00   0.0000000e+00   0.0000000e+00
   6.7750000e-01   8.9825090e+00   2.3925693e-01   6.7257651e-02   7.1719230e-03   1.8172690e-01  -1.1205952e+00   5.5713537e-03   4.2133705e-03   0.0000000e+00   0.0000000e+00   0.0000000e+00   0.0000000e+00
   6.8000000e-01   8.9925869e+00   1.6685313e-01   6.7623372e-02   7.4448943e-03   1.2569717e-01  -1.1364058e+00   5.7820221e-03   4.1992647e-03   0.0000000e+00   0.0000000e+00   0.0000000e+00   0.0000000e+00
   6.8250000e-01   8.9991130e+00   9.3446281e-02   6.8002371e-02   7.7169702e-03   6.8876923e-02  -1.1507905e+00   5.9919852e-03   4.1804347e-03   0.0000000e+00   0.0000000e+00   0.0000000e+00   0.0000000e+00
   6.8500000e-01   9.0019442e+00   1.9103598e-02   6.8394943e-02   7.9878156e-03   1.1337437e-02  -1.1636717e+00   6.2010068e-03   4.1567488e-03   0.0000000e+00   0.0000000e+00   0.0000000e+00   0.0000000e+00
   6.8750000e-01   9.0010020e+00  -5.6088443e-02   6.8801150e-02   8.2571094e-03  -4.6846105e-02  -1.1749733e+00   6.4088441e-03   4.1280826e-03   0.0000000e+00   0.0000000e+00   0.0000000e+00   0.0000000e+00
   6.9000000e-01   8.9963318e+00  -1.3200632e-01   6.9220595e-02   8.5245566e-03  -1.0559473e-01  -1.1846223e+00   6.6152481e-03   4.0943212e-03   0.0000000e+00   0.0000000e+00   0.0000000e+00   0.0000000e+00
   6.9250000e-01   8.9878001e+00  -2.0856501e-01   6.9653534e-02   8.7897839e-03  -1.6482580e-01  -1.1925477e+00   6.8199640e-03   4.0553586e-03   0.0000000e+00   0.0000000e+00   0.0000000e+00   0.0000000e+00
   6.9500000e-01   8.9754529e+00  -2.8563647e-01   7.0099579e-02   9.0524847e-03  -2.2445314e-01  -1.1986824e+00   7.0227318e-03   4.0111003e-03   0.0000000e+00   0.0000000e+00   0.0000000e+00   0.0000000e+00
   6.9750000e-01   8.9592575e+00  -3.6311195e-01   7.0558640e-02   9.3123247e-03  -2.8438722e-01  -1.2029633e+00   7.2232867e-03   3.9614637e-03   0.0000000e+00   0.0000000e+00   0.0000000e+00   0.0000000e+00
   7.0000000e-01   8.9391124e+00  -4.4087210e-01   7.1030836e-02   9.5688688e-03  -3.4453534e-01  -1.2053310e+00   7.4213597e-03   3.9063782e-03   0.0000000e+00   0.0000000e+00   0.0000000e+00   0.0000000e+00
   7.0250000e-01   8.9151807e+00  -5.1878912e-01   7.1515430e-02   9.8219320e-03  -4.0480185e-01  -1.2057322e+00   7.6166785e-03   3.8457892e-03   0.0000000e+00   0.0000000e+00   0.0000000e+00   0.0000000e+00
   7.0500000e-01   8.8872285e+00  -5.9673593e-01   7.2012971e-02   1.0070920e-02  -4.6508842e-01  -1.2041179e+00   7.8089678e-03   3.7796547e-03   0.0000000e+00   0.0000000e+00   0.0000000e+00   0.0000000e+00
   7.0750000e-01   8.8555014e+00  -6.7458831e-01   7.2522479e-02   1.0315743e-02  -5.2529427e-01  -1.2004462e+00   7.9979504e-03   3.7079514e-03   0.0000000e+00   0.0000000e+00   0.0000000e+00   0.0000000e+00
   7.1000000e-01   8.8197775e+00  -7.5219890e-01   7.3044449e-02   1.0555761e-02  -5.8531654e-01  -1.1946807e+00   8.1833478e-03   3.6306707e-03   0.0000000e+00   0.0000000e+00   0.0000000e+00   0.0000000e+00
   7.1250000e-01   8.7802612e+00  -8.2945009e-01   7.3578056e-02   1.0790857e-02  -6.4505053e-01  -1.1867931e+00   8.3648813e-03   3.5478237e-03   0.0000000e+00   0.0000000e+00   0.0000000e+00   0.0000000e+00
   7.1500000e-01   8.7368982e+00  -9.0619470e-01   7.4123271e-02   1.1020565e-02  -7.0439014e-01  -1.1767620e+00   8.5422723e-03   3.4594393e-03   0.0000000e+00   0.0000000e+00   0.0000000e+00   0.0000000e+00
   7.1750000e-01   8.6895480e+00  -9.8226433e-01   7.4680317e-02   1.1244266e-02  -7.6322820e-01  -1.1645732e+00   8.7152442e-03   3.3655647e-03   0.0000000e+00   0.0000000e+00   0.0000000e+00   0.0000000e+00
   7.2000000e-01   8.6386669e+00  -1.0576012e+00   7.5247663e-02   1.1462268e-02  -8.2145682e-01  -1.1502227e+00   8.8835223e-03   3.2662704e-03   0.0000000e+00   0.0000000e+00   0.0000000e+00   0.0000000e+00
   7.2250000e-01   8.5838822e+00  -1.1319737e+00   7.5826200e-02   1.1673533e-02  -8.7896792e-01  -1.1337131e+00   9.0468357e-03   3.1616440e-03   0.0000000e+00   0.0000000e+00   0.0000000e+00   0.0000000e+00
   7.2500000e-01   8.5255853e+00  -1.2053390e+00   7.6414635e-02   1.1878341e-02  -9.3565353e-01  -1.1150575e+00   9.2049178e-03   3.0517965e-03   0.0000000e+00   0.0000000e+00   0.0000000e+00   0.0000000e+00
   7.2750000e-01   8.4633816e+00  -1.2774096e+00   7.7013865e-02   1.2075467e-02  -9.9140637e-01  -1.0942764e+00   9.3575075e-03   2.9368571e-03   0.0000000e+00   0.0000000e+00   0.0000000e+00   0.0000000e+00
   7.3000000e-01   8.3977954e+00  -1.3482054e+00   7.7622258e-02   1.2265502e-02  -1.0461201e+00  -1.0714010e+00   9.5043502e-03   2.8169790e-03   0.0000000e+00   0.0000000e+00   0.0000000e+00   0.0000000e+00
   7.3250000e-01   8.3286607e+00  -1.4175086e+00   7.8240083e-02   1.2447649e-02  -1.0996902e+00  -1.0464712e+00   9.6451991e-03   2.6923349e-03   0.0000000e+00   0.0000000e+00   0.0000000e+00   0.0000000e+00
   7.3500000e-01   8.2560225e+00  -1.4851588e+00   7.8867011e-02   1.2621487e-02  -1.1520137e+00  -1.0195364e+00   9.7798157e-03   2.5631186e-03   0.0000000e+00   0.0000000e+00   0.0000000e+00   0.0000000e+00
   7.3750000e-01   8.1801524e+00  -1.5511228e+00   7.9502151e-02   1.2787189e-02  -1.2029905e+00  -9.9065547e-01   9.9079716e-03   2.4295449e-03   0.0000000e+00   0.0000000e+00   0.0000000e+00   0.0000000e+00
   7.4000000e-01   8.1010433e+00  -1.6152326e+00   8.0145333e-02   1.2944253e-02  -1.2525232e+00  -9.5989616e-01   1.0029449e-02   2.2918480e-03   0.0000000e+00   0.0000000e+00   0.0000000e+00   0.0000000e+00
   7.4250000e-01   8.0186368e+00  -1.6772594e+00   8.0796479e-02   1.3091943e-02  -1.3005180e+00  -9.2733533e-01   1.0144041e-02   2.1502814e-03   0.0000000e+00   0.0000000e+00   0.0000000e+00   0.0000000e+00
   7.4500000e-01   7.9332685e+00  -1.7372357e+00   8.1454575e-02   1.3230678e-02  -1.3468847e+00  -8.9305854e-01   1.0251555e-02   2.0051168e-03   0.0000000e+00   0.0000000e+00   0.0000000e+00   0.0000000e+00
   7.4750000e-01   7.8450380e+00  -1.7950618e+00   8.2119195e-02   1.3360251e-02  -1.3915376e+00  -8.5715953e-01   1.0351811e-02   1.8566430e-03   0.0000000e+00   0.0000000e+00   0.0000000e+00   0.0000000e+00
   7.5000000e-01   7.7538286e+00  -1.8504447e+00   8.2790367e-02   1.3479665e-02  -1.4343956e+00  -8.1974012e-01   1.0444643e-02   1.7051654e-03   0.0000000e+00   0.0000000e+00   0.0000000e+00   0.0000000e+00
   7.5250000e-01   7.6599382e+00  -1.9034236e+00   8.3467201e-02   1.3589309e-02  -1.4753825e+00  -7.8090934e-01   1.0529901e-02   1.5510034e-03   0.0000000e+00   0.0000000e+00   0.0000000e+00   0.0000000e+00
   7.5500000e-01   7.5635525e+00  -1.9539815e+00   8.4149089e-02   1.3689293e-02  -1.5144280e+00  -7.4078277e-01   1.0607451e-02   1.3944893e-03   0.0000000e+00   0.0000000e+00   0.0000000e+00   0.0000000e+00
   7.5750000e-01   7.4646141e+00  -2.0018481e+00   8.4835893e-02   1.3778727e-02  -1.5514671e+00  -6.9948251e-01   1.0677176e-02   1.2359677e-03   0.0000000e+00   0.0000000e+00   0.0000000e+00   0.0000000e+00
   7.6000000e-01   7.3633524e+00  -2.0470380e+00   8.5526898e-02   1.3857848e-02  -1.5864412e+00  -6.5713587e-01   1.0738974e-02   1.0757926e-03   0.0000000e+00   0.0000000e+00   0.0000000e+00   0.0000000e+00
   7.6250000e-01   7.2600177e+00  -2.0896449e+00   8.6221414e-02   1.3927150e-02  -1.6192980e+00  -6.1387430e-01   1.0792764e-02   9.1432485e-04   0.0000000e+00   0.0000000e+00   0.0000000e+00   0.0000000e+00
   7.6500000e-01   7.1544212e+00  -2.1291639e+00   8.6919426e-02   1.3984880e-02  -1.6499917e+00  -5.6983449e-01   1.0838480e-02   7.5193391e-04   0.0000000e+00   0.0000000e+00   0.0000000e+00   0.0000000e+00
   7.6750000e-01   7.0470945e+00  -2.1660999e+00   8.7619833e-02   1.4033048e-02  -1.6784834e+00  -5.2515434e-01   1.0876076e-02   5.8898985e-04   0.0000000e+00   0.0000000e+00   0.0000000e+00   0.0000000e+00
   7.7000000e-01   6.9378865e+00  -2.1999587e+00   8.8322498e-02   1.4069948e-02  -1.7047411e+00  -4.7997541e-01   1.0905526e-02   4.2586765e-04   0.0000000e+00   0.0000000e+00   0.0000000e+00   0.0000000e+00
   7.7250000e-01   6.8271393e+00  -2.2310484e+00   8.9026679e-02   1.4096810e-02  -1.7287398e+00  -4.3443936e-01   1.0926819e-02   2.6293990e-04   0.0000000e+00   0.0000000e+00   0.0000000e+00   0.0000000e+00
   7.7500000e-01   6.7148356e+00  -2.2590261e+00   8.9731975e-02   1.4112495e-02  -1.7504618e+00  -3.8868936e-01   1.0939966e-02   1.0057930e-04   0.0000000e+00   0.0000000e+00   0.0000000e+00   0.0000000e+00
   7.7750000e-01   6.6013036e+00  -2.2842762e+00   9.0437780e-02   1.4118462e-02  -1.7698962e+00  -3.4286667e-01   1.0944995e-02  -6.0848338e-05   0.0000000e+00   0.0000000e+00   0.0000000e+00   0.0000000e+00
   7.8000000e-01   6.4864804e+00  -2.3062844e+00   9.1143599e-02   1.4112966e-02  -1.7870395e+00  -2.9711298e-01   1.0941953e-02  -2.2097978e-04   0.0000000e+00   0.0000000e+00   0.0000000e+00   0.0000000e+00
   7.8250000e-01   6.3706831e+00  -2.3254809e+00   9.1848910e-02   1.4097597e-02  -1.8018952e+00  -2.5156625e-01   1.0930904e-02  -3.7946279e-04   0.0000000e+00   0.0000000e+00   0.0000000e+00   0.0000000e+00
   7.8500000e-01   6.2540115e+00  -2.3417849e+00   9.2553233e-02   1.4072126e-02  -1.8144735e+00  -2.0636177e-01   1.0911931e-02  -5.3595426e-04   0.0000000e+00   0.0000000e+00   0.0000000e+00   0.0000000e+00
   7.8750000e-01   6.1365579e+00  -2.3549819e+00   9.3255915e-02   1.4035865e-02  -1.8247916e+00  -1.6163171e-01   1.0885133e-02  -6.9012129e-04   0.0000000e+00   0.0000000e+00   0.0000000e+00   0.0000000e+00
   7.9000000e-01   6.0185381e+00  -2.3653844e+00   9.3956602e-02   1.3989941e-02  -1.8328731e+00  -1.1750278e-01   1.0850627e-02  -8.4164596e-04   0.0000000e+00   0.0000000e+00   0.0000000e+00   0.0000000e+00
   7.9250000e-01   5.9000778e+00  -2.3730114e+00   9.4654836e-02   1.3934457e-02  -1.8387483e+00  -7.4096587e-02   1.0808545e-02  -9.9022486e-04   0.0000000e+00   0.0000000e+00   0.0000000e+00   0.0000000e+00
   7.9500000e-01   5.7812930e+00  -2.3776790e+00   9.5349885e-02   1.3868812e-02  -1.8424531e+00  -3.1529358e-02   1.0759034e-02  -1.1355696e-03   0.0000000e+00   0.0000000e+00   0.0000000e+00   0.0000000e+00
   7.9750000e-01   5.6623485e+00  -2.3796251e+00   9.6041446e-02   1.3793848e-02  -1.8440296e+00   1.0089599e-02   1.0702255e-02  -1.2774101e-03   0.0000000e+00   0.0000000e+00   0.0000000e+00   0.0000000e+00
   8.0000000e-01   5.5433726e+00  -2.3789578e+00   9.6729156e-02   1.3709952e-02  -1.8435251e+00   5.0657958e-02   1.0638385e-02  -1.4154947e-03   0.0000000e+00   0.0000000e+00   0.0000000e+00   0.0000000e+00
   8.0250000e-01   5.4244966e+00  -2.3756154e+00   9.7412370e-02   1.3616927e-02  -1.8409922e+00   9.0080572e-02   1.0567610e-02  -1.5495906e-03   0.0000000e+00   0.0000000e+00   0.0000000e+00   0.0000000e+00
   8.0500000e-01   5.3058606e+00  -2.3696696e+00   9.8090597e-02   1.3515023e-02  -1.8364882e+00   1.2827013e-01   1.0490130e-02  -1.6794853e-03   0.0000000e+00   0.0000000e+00   0.0000000e+00   0.0000000e+00
   8.0750000e-01   5.1875681e+00  -2.3613480e+00   9.8763729e-02   1.3405018e-02  -1.8300747e+00   1.6514741e-01   1.0406156e-02  -1.8049868e-03   0.0000000e+00   0.0000000e+00   0.0000000e+00   0.0000000e+00
   8.1000000e-01   5.0697607e+00  -2.3505891e+00   9.9431040e-02   1.3286701e-02  -1.8218173e+00   2.0064136e-01   1.0315907e-02  -1.9259242e-03   0.0000000e+00   0.0000000e+00   0.0000000e+00   0.0000000e+00
   8.1250000e-01   4.9525636e+00  -2.3374961e+00   1.0009212e-01   1.3160412e-02  -1.8117852e+00   2.3468945e-01   1.0219611e-02  -2.0421478e-03   0.0000000e+00   0.0000000e+00   0.0000000e+00   0.0000000e+00
   8.1500000e-01   4.8360239e+00  -2.3223434e+00   1.0074714e-01   1.3027079e-02  -1.8000508e+00   2.6723720e-01   1.0117504e-02  -2.1535288e-03   0.0000000e+00   0.0000000e+00   0.0000000e+00   0.0000000e+00
   8.1750000e-01   4.7203748e+00  -2.3048935e+00   1.0139466e-01   1.2885871e-02  -1.7866889e+00   2.9823932e-01   1.0009827e-02  -2.2599607e-03   0.0000000e+00   0.0000000e+00   0.0000000e+00   0.0000000e+00
   8.2000000e-01   4.6055576e+00  -2.2856272e+00   1.0203565e-01   1.2738416e-02  -1.7717770e+00   3.2765787e-01   9.8968292e-03  -2.3613560e-03   0.0000000e+00   0.0000000e+00   0.0000000e+00   0.0000000e+00
   8.2250000e-01   4.4918630e+00  -2.2642631e+00   1.0266829e-01   1.2583719e-02  -1.7553941e+00   3.5546450e-01   9.7787615e-03  -2.4576506e-03   0.0000000e+00   0.0000000e+00   0.0000000e+00   0.0000000e+00
   8.2500000e-01   4.3791942e+00  -2.2412415e+00   1.0329366e-01   1.2423274e-02  -1.7376209e+00   3.8163750e-01   9.6558790e-03  -2.5487975e-03   0.0000000e+00   0.0000000e+00   0.0000000e+00   0.0000000e+00
   8.2750000e-01   4.2677452e+00  -2.2164947e+00   1.0391068e-01   1.2256815e-02  -1.7185390e+00   4.0616378e-01   9.5284392e-03  -2.6347709e-03   0.0000000e+00   0.0000000e+00   0.0000000e+00   0.0000000e+00
   8.3000000e-01   4.1576037e+00  -2.1901269e+00   1.0451904e-01   1.2084668e-02  -1.6982308e+00   4.2903788e-01   9.3967008e-03  -2.7155639e-03   0.0000000e+00   0.0000000e+00   0.0000000e+00   0.0000000e+00
   8.3250000e-01   4.0487101e+00  -2.1623938e+00   1.0511934e-01   1.1907697e-02  -1.6767790e+00   4.5026022e-01   9.2609227e-03  -2.7911848e-03   0.0000000e+00   0.0000000e+00   0.0000000e+00   0.0000000e+00
   8.3500000e-01   3.9413850e+00  -2.1331523e+00   1.0570976e-01   1.1725350e-02  -1.6542660e+00   4.6984043e-01   9.1213636e-03  -2.8616638e-03   0.0000000e+00   0.0000000e+00   0.0000000e+00   0.0000000e+00
   8.3750000e-01   3.8354330e+00  -2.1027479e+00   1.0629168e-01   1.1538816e-02  -1.6307740e+00   4.8779202e-01   8.9782805e-03  -2.9270420e-03   0.0000000e+00   0.0000000e+00   0.0000000e+00   0.0000000e+00
   8.4000000e-01   3.7311258e+00  -2.0711174e+00   1.0686360e-01   1.1347818e-02  -1.6063844e+00   5.0413658e-01   8.8319285e-03  -2.9873797e-03   0.0000000e+00   0.0000000e+00   0.0000000e+00   0.0000000e+00
   8.4250000e-01   3.6283544e+00  -2.0384790e+00   1.0742630e-01   1.1153101e-02  -1.5811776e+00   5.1889962e-01   8.6825596e-03  -3.0427477e-03   0.0000000e+00   0.0000000e+00   0.0000000e+00   0.0000000e+00
   8.4500000e-01   3.5272856e+00  -2.0048646e+00   1.0797890e-01   1.0954728e-02  -1.5552326e+00   5.3211290e-01   8.5304223e-03  -3.0932323e-03   0.0000000e+00   0.0000000e+00   0.0000000e+00   0.0000000e+00
   8.4750000e-01   3.4279022e+00  -1.9704069e+00   1.0852160e-01   1.0753137e-02  -1.5286270e+00   5.4381221e-01   8.3757608e-03  -3.1389300e-03   0.0000000e+00   0.0000000e+00   0.0000000e+00   0.0000000e+00
   8.5000000e-01   3.3302348e+00  -1.9352086e+00   1.0905430e-01   1.0548660e-02  -1.5014364e+00   5.5403737e-01   8.2188144e-03  -3.1799477e-03   0.0000000e+00   0.0000000e+00   0.0000000e+00   0.0000000e+00
   8.5250000e-01   3.2344117e+00  -1.8993274e+00   1.0957631e-01   1.0341450e-02  -1.4737345e+00   5.6283289e-01   8.0598171e-03  -3.2164040e-03   0.0000000e+00   0.0000000e+00   0.0000000e+00   0.0000000e+00
   8.5500000e-01   3.1402511e+00  -1.8629250e+00   1.1008875e-01   1.0132089e-02  -1.4455929e+00   5.7024425e-01   7.8989971e-03  -3.2484212e-03   0.0000000e+00   0.0000000e+00   0.0000000e+00   0.0000000e+00
   8.5750000e-01   3.0481374e+00  -1.8259929e+00   1.1058943e-01   9.9204483e-03  -1.4170807e+00   5.7632355e-01   7.7365761e-03  -3.2761364e-03   0.0000000e+00   0.0000000e+00   0.0000000e+00   0.0000000e+00
   8.6000000e-01   2.9577510e+00  -1.7887022e+00   1.1108023e-01   9.7071762e-03  -1.3882646e+00   5.8112155e-01   7.5727694e-03  -3.2996860e-03   0.0000000e+00   0.0000000e+00   0.0000000e+00   0.0000000e+00
   8.6250000e-01   2.8691657e+00  -1.7511141e+00   1.1156073e-01   9.4924569e-03  -1.3592085e+00   5.8469154e-01   7.4077852e-03  -3.3192126e-03   0.0000000e+00   0.0000000e+00   0.0000000e+00   0.0000000e+00
   8.6500000e-01   2.7826500e+00  -1.7132783e+00   1.1202942e-01   9.2763882e-03  -1.3299739e+00   5.8709105e-01   7.2418247e-03  -3.3348685e-03   0.0000000e+00   0.0000000e+00   0.0000000e+00   0.0000000e+00
   8.6750000e-01   2.6979859e+00  -1.6753000e+00   1.1248753e-01   9.0593776e-03  -1.3006194e+00   5.8837625e-01   7.0750814e-03  -3.3468044e-03   0.0000000e+00   0.0000000e+00   0.0000000e+00   0.0000000e+00
   8.7000000e-01   2.6151466e+00  -1.6372472e+00   1.1293520e-01   8.8416610e-03  -1.2712006e+00   5.8860375e-01   6.9077413e-03  -3.3551729e-03   0.0000000e+00   0.0000000e+00   0.0000000e+00   0.0000000e+00
   8.7250000e-01   2.5341391e+00  -1.5991813e+00   1.1337239e-01   8.6234452e-03  -1.2417705e+00   5.8783063e-01   6.7399828e-03  -3.3601282e-03   0.0000000e+00   0.0000000e+00   0.0000000e+00   0.0000000e+00
   8.7500000e-01   2.4551936e+00  -1.5611740e+00   1.1379773e-01   8.4049187e-03  -1.2123789e+00   5.8611645e-01   6.5719765e-03  -3.3618300e-03   0.0000000e+00   0.0000000e+00   0.0000000e+00   0.0000000e+00
   8.7750000e-01   2.3781178e+00  -1.5232826e+00   1.1421231e-01   8.1863265e-03  -1.1830731e+00   5.8351859e-01   6.4038851e-03  -3.3604344e-03   0.0000000e+00   0.0000000e+00   0.0000000e+00   0.0000000e+00
   8.8000000e-01   2.3028376e+00  -1.4855545e+00   1.1461651e-01   7.9678531e-03  -1.1538972e+00   5.8009326e-01   6.2358635e-03  -3.3560952e-03   0.0000000e+00   0.0000000e+00   0.0000000e+00   0.0000000e+00
   8.8250000e-01   2.2295064e+00  -1.4480602e+00   1.1500940e-01   7.7497081e-03  -1.1248926e+00   5.7589765e-01   6.0680588e-03  -3.3489688e-03   0.0000000e+00   0.0000000e+00   0.0000000e+00   0.0000000e+00
   8.8500000e-01   2.1580806e+00  -1.4108477e+00   1.1539118e-01   7.5320738e-03  -1.0960977e+00   5.7098761e-01   5.9006105e-03  -3.3392087e-03   0.0000000e+00   0.0000000e+00   0.0000000e+00   0.0000000e+00
   8.8750000e-01   2.0883806e+00  -1.3739344e+00   1.1576284e-01   7.3150609e-03  -1.0675484e+00   5.6541625e-01   5.7336502e-03  -3.3269631e-03   0.0000000e+00   0.0000000e+00   0.0000000e+00   0.0000000e+00
   8.9000000e-01   2.0206572e+00  -1.3374136e+00   1.1612283e-01   7.0989428e-03  -1.0392776e+00   5.5923800e-01   5.5673022e-03  -3.3123827e-03   0.0000000e+00   0.0000000e+00   0.0000000e+00   0.0000000e+00
   8.9250000e-01   1.9547024e+00  -1.3012868e+00   1.1647233e-01   6.8837836e-03  -1.0113157e+00   5.5250392e-01   5.4016831e-03  -3.2956114e-03   0.0000000e+00   0.0000000e+00   0.0000000e+00   0.0000000e+00
   8.9500000e-01   1.8904399e+00  -1.2655731e+00   1.1681172e-01   6.6696794e-03  -9.8369052e-01   5.4526303e-01   5.2369027e-03  -3.2767887e-03   0.0000000e+00   0.0000000e+00   0.0000000e+00   0.0000000e+00
   8.9750000e-01   1.8281417e+00  -1.2303825e+00   1.1713929e-01   6.4569673e-03  -9.5642739e-01   5.3756535e-01   5.0730634e-03  -3.2560557e-03   0.0000000e+00   0.0000000e+00   0.0000000e+00   0.0000000e+00
   9.0000000e-01   1.7674642e+00  -1.1956581e+00   1.1745702e-01   6.2455388e-03  -9.2954914e-01   5.2945615e-01   4.9102607e-03  -3.2335436e-03   0.0000000e+00   0.0000000e+00   0.0000000e+00   0.0000000e+00
   9.0250000e-01   1.7085121e+00  -1.1614623e+00   1.1776420e-01   6.0356063e-03  -9.0307635e-01   5.2098005e-01   4.7485836e-03  -3.2093820e-03   0.0000000e+00   0.0000000e+00   0.0000000e+00   0.0000000e+00
   9.0500000e-01   1.6513414e+00  -1.1278461e+00   1.1806040e-01   5.8273567e-03  -8.7702737e-01   5.1218046e-01   4.5881146e-03  -3.1836974e-03   0.0000000e+00   0.0000000e+00   0.0000000e+00   0.0000000e+00
   9.0750000e-01   1.5957261e+00  -1.0947641e+00   1.1834692e-01   5.6206931e-03  -8.5141836e-01   5.0309710e-01   4.4289299e-03  -3.1566082e-03   0.0000000e+00   0.0000000e+00   0.0000000e+00   0.0000000e+00
   9.1000000e-01   1.5418143e+00  -1.0622960e+00   1.1862275e-01   5.4158902e-03  -8.2626352e-01   4.9376928e-01   4.2710996e-03  -3.1282316e-03   0.0000000e+00   0.0000000e+00   0.0000000e+00   0.0000000e+00
   9.1250000e-01   1.4895402e+00  -1.0304455e+00   1.1888820e-01   5.2129962e-03  -8.0157508e-01   4.8423393e-01   4.1146881e-03  -3.0986791e-03   0.0000000e+00   0.0000000e+00   0.0000000e+00   0.0000000e+00
   9.1500000e-01   1.4387512e+00  -9.9917813e-01   1.1914414e-01   5.0119362e-03  -7.7736340e-01   4.7452508e-01   3.9597543e-03  -3.0680559e-03   0.0000000e+00   0.0000000e+00   0.0000000e+00   0.0000000e+00
   9.1750000e-01   1.3895652e+00  -9.6856412e-01   1.1938972e-01   4.8129663e-03  -7.5363716e-01   4.6467594e-01   3.8063516e-03  -3.0364647e-03   0.0000000e+00   0.0000000e+00   0.0000000e+00   0.0000000e+00
   9.2000000e-01   1.3419379e+00  -9.3860852e-01   1.1962512e-01   4.6161382e-03  -7.3040338e-01   4.5471767e-01   3.6545285e-03  -3.0040032e-03   0.0000000e+00   0.0000000e+00   0.0000000e+00   0.0000000e+00
   9.2250000e-01   1.2957207e+00  -9.0926796e-01   1.1985120e-01   4.4213424e-03  -7.0766751e-01   4.4467864e-01   3.5043284e-03  -2.9707629e-03   0.0000000e+00   0.0000000e+00   0.0000000e+00   0.0000000e+00
   9.2500000e-01   1.2509086e+00  -8.8055785e-01   1.2006790e-01   4.2286599e-03  -6.8543360e-01   4.3458556e-01   3.3557904e-03  -2.9368310e-03   0.0000000e+00   0.0000000e+00   0.0000000e+00   0.0000000e+00
   9.2750000e-01   1.2076618e+00  -8.5257077e-01   1.2027404e-01   4.0384394e-03  -6.6370433e-01   4.2446470e-01   3.2089489e-03  -2.9022929e-03   0.0000000e+00   0.0000000e+00   0.0000000e+00   0.0000000e+00
   9.3000000e-01   1.1657450e+00  -8.2521516e-01   1.2047108e-01   3.8504026e-03  -6.4248111e-01   4.1433908e-01   3.0638344e-03  -2.8672269e-03   0.0000000e+00   0.0000000e+00   0.0000000e+00   0.0000000e+00
   9.3250000e-01   1.1251241e+00  -7.9848894e-01   1.2065916e-01   3.6645718e-03  -6.2176417e-01   4.0423001e-01   2.9204731e-03  -2.8317068e-03   0.0000000e+00   0.0000000e+00   0.0000000e+00   0.0000000e+00
   9.3500000e-01   1.0857810e+00  -7.7239666e-01   1.2083831e-01   3.4809930e-03  -6.0155269e-01   3.9415729e-01   2.7788879e-03  -2.7958025e-03   0.0000000e+00   0.0000000e+00   0.0000000e+00   0.0000000e+00
   9.3750000e-01   1.0478690e+00  -7.4703063e-01   1.2100732e-01   3.3000334e-03  -5.8184484e-01   3.8414029e-01   2.6390979e-03  -2.7595821e-03   0.0000000e+00   0.0000000e+00   0.0000000e+00   0.0000000e+00
   9.4000000e-01   1.0111712e+00  -7.2229399e-01   1.2116761e-01   3.1213781e-03  -5.6263784e-01   3.7419564e-01   2.5011189e-03  -2.7231075e-03   0.0000000e+00   0.0000000e+00   0.0000000e+00   0.0000000e+00
   9.4250000e-01   9.7566958e-01  -6.9818865e-01   1.2131920e-01   2.9450654e-03  -5.4392807e-01   3.6433859e-01   2.3649636e-03  -2.6864368e-03   0.0000000e+00   0.0000000e+00   0.0000000e+00   0.0000000e+00
   9.4500000e-01   9.4133396e-01  -6.7470911e-01   1.2146221e-01   2.7711067e-03  -5.2571115e-01   3.5458306e-01   2.2306418e-03  -2.6496245e-03   0.0000000e+00   0.0000000e+00   0.0000000e+00   0.0000000e+00
   9.4750000e-01   9.0815671e-01  -6.5186147e-01   1.2159659e-01   2.5995578e-03  -5.0798201e-01   3.4494173e-01   2.0981607e-03  -2.6127219e-03   0.0000000e+00   0.0000000e+00   0.0000000e+00   0.0000000e+00
   9.5000000e-01   8.7609033e-01  -6.2962921e-01   1.2172257e-01   2.4303886e-03  -4.9073494e-01   3.3542595e-01   1.9675247e-03  -2.5757766e-03   0.0000000e+00   0.0000000e+00   0.0000000e+00   0.0000000e+00
   9.5250000e-01   8.4511314e-01  -6.0800903e-01   1.2184021e-01   2.2636195e-03  -4.7396365e-01   3.2604593e-01   1.8387360e-03  -2.5388333e-03   0.0000000e+00   0.0000000e+00   0.0000000e+00   0.0000000e+00
   9.5500000e-01   8.1528054e-01  -5.8704154e-01   1.2194895e-01   2.0994485e-03  -4.5766137e-01   3.1681117e-01   1.7117944e-03  -2.5019340e-03   0.0000000e+00   0.0000000e+00   0.0000000e+00   0.0000000e+00
   9.5750000e-01   7.8644416e-01  -5.6664973e-01   1.2204984e-01   1.9376030e-03  -4.4182082e-01   3.0772950e-01   1.5866978e-03  -2.4651169e-03   0.0000000e+00   0.0000000e+00   0.0000000e+00   0.0000000e+00
   9.6000000e-01   7.5861248e-01  -5.4684541e-01   1.2214270e-01   1.7781643e-03  -4.2643435e-01   2.9880793e-01   1.4634420e-03  -2.4284176e-03   0.0000000e+00   0.0000000e+00   0.0000000e+00   0.0000000e+00
   9.6250000e-01   7.3175638e-01  -5.2761810e-01   1.2222764e-01   1.6211238e-03  -4.1149397e-01   2.9005253e-01   1.3420212e-03  -2.3918688e-03   0.0000000e+00   0.0000000e+00   0.0000000e+00   0.0000000e+00
   9.6500000e-01   7.0585483e-01  -5.0896155e-01   1.2230473e-01   1.4664909e-03  -3.9699135e-01   2.8146852e-01   1.2224279e-03  -2.3555009e-03   0.0000000e+00   0.0000000e+00   0.0000000e+00   0.0000000e+00
   9.6750000e-01   6.8081196e-01  -4.9082317e-01   1.2237467e-01   1.3140732e-03  -3.8291794e-01   2.7306002e-01   1.1046529e-03  -2.3193413e-03   0.0000000e+00   0.0000000e+00   0.0000000e+00   0.0000000e+00
   9.7000000e-01   6.5676771e-01  -4.7329365e-01   1.2243614e-01   1.1643004e-03  -3.6926494e-01   2.6483110e-01   9.8868592e-04  -2.2834165e-03   0.0000000e+00   0.0000000e+00   0.0000000e+00   0.0000000e+00
   9.7250000e-01   6.3357047e-01  -4.5628568e-01   1.2249031e-01   1.0168316e-03  -3.5602340e-01   2.5678456e-01   8.7451517e-04  -2.2477495e-03   0.0000000e+00   0.0000000e+00   0.0000000e+00   0.0000000e+00
   9.7500000e-01   6.1119549e-01  -4.3978802e-01   1.2253729e-01   8.7165027e-04  -3.4318418e-01   2.4892257e-01   7.6212777e-04  -2.2123616e-03   0.0000000e+00   0.0000000e+00   0.0000000e+00   0.0000000e+00
   9.7750000e-01   5.8963144e-01  -4.2379745e-01   1.2257708e-01   7.2877608e-04  -3.3073806e-01   2.4124675e-01   6.5150977e-04  -2.1772720e-03   0.0000000e+00   0.0000000e+00   0.0000000e+00   0.0000000e+00
   9.8000000e-01   5.6881947e-01  -4.0828038e-01   1.2261010e-01   5.8808815e-04  -3.1867573e-01   2.3375802e-01   5.4264625e-04  -2.1424981e-03   0.0000000e+00   0.0000000e+00   0.0000000e+00   0.0000000e+00
   9.8250000e-01   5.4874675e-01  -3.9323161e-01   1.2263637e-01   4.4959299e-04  -3.0698784e-01   2.2645687e-01   4.3552142e-04  -2.1080553e-03   0.0000000e+00   0.0000000e+00   0.0000000e+00   0.0000000e+00
   9.8500000e-01   5.2939201e-01  -3.7864033e-01   1.2265600e-01   3.1327123e-04  -2.9566500e-01   2.1934333e-01   3.3011872e-04  -2.0739579e-03   0.0000000e+00   0.0000000e+00   0.0000000e+00   0.0000000e+00
   9.8750000e-01   5.1084392e-01  -3.6456639e-01   1.2266802e-01   1.7945105e-04  -2.8469784e-01   2.1241736e-01   2.2642090e-04  -2.0402189e-03   0.0000000e+00   0.0000000e+00   0.0000000e+00   0.0000000e+00
   9.9000000e-01   4.9301337e-01  -3.5095555e-01   1.2267316e-01   4.7913627e-05  -2.7407698e-01   2.0567830e-01   1.2441003e-04  -2.0068500e-03   0.0000000e+00   0.0000000e+00   0.0000000e+00   0.0000000e+00
   9.9250000e-01   4.7581829e-01  -3.3775678e-01   1.2267210e-01  -8.1559261e-05  -2.6379307e-01   1.9912493e-01   2.4067601e-05  -1.9738605e-03   0.0000000e+00   0.0000000e+00   0.0000000e+00   0.0000000e+00
   9.9500000e-01   4.5924231e-01  -3.2496095e-01   1.2266493e-01  -2.0898402e-04  -2.5383683e-01   1.9275576e-01  -7.4625356e-05  -1.9412592e-03   0.0000000e+00   0.0000000e+00   0.0000000e+00   0.0000000e+00
   9.9750000e-01   4.4326789e-01  -3.1255805e-01   1.2265172e-01  -3.3438218e-04  -2.4419905e-01   1.8656901e-01  -1.7168825e-04  -1.9090532e-03   0.0000000e+00   0.0000000e+00   0.0000000e+00   0.0000000e+00
   1.0000000e+00   4.2787787e-01  -3.0053809e-01   1.2263257e-01  -4.5777560e-04  -2.3487061e-01   1.8056268e-01  -2.6714084e-04  -1.8772488e-03   0.0000000e+00   0.0000000e+00   0.0000000e+00   0.0000000e+00
