   0.0000000e+00   4.2787787e-01  -3.0053809e-01   1.2263257e-01  -4.5777560e-04  -5.8602436e-02   9.3094836e-01   3.3328713e-06  -1.9498183e-05   2.9858683e-01   1.1030179e-01  -5.6309015e-06  -4.5325103e-06
   2.5000000e-03   4.1324398e-01  -2.8901554e-01   1.2260558e-01  -5.7850856e-04  -1.2055051e-02   9.3684515e-01   2.3579629e-06  -1.9270684e-05   3.0410192e-01  -3.3975331e-02  -5.8575269e-06  -1.4200923e-06
   5.0000000e-03   3.9910284e-01  -2.7781823e-01   1.2257337e-01  -6.9746231e-04   3.4787173e-02   9.2052409e-01   1.3944293e-06  -1.8592239e-05   3.0240315e-01  -1.7742126e-01  -5.9285314e-06   1.5159615e-06
   7.5000000e-03   3.8544471e-01  -2.6694008e-01   1.2253599e-01  -8.1465149e-04   8.0813346e-02   8.8238359e-01   4.6481802e-07  -1.7509734e-05   2.9353210e-01  -3.1663789e-01  -5.8527334e-06   4.2167498e-06
   1.0000000e-02   3.7230350e-01  -2.5640402e-01   1.2249302e-01  -9.2992428e-04   1.2493249e-01   8.2333785e-01  -4.1066806e-07  -1.6076514e-05   2.7770021e-01  -4.4833023e-01  -5.6418961e-06   6.6333892e-06
   1.2500000e-02   3.5981620e-01  -2.4630150e-01   1.2244282e-01  -1.0427090e-03   1.6609936e-01   7.4479446e-01  -1.2144932e-06  -1.4350047e-05   2.5528372e-01  -5.6938433e-01  -5.3102268e-06   8.7280470e-06
   1.5000000e-02   3.4779948e-01  -2.3651126e-01   1.2238731e-01  -1.1536584e-03   2.0333905e-01   6.4862107e-01  -1.9319951e-06  -1.2391201e-05   2.2681452e-01  -6.7693958e-01  -4.8738248e-06   1.0472036e-05
   1.7500000e-02   3.3608794e-01  -2.2692358e-01   1.2232834e-01  -1.2634145e-03   2.3577009e-01   5.3710115e-01  -2.5515547e-06  -1.0263088e-05   1.9296756e-01  -7.6845615e-01  -4.3502234e-06   1.1846272e-05
   2.0000000e-02   3.2510227e-01  -2.1781768e-01   1.2226095e-01  -1.3702507e-03   2.6262512e-01   4.1287806e-01  -3.0647087e-06  -8.0262709e-06   1.5454478e-01  -8.4177601e-01  -3.7579102e-06   1.2843652e-05
   2.2500000e-02   3.1438654e-01  -2.0889078e-01   1.2219036e-01  -1.4759724e-03   2.8326901e-01   2.7889484e-01  -3.4660220e-06  -5.7421623e-06   1.1245601e-01  -8.9517144e-01  -3.1157280e-06   1.3464603e-05
   2.5000000e-02   3.0415388e-01  -2.0028416e-01   1.2211403e-01  -1.5796926e-03   2.9721374e-01   1.3832256e-01  -3.7531299e-06  -3.4678744e-06   6.7697473e-02  -9.2738686e-01  -2.4424983e-06   1.3719209e-05
   2.7500000e-02   2.9439935e-01  -1.9199378e-01   1.2203186e-01  -1.6813734e-03   3.0412987e-01  -5.5140145e-03  -3.9265235e-06  -1.2563438e-06   2.1328163e-02  -9.3766754e-01  -1.7565383e-06   1.3625312e-05
   3.0000000e-02   2.8489282e-01  -1.8386733e-01   1.2194665e-01  -1.7819912e-03   3.0385417e-01  -1.4921407e-01  -3.9893406e-06   8.4297607e-07  -2.5555181e-02  -9.2577698e-01  -1.0752732e-06   1.3207637e-05
   3.2500000e-02   2.7594118e-01  -1.7610660e-01   1.2185451e-01  -1.8801777e-03   2.9639347e-01  -2.8938293e-01  -3.9471919e-06   2.7886973e-06  -7.1843998e-02  -8.9200219e-01  -4.1489184e-07   1.2496787e-05
   3.5000000e-02   2.6735198e-01  -1.6858366e-01   1.2175773e-01  -1.9767358e-03   2.8192433e-01  -4.2271024e-01  -3.8077571e-06   4.5444816e-06  -1.1644408e-01  -8.3714654e-01   2.0994708e-07   1.1528121e-05
   3.7500000e-02   2.5907919e-01  -1.6126779e-01   1.2165686e-01  -2.0718563e-03   2.6078884e-01  -5.4604847e-01  -3.5805332e-06   6.0805385e-06  -1.5830137e-01  -7.6251055e-01   7.8635273e-07   1.0340834e-05
   4.0000000e-02   2.5115402e-01  -1.5417875e-01   1.2155146e-01  -2.1653787e-03   2.3348643e-01  -6.5648729e-01  -3.2765065e-06   7.3743565e-06  -1.9642687e-01  -6.6986090e-01   1.3033941e-06   8.9765802e-06
   4.2500000e-02   2.4367171e-01  -1.4737682e-01   1.2144015e-01  -2.2568188e-03   2.0066209e-01  -7.5142207e-01  -2.9077889e-06   8.4109391e-06  -2.2991990e-01  -5.6138821e-01   1.7522228e-06   7.4778620e-06
   4.5000000e-02   2.3647297e-01  -1.4075749e-01   1.2132499e-01  -2.3468997e-03   1.6309101e-01  -8.2861442e-01  -2.4872422e-06   9.1813396e-06  -2.5798929e-01  -4.3965585e-01   2.1261156e-06   5.8882195e-06
   4.7500000e-02   2.2955649e-01  -1.3431931e-01   1.2120598e-01  -2.4356167e-03   1.2166032e-01  -8.8624523e-01  -2.0281756e-06   9.6833698e-06  -2.7997206e-01  -3.0753907e-01   2.4205264e-06   4.2505869e-06
   5.0000000e-02   2.2300428e-01  -1.2811335e-01   1.2108192e-01  -2.5225454e-03   7.7348090e-02  -9.2295735e-01  -1.5440074e-06   9.9213403e-06  -2.9534901e-01  -1.6815673e-01   2.6330556e-06   2.6057637e-06
   5.2500000e-02   2.1678182e-01  -1.2211542e-01   1.2095319e-01  -2.6078214e-03   3.1200256e-02  -9.3788713e-01  -1.0479408e-06   9.9050883e-06  -3.0375684e-01  -2.4798204e-02   2.7633437e-06   9.9233291e-07
   5.5000000e-02   2.1081298e-01  -1.1627625e-01   1.2082083e-01  -2.6918097e-03  -1.5694068e-02  -9.3068465e-01  -5.5268670e-07   9.6495076e-06  -3.0499675e-01   1.1915407e-01   2.8129603e-06  -5.5368936e-07
   5.7500000e-02   2.0509356e-01  -1.1059246e-01   1.2068487e-01  -2.7745214e-03  -6.2228268e-02  -9.0152180e-01  -7.0211663e-08   9.1740818e-06  -2.9903905e-01   2.6030448e-01   2.7852758e-06  -1.9999493e-06
   6.0000000e-02   1.9974629e-01  -1.0513754e-01   1.2054346e-01  -2.8552933e-03  -1.0730433e-01  -8.5108789e-01   3.8849210e-07   8.5018405e-06  -2.8602383e-01   3.9532466e-01   2.6852784e-06  -3.3190879e-06
   6.2500000e-02   1.9463683e-01  -9.9826638e-02   1.2039849e-01  -2.9348024e-03  -1.4985869e-01  -7.8057349e-01   8.1358383e-07   7.6589919e-06  -2.6625761e-01   5.2103092e-01   2.5193241e-06  -4.4872768e-06
   6.5000000e-02   1.8974682e-01  -9.4647781e-02   1.2025022e-01  -3.0131381e-03  -1.8888734e-01  -6.9164217e-01   1.1965332e-06   6.6741685e-06  -2.4020609e-01   6.3445959e-01   2.2949605e-06  -5.4853236e-06
   6.7500000e-02   1.8513488e-01  -8.9634403e-02   1.2009772e-01  -3.0899702e-03  -2.2346942e-01  -5.8639107e-01   1.5302413e-06   5.5773083e-06  -2.0848313e-01   7.3293696e-01   2.0206945e-06  -6.2992129e-06
   7.0000000e-02   1.8080654e-01  -8.4786533e-02   1.1994085e-01  -3.1652425e-03  -2.5278895e-01  -4.6730146e-01   1.8091066e-06   4.3990439e-06  -1.7183631e-01   8.1414192e-01   1.7057341e-06  -6.9197024e-06
   7.2500000e-02   1.7667920e-01  -8.0054188e-02   1.1978083e-01  -3.2393967e-03  -2.7615401e-01  -3.3718055e-01   2.0290586e-06   3.1705707e-06  -1.3112924e-01   8.7616036e-01   1.3597492e-06  -7.3419067e-06
   7.5000000e-02   1.7274798e-01  -7.5433803e-02   1.1961774e-01  -3.3124546e-03  -2.9301303e-01  -1.9909514e-01   2.1875870e-06   1.9226235e-06  -8.7321252e-02   9.1753037e-01   9.9265410e-07  -7.5655747e-06
   7.7500000e-02   1.6913479e-01  -7.0990538e-02   1.1944958e-01  -3.3837072e-03  -3.0296778e-01  -5.6298956e-02   2.2837181e-06   6.8396904e-07  -4.1444766e-02   9.3727663e-01   6.1437563e-07  -7.5949633e-06
   8.0000000e-02   1.6569748e-01  -6.6642656e-02   1.1927858e-01  -3.4539479e-03  -3.0578272e-01   8.7843070e-02   2.3179166e-06  -5.1732339e-07   5.4190333e-03   9.3493307e-01   2.3462773e-07  -7.4380030e-06
   8.2500000e-02   1.6243459e-01  -6.2388776e-02   1.1910476e-01  -3.5231820e-03  -3.0139057e-01   2.2993446e-01   2.2920504e-06  -1.6553025e-06   5.2165654e-02   9.1055389e-01  -1.3727215e-07  -7.1063450e-06
   8.5000000e-02   1.5944428e-01  -5.8278058e-02   1.1892648e-01  -3.5908261e-03  -2.8989386e-01   3.6662751e-01   2.2092853e-06  -2.7072295e-06   9.7693316e-02   8.6471223e-01  -4.9258916e-07  -6.6147017e-06
   8.7500000e-02   1.5664546e-01  -5.4264500e-02   1.1874503e-01  -3.6573401e-03  -2.7156249e-01   4.9470136e-01   2.0739240e-06  -3.6526427e-06   1.4092890e-01   7.9848661e-01  -8.2332401e-07  -5.9805581e-06
   9.0000000e-02   1.5400466e-01  -5.0330026e-02   1.1856096e-01  -3.7229179e-03  -2.4682744e-01   6.1113806e-01   1.8912920e-06  -4.4740085e-06   1.8085320e-01   7.1343566e-01  -1.1223517e-06  -5.2238066e-06
   9.2500000e-02   1.5158871e-01  -4.6505362e-02   1.1837313e-01  -3.7871549e-03  -2.1627056e-01   7.1319381e-01   1.6675917e-06  -5.1574971e-06   2.1652496e-01   6.1156115e-01  -1.3835419e-06  -4.3658561e-06
   9.5000000e-02   1.4937815e-01  -4.2776805e-02   1.1818183e-01  -3.8501562e-03  -1.8061090e-01   7.9846327e-01   1.4097170e-06  -5.6925360e-06   2.4710299e-01   4.9526105e-01  -1.6018345e-06  -3.4294104e-06
   9.7500000e-02   1.4731450e-01  -3.9115281e-02   1.1798805e-01  -3.9122701e-03  -1.4068776e-01   8.6493606e-01   1.1250904e-06  -6.0717805e-06   2.7186603e-01   3.6727324e-01  -1.7733049e-06  -2.4382837e-06
   1.0000000e-01   1.4543557e-01  -3.5536191e-02   1.1779113e-01  -3.9732646e-03  -9.7440989e-02   9.1104434e-01   8.2150161e-07  -6.2915330e-06   2.9022968e-01   2.3061085e-01  -1.8952190e-06  -1.4163936e-06
   1.0250000e-01   1.4377643e-01  -3.2050112e-02   1.1759045e-01  -4.0329196e-03  -5.1888804e-02   9.3569961e-01   5.0692519e-07  -6.3515168e-06   3.0176021e-01   8.8491316e-02  -1.9660386e-06  -3.8725356e-07
   1.0500000e-01   1.4224804e-01  -2.8617119e-02   1.1738754e-01  -4.0917755e-03  -5.1038565e-03   9.3831822e-01   1.8934957e-07  -6.2545826e-06   3.0618478e-01  -5.5738884e-02  -1.9854013e-06   6.2560631e-07
   1.0750000e-01   1.4088258e-01  -2.5249074e-02   1.1718183e-01  -4.1496347e-03   4.1812022e-02   9.1883533e-01  -1.2337934e-07  -6.0067975e-06   3.0339783e-01  -1.9868335e-01  -1.9541210e-06   1.5998662e-06
   1.1000000e-01   1.3973242e-01  -2.1961265e-02   1.1697241e-01  -4.2061740e-03   8.7753756e-02   8.7770629e-01  -4.2371900e-07  -5.6170518e-06   2.9346367e-01  -3.3697573e-01  -1.8741277e-06   2.5149277e-06
   1.1250000e-01   1.3870614e-01  -1.8717131e-02   1.1676087e-01  -4.2619539e-03   1.3163904e-01   8.1589619e-01  -7.0457140e-07  -5.0970239e-06   2.7661490e-01  -4.6735848e-01  -1.7483815e-06   3.3512726e-06
   1.1500000e-01   1.3782863e-01  -1.5524404e-02   1.1654677e-01  -4.3168218e-03   1.7243382e-01   7.3485706e-01  -9.5942241e-07  -4.4607967e-06   2.5324699e-01  -5.8675988e-01  -1.5808179e-06   4.0915846e-06
   1.1750000e-01   1.3716456e-01  -1.2399342e-02   1.1632901e-01  -4.3703842e-03   2.0917665e-01   6.3649367e-01  -1.1824621e-06  -3.7242596e-06   2.2390902e-01  -6.9236644e-01  -1.3762389e-06   4.7211694e-06
   1.2000000e-01   1.3660947e-01  -9.3063421e-03   1.1610938e-01  -4.4232822e-03   2.4100131e-01   5.2311915e-01  -1.3686749e-06  -2.9054999e-06   1.8929072e-01  -7.8168865e-01  -1.1401806e-06   5.2272545e-06
   1.2250000e-01   1.3620856e-01  -6.2576179e-03   1.1588711e-01  -4.4752414e-03   2.6715725e-01   3.9740027e-01  -1.5139498e-06  -2.0238328e-06   1.5020631e-01  -8.5262003e-01  -8.7881801e-07   5.6000104e-06
   1.2500000e-01   1.3599595e-01  -3.2571141e-03   1.1566165e-01  -4.5260616e-03   2.8702725e-01   2.6229477e-01  -1.6151414e-06  -1.0993937e-06   1.0757534e-01  -9.0348669e-01  -5.9881769e-07   5.8325028e-06
   1.2750000e-01   1.3588878e-01  -2.8166710e-04   1.1543441e-01  -4.5762475e-03   3.0014198e-01   1.2098222e-01  -1.6701110e-06  -1.5350905e-07   6.2401040e-02  -9.3308660e-01  -3.0719275e-07   5.9204787e-06
   1.3000000e-01   1.3594899e-01   2.6562525e-03   1.1520435e-01  -4.6254305e-03   3.0619108e-01  -2.3211280e-02  -1.6777865e-06   7.9260328e-07   1.5746743e-02  -9.4071820e-01  -1.1169027e-08   5.8628038e-06
   1.3250000e-01   1.3617604e-01   5.5622644e-03   1.1497152e-01  -4.6736256e-03   3.0503052e-01  -1.6689107e-01  -1.6381563e-06   1.7178211e-06  -3.1289134e-02  -9.2619686e-01   2.8197096e-07   5.6612494e-06
   1.3500000e-01   1.3649203e-01   8.4521406e-03   1.1473721e-01  -4.7212964e-03   2.9668597e-01  -3.0667356e-01  -1.5522654e-06   2.6009742e-06  -7.7598944e-02  -8.8985947e-01   5.6503323e-07   5.3205865e-06
   1.3750000e-01   1.3701431e-01   1.1309559e-02   1.1449952e-01  -4.7677636e-03   2.8135231e-01  -4.3926649e-01  -1.4222167e-06   3.4225311e-06  -1.2209189e-01  -8.3255646e-01   8.3106237e-07   4.8482824e-06
   1.4000000e-01   1.3765056e-01   1.4153001e-02   1.1425999e-01  -4.8135778e-03   2.5938900e-01  -5.6154572e-01  -1.2510903e-06   4.1635690e-06  -1.6371968e-01  -7.5563211e-01   1.0734763e-06   4.2546802e-06
   1.4250000e-01   1.3840230e-01   1.6982279e-02   1.1401860e-01  -4.8587301e-03   2.3131173e-01  -6.7062915e-01  -1.0429120e-06   4.8067925e-06  -2.0150126e-01  -6.6089302e-01   1.2862102e-06   3.5527404e-06
   1.4500000e-01   1.3935477e-01   1.9793913e-02   1.1377404e-01  -4.9027553e-03   1.9778030e-01  -7.6394477e-01  -8.0257254e-07   5.3372422e-06  -2.3454589e-01  -5.5056545e-01   1.4638471e-06   2.7573722e-06
   1.4750000e-01   1.4039665e-01   2.2599901e-02   1.1352809e-01  -4.9462869e-03   1.5958308e-01  -8.3929083e-01  -5.3571062e-07   5.7416339e-06  -2.6207414e-01  -4.2724356e-01   1.6017156e-06   1.8860885e-06
   1.5000000e-01   1.4160962e-01   2.5396895e-02   1.1327951e-01  -4.9888807e-03   1.1761857e-01  -8.9488815e-01  -2.4862912e-07   6.0095200e-06  -2.8343630e-01  -2.9382795e-01   1.6960199e-06   9.5775512e-07
   1.5250000e-01   1.4295399e-01   2.8191669e-02   1.1302895e-01  -5.0307735e-03   7.2874196e-02  -9.2942195e-01   5.1846663e-08   6.1330306e-06  -2.9812769e-01  -1.5345786e-01   1.7439077e-06  -7.0905590e-09
   1.5500000e-01   1.4440750e-01   3.0984599e-02   1.1277675e-01  -5.0720841e-03   2.6403132e-02  -9.4207297e-01   3.5849798e-07   6.1072404e-06  -3.0580058e-01  -9.4372889e-03   1.7435531e-06  -9.8667410e-07
   1.5750000e-01   1.4605937e-01   3.3781276e-02   1.1252167e-01  -5.1123689e-03  -2.0700484e-02  -9.3253699e-01   6.6385978e-07   5.9303670e-06  -3.0627244e-01   1.3484306e-01   1.6942195e-06  -1.9591321e-06
   1.6000000e-01   1.4777827e-01   3.6580086e-02   1.1226562e-01  -5.1523114e-03  -6.7327300e-02  -9.0103210e-01   9.6037792e-07   5.6038346e-06  -2.9953029e-01   2.7598484e-01   1.5962629e-06  -2.9014638e-06
   1.6250000e-01   1.4971366e-01   3.9390539e-02   1.1200652e-01  -5.1911715e-03  -1.1237887e-01  -8.4829374e-01   1.2405695e-06   5.1321658e-06  -2.8573106e-01   4.1066296e-01   1.4511898e-06  -3.7918303e-06
   1.6500000e-01   1.5174624e-01   4.2209608e-02   1.1174611e-01  -5.2295639e-03  -1.5479353e-01  -7.7555767e-01   1.4971776e-06   4.5233074e-06  -2.6519793e-01   5.3570303e-01   1.2615985e-06  -4.6082444e-06
   1.6750000e-01   1.5393662e-01   4.5042667e-02   1.1148356e-01  -5.2671968e-03  -1.9357139e-01  -6.8453098e-01   1.7233428e-06   3.7882411e-06  -2.3841280e-01   6.4815670e-01   1.0311864e-06  -5.3301829e-06
   1.7000000e-01   1.5625852e-01   4.7891931e-02   1.1121929e-01  -5.3042229e-03  -2.2779791e-01  -5.7735220e-01   1.9127547e-06   2.9410812e-06  -2.0600498e-01   7.4537091e-01   7.6467745e-07  -5.9385139e-06
   1.7250000e-01   1.5871862e-01   5.0758225e-02   1.1095324e-01  -5.3406115e-03  -2.5666550e-01  -4.5654100e-01   2.0598087e-06   1.9987732e-06  -1.6873646e-01   8.2505058e-01   4.6775197e-07  -6.4161356e-06
   1.7500000e-01   1.6134109e-01   5.3650038e-02   1.1068517e-01  -5.3762851e-03  -2.7949254e-01  -3.2493909e-01   2.1597472e-06   9.8071119e-07  -1.2748396e-01   8.8531278e-01   1.4694541e-07  -6.7484301e-06
   1.7750000e-01   1.6407452e-01   5.6559287e-02   1.1041573e-01  -5.4114702e-03  -2.9573948e-01  -1.8564353e-01   2.2087828e-06  -9.1140492e-08  -8.3218356e-02   9.2473118e-01  -1.9047586e-07  -6.9234316e-06
   1.8000000e-01   1.6700259e-01   5.9505363e-02   1.1014399e-01  -5.4458398e-03  -3.0502165e-01  -4.1933640e-02   2.2042257e-06  -1.1934566e-06  -3.6981829e-02   9.4236996e-01  -5.3664719e-07  -6.9324884e-06
   1.8250000e-01   1.7001387e-01   6.2467182e-02   1.0987127e-01  -5.4798607e-03  -3.0711833e-01   1.0280564e-01   2.1445530e-06  -2.3007492e-06   1.0136636e-02   9.3780593e-01  -8.8327137e-07  -6.7702772e-06
   1.8500000e-01   1.7325932e-01   6.5480444e-02   1.0959593e-01  -5.5129513e-03  -3.0197805e-01   2.4516418e-01   2.0295156e-06  -3.3875558e-06   5.7026899e-02   9.1113882e-01  -1.2217850e-06  -6.4351797e-06
   1.8750000e-01   1.7656077e-01   6.8506009e-02   1.0931997e-01  -5.5458194e-03  -2.8971985e-01   3.8178596e-01   1.8601379e-06  -4.4268340e-06   1.0258381e-01   8.6298925e-01  -1.5435438e-06  -5.9295886e-06
   1.9000000e-01   1.8011218e-01   7.1593680e-02   1.0904137e-01  -5.5777492e-03  -2.7063057e-01   5.0944927e-01   1.6387964e-06  -5.3928918e-06   1.4573324e-01   7.9448409e-01  -1.8400230e-06  -5.2595391e-06
   1.9250000e-01   1.8371748e-01   7.4694739e-02   1.0876221e-01  -5.6094766e-03  -2.4515812e-01   6.2514152e-01   1.3691520e-06  -6.2595990e-06   1.8545742e-01   7.0723065e-01  -2.1029997e-06  -4.4355805e-06
   1.9500000e-01   1.8758421e-01   7.7867794e-02   1.0848045e-01  -5.6402798e-03  -2.1390107e-01   7.2613145e-01   1.0561722e-06  -7.0032735e-06   2.2081892e-01   6.0327841e-01  -2.3247786e-06  -3.4714664e-06
   1.9750000e-01   1.9150136e-01   8.1054734e-02   1.0819819e-01  -5.6709047e-03  -1.7759452e-01   8.1003254e-01   7.0600881e-07  -7.6011370e-06   2.5098282e-01   4.8507179e-01  -2.4983518e-06  -2.3856359e-06
   2.0000000e-01   1.9569254e-01   8.4323887e-02   1.0791338e-01  -5.7006191e-03  -1.3709292e-01   8.7486038e-01   3.2595223e-07  -8.0338323e-06   2.7523640e-01   3.5539174e-01  -2.6176335e-06  -1.1989553e-06
   2.0250000e-01   1.9993058e-01   8.7607098e-02   1.0762814e-01  -5.7301777e-03  -9.3349933e-02   9.1907887e-01  -7.5739107e-08  -8.2843217e-06   2.9300597e-01   2.1729165e-01  -2.6775812e-06   6.3252218e-08
   2.0500000e-01   2.0445608e-01   9.0982969e-02   1.0734039e-01  -5.7588405e-03  -4.7396022e-02   9.4163727e-01  -4.8995490e-07  -8.3397230e-06   3.0387055e-01   7.4024125e-02  -2.6744186e-06   1.3743122e-06
   2.0750000e-01   2.0902467e-01   9.4372732e-02   1.0705227e-01  -5.7873689e-03  -3.1419127e-04   9.4199481e-01  -9.0694076e-07  -8.1908431e-06   3.0757175e-01  -7.1034031e-02  -2.6057031e-06   2.7037553e-06
   2.1000000e-01   2.1389695e-01   9.7866495e-02   1.0676168e-01  -5.8150109e-03   4.6785516e-02   9.2013396e-01  -1.3164826e-06  -7.8330449e-06   3.0402005e-01  -2.1446293e-01  -2.4705154e-06   4.0210767e-06
   2.1250000e-01   2.1880677e-01   1.0137311e-01   1.0647079e-01  -5.8425432e-03   9.2792182e-02   8.7656116e-01  -1.7081346e-06  -7.2665693e-06   2.9329691e-01  -3.5287850e-01  -2.2694617e-06   5.2930451e-06
   2.1500000e-01   2.2403822e-01   1.0499567e-01   1.0617745e-01  -5.8691973e-03   1.3662021e-01   8.1229496e-01  -2.0714628e-06  -6.4961992e-06   2.7565300e-01  -4.8301404e-01  -2.0048096e-06   6.4878488e-06
   2.1750000e-01   2.2930134e-01   1.0862964e-01   1.0588388e-01  -5.8957649e-03   1.7723493e-01   7.2884281e-01  -2.3962725e-06  -5.5324801e-06   2.5150231e-01  -6.0179552e-01  -1.6804174e-06   7.5723956e-06
   2.2000000e-01   2.3490552e-01   1.1239200e-01   1.0558790e-01  -5.9214623e-03   2.1367704e-01   6.2816505e-01  -2.6728963e-06  -4.3900208e-06   2.2141256e-01  -7.0641595e-01  -1.3017979e-06   8.5164630e-06
   2.2250000e-01   2.4053507e-01   1.1616392e-01   1.0529175e-01  -5.9470950e-03   2.4508527e-01   5.1263007e-01  -2.8923972e-06  -3.0896502e-06   1.8609179e-01  -7.9440006e-01  -8.7597507e-07   9.2902882e-06
   2.2500000e-01   2.4652794e-01   1.2007776e-01   1.0499321e-01  -5.9718622e-03   2.7071676e-01   3.8495733e-01  -3.0468796e-06  -1.6553104e-06   1.4637181e-01  -8.6366442e-01  -4.1146099e-07   9.8682780e-06
   2.2750000e-01   2.5253949e-01   1.2399889e-01   1.0469455e-01  -5.9965849e-03   2.8996461e-01   2.4815513e-01  -3.1296451e-06  -1.1709991e-07   1.0318862e-01  -9.1256552e-01   8.1952563e-08   1.0227201e-05
   2.3000000e-01   2.5893288e-01   1.2807391e-01   1.0439358e-01  -6.0204589e-03   3.0237236e-01   1.0544790e-01  -3.1355001e-06   1.4931050e-06   5.7560377e-02  -9.3993991e-01   5.9331223e-07   1.0348978e-05
   2.3250000e-01   2.6534318e-01   1.3215575e-01   1.0409250e-01  -6.0442953e-03   3.0764475e-01  -3.9797564e-02  -3.0608449e-06   3.1379862e-06   1.0563415e-02  -9.4513122e-01   1.1107608e-06   1.0219826e-05
   2.3500000e-01   2.7215390e-01   1.3640326e-01   1.0378918e-01  -6.0673017e-03   3.0565487e-01  -1.8415371e-01  -2.9039457e-06   4.7800590e-06  -3.6693113e-02  -9.2800643e-01   1.6217517e-06   9.8316606e-06
   2.3750000e-01   2.7897954e-01   1.4065696e-01   1.0348577e-01  -6.0902772e-03   2.9644720e-01  -3.2421072e-01  -2.6649429e-06   6.3777278e-06  -8.3093402e-02  -8.8895931e-01   2.1133344e-06   9.1824132e-06
   2.4000000e-01   2.8622545e-01   1.4508843e-01   1.0318018e-01  -6.1124401e-03   2.8023667e-01  -4.5665939e-01  -2.3460567e-06   7.8910193e-06  -1.2754134e-01  -8.2890121e-01   2.5724547e-06   8.2757647e-06
   2.4250000e-01   2.9348411e-01   1.4952529e-01   1.0287452e-01  -6.1345783e-03   2.5740372e-01  -5.7836691e-01  -1.9515061e-06   9.2777273e-06  -1.6898637e-01  -7.4924066e-01   2.9862427e-06   7.1227164e-06
   2.4500000e-01   3.0118138e-01   1.5415110e-01   1.0256676e-01  -6.1559249e-03   2.2848539e-01  -6.8645329e-01  -1.4876200e-06   1.0499064e-05  -2.0644837e-01  -6.5184939e-01   3.3423782e-06   5.7395191e-06
   2.4750000e-01   3.0889300e-01   1.5878311e-01   1.0225893e-01  -6.1772461e-03   1.9416275e-01  -7.7835738e-01  -9.6266720e-07   1.1516339e-05  -2.3904082e-01  -5.3901994e-01   3.6293540e-06   4.1504387e-06
   2.5000000e-01   3.1706620e-01   1.6361694e-01   1.0194906e-01  -6.1977891e-03   1.5524491e-01  -8.5189954e-01  -3.8685066e-07   1.2295917e-05  -2.6599180e-01  -4.1341011e-01   3.8368758e-06   2.3839201e-06
   2.5250000e-01   3.2525901e-01   1.6845945e-01   1.0163911e-01  -6.2183012e-03   1.1264996e-01  -9.0533176e-01   2.2794476e-07   1.2806803e-05  -2.8666229e-01  -2.7798253e-01   3.9560717e-06   4.7637130e-07
   2.5500000e-01   3.3391844e-01   1.7350841e-01   1.0132726e-01  -6.2380773e-03   6.7383407e-02  -9.3738063e-01   8.6828444e-07   1.3024318e-05  -3.0056141e-01  -1.3593266e-01   3.9798902e-06  -1.5330692e-06
   2.5750000e-01   3.4261442e-01   1.7857370e-01   1.0101526e-01  -6.2577995e-03   2.0514409e-02  -9.4727687e-01   1.5194999e-06   1.2929012e-05  -3.0735803e-01   9.3840644e-03   3.9032368e-06  -3.5983353e-06
   2.6000000e-01   3.5178183e-01   1.8384954e-01   1.0070150e-01  -6.2768255e-03  -2.6849402e-02  -9.3477450e-01   2.1659500e-06   1.2508586e-05  -3.0688883e-01   1.5453390e-01   3.7233202e-06  -5.6724046e-06
   2.6250000e-01   3.6100208e-01   1.8914913e-01   1.0038755e-01  -6.2957781e-03  -7.3588094e-02  -9.0015694e-01   2.7913789e-06   1.1758165e-05  -2.9916214e-01   2.9608332e-01   3.4397002e-06  -7.7031890e-06
   2.6500000e-01   3.7067963e-01   1.9465439e-01   1.0007202e-01  -6.3140963e-03  -1.1859591e-01  -8.4423057e-01   3.3792867e-06   1.0680411e-05  -2.8435799e-01   4.3068263e-01   3.0545410e-06  -9.6395909e-06
   2.6750000e-01   3.8050273e-01   2.0022541e-01   9.9756024e-02  -6.3322242e-03  -1.6080741e-01  -7.6830662e-01   3.9133068e-06   9.2867128e-06  -2.6282387e-01   5.5514313e-01   2.5725618e-06  -1.1428510e-05
   2.7000000e-01   3.9069135e-01   2.0596161e-01   9.9438857e-02  -6.3498743e-03  -1.9922271e-01  -6.7417006e-01   4.3776422e-06   7.5962718e-06  -2.3506673e-01   6.6651412e-01   2.0011367e-06  -1.3019137e-05
   2.7250000e-01   4.0112812e-01   2.1181029e-01   9.9120956e-02  -6.3672176e-03  -2.3293119e-01  -5.6403835e-01   4.7574555e-06   5.6369376e-06  -2.0174105e-01   7.6215205e-01   1.3501803e-06  -1.4362463e-05
   2.7500000e-01   4.1184929e-01   2.1778787e-01   9.8802213e-02  -6.3842093e-03  -2.6113309e-01  -4.4050911e-01   5.0393022e-06   3.4444660e-06  -1.6363348e-01   8.3978369e-01   6.3205765e-07  -1.5413428e-05
   2.7750000e-01   4.2292963e-01   2.2392851e-01   9.8482490e-02  -6.4007805e-03  -2.8315853e-01  -3.0649894e-01   5.2115254e-06   1.0617427e-06  -1.2164432e-01   8.9756031e-01  -1.3861321e-07  -1.6132222e-05
   2.8000000e-01   4.3420576e-01   2.3015803e-01   9.8162232e-02  -6.4171224e-03  -2.9848347e-01  -1.6517534e-01   5.2646125e-06  -1.4606404e-06  -7.6766336e-02   9.3410152e-01  -9.4522376e-07  -1.6484945e-05
   2.8250000e-01   4.4596213e-01   2.3660561e-01   9.7840765e-02  -6.4329305e-03  -3.0674223e-01  -1.9880793e-02   5.1915805e-06  -4.0677786e-06  -3.0061293e-02   9.4852885e-01  -1.7694704e-06  -1.6445605e-05
   2.8500000e-01   4.5781884e-01   2.4309874e-01   9.7519045e-02  -6.4486271e-03  -3.0773627e-01   1.2594430e-01   4.9881917e-06  -6.6977449e-06   1.7365116e-02   9.4048668e-01  -2.5917501e-06  -1.5996357e-05
   2.8750000e-01   4.7028025e-01   2.4986613e-01   9.7195922e-02  -6.4636841e-03  -3.0143906e-01   2.6884551e-01   4.6533047e-06  -9.2880137e-06   6.4389417e-02   9.1015132e-01  -3.3915674e-06  -1.5128667e-05
   2.9000000e-01   4.8285176e-01   2.5668333e-01   9.6872565e-02  -6.4786301e-03  -2.8799679e-01   4.0543330e-01   4.1889043e-06  -1.1771057e-05   1.0989695e-01   8.5822760e-01  -4.1480002e-06  -1.3844315e-05
   2.9250000e-01   4.9594433e-01   2.6373630e-01   9.6548096e-02  -6.4930504e-03  -2.6772514e-01   5.3246591e-01   3.6003519e-06  -1.4081079e-05   1.5280830e-01   7.8593229e-01  -4.8402154e-06  -1.2154917e-05
   2.9500000e-01   5.0926544e-01   2.7089230e-01   9.6223179e-02  -6.5072502e-03  -2.4110186e-01   6.4692441e-01   2.8962984e-06  -1.6151776e-05   1.9210489e-01   6.9496643e-01  -5.4479609e-06  -1.0083424e-05
   2.9750000e-01   5.2301574e-01   2.7824181e-01   9.5897422e-02  -6.5210359e-03  -2.0875566e-01   7.4608579e-01   2.0887102e-06  -1.7920602e-05   2.2685318e-01   5.8747501e-01  -5.9521317e-06  -7.6628232e-06
   3.0000000e-01   5.3709976e-01   2.8574112e-01   9.5571063e-02  -6.5345121e-03  -1.7145140e-01   8.2758705e-01   1.1926808e-06  -1.9329043e-05   2.5622691e-01   4.6599705e-01  -6.3352726e-06  -4.9367675e-06
   3.0250000e-01   5.5149122e-01   2.9337843e-01   9.5244151e-02  -6.5477032e-03  -1.3007208e-01   8.8948195e-01   2.2622934e-07  -2.0324756e-05   2.7952675e-01   3.3340582e-01  -6.5821108e-06  -1.9588410e-06
   3.0500000e-01   5.6645594e-01   3.0127173e-01   9.4916286e-02  -6.5603813e-03  -8.5598011e-02   9.3028789e-01  -7.9000775e-07  -2.0863766e-05   2.9619703e-01   1.9284029e-01  -6.6800528e-06   1.2098868e-06
   3.0750000e-01   5.8167801e-01   3.0927942e-01   9.4588021e-02  -6.5728347e-03  -3.9083650e-02   9.4902097e-01  -1.8331953e-06  -2.0910649e-05   3.0583904e-01   4.7632569e-02  -6.6195585e-06   4.4989052e-06
   3.1000000e-01   5.9733395e-01   3.1747974e-01   9.4259090e-02  -6.5849118e-03   8.3673655e-03   9.4522051e-01  -2.8787270e-06  -2.0440913e-05   3.0822066e-01  -9.8772252e-02  -6.3946134e-06   7.8322660e-06
   3.1250000e-01   6.1347546e-01   3.2589423e-01   9.3929473e-02  -6.5965794e-03   5.5628358e-02   9.1896039e-01  -3.9007719e-06  -1.9441668e-05   3.0328206e-01  -2.4289737e-01  -6.0030004e-06   1.1129513e-05
   3.1500000e-01   6.2988424e-01   3.3442633e-01   9.3599487e-02  -6.6080235e-03   1.0157635e-01   8.7084812e-01  -4.8728547e-06  -1.7912878e-05   2.9113720e-01  -3.8131598e-01  -5.4465251e-06   1.4305978e-05
   3.1750000e-01   6.4686481e-01   3.4320885e-01   9.3268757e-02  -6.6189974e-03   1.4511872e-01   8.0201080e-01  -5.7684980e-06  -1.5867322e-05   2.7207141e-01  -5.1073420e-01  -4.7312267e-06   1.7277621e-05
   3.2000000e-01   6.6428575e-01   3.5218275e-01   9.2937498e-02  -6.6296171e-03   1.8521923e-01   7.1406934e-01  -6.5618635e-06  -1.3331476e-05   2.4653472e-01  -6.2806818e-01  -3.8673462e-06   1.9960681e-05
   3.2250000e-01   6.8206701e-01   3.6131273e-01   9.2605821e-02  -6.6399492e-03   2.2092267e-01   6.0910067e-01  -7.2284369e-06  -1.0345706e-05   2.1513133e-01  -7.3051794e-01  -2.8693129e-06   2.2274282e-05
   3.2500000e-01   7.0036245e-01   3.7066438e-01   9.2273575e-02  -6.6498752e-03   2.5137769e-01   4.8958858e-01  -7.7457218e-06  -6.9630416e-06   1.7860546e-01  -8.1563471e-01  -1.7555996e-06   2.4143609e-05
   3.2750000e-01   7.1919485e-01   3.8024552e-01   9.1940783e-02  -6.6593843e-03   2.7585710e-01   3.5836547e-01  -8.0938736e-06  -3.2488254e-06   1.3782375e-01  -8.8137935e-01  -5.4841999e-07   2.5501337e-05
   3.3000000e-01   7.3840514e-01   3.8998728e-01   9.1607625e-02  -6.6686022e-03   2.9377536e-01   2.1854591e-01  -8.2563148e-06   7.1936700e-07   9.3754816e-02  -9.2617115e-01   7.2664594e-07   2.6289321e-05
   3.3250000e-01   7.5807639e-01   3.9992425e-01   9.1274038e-02  -6.6774669e-03   3.0470265e-01   7.3452424e-02  -8.2203465e-06   4.8542805e-06   4.7446291e-02  -9.4892649e-01   2.0411110e-06   2.6461276e-05
   3.3500000e-01   7.7841251e-01   4.1014008e-01   9.0939882e-02  -6.6858279e-03   3.0837527e-01  -7.3463630e-02  -7.9776326e-06   9.0614450e-06  -0.0000000e+00  -9.4908521e-01   3.3641739e-06   2.5984254e-05
   3.3750000e-01   7.9920072e-01   4.2054372e-01   9.0605373e-02  -6.6938494e-03   3.0470209e-01  -2.1870287e-01  -7.5245607e-06   1.3238880e-05  -4.7454227e-02  -9.2662460e-01   4.6633857e-06   2.4839802e-05
   3.4000000e-01   8.2044676e-01   4.3113662e-01   9.0270521e-02  -6.7015280e-03   2.9376695e-01  -3.5880173e-01  -6.8626172e-06   1.7280573e-05  -9.3785425e-02  -8.8206088e-01   5.9053749e-06   2.3025511e-05
   3.4250000e-01   8.4222798e-01   4.4194938e-01   8.9935289e-02  -6.7088075e-03   2.7582688e-01  -4.9041519e-01  -5.9985891e-06   2.1079357e-05  -1.3788844e-01  -8.1643769e-01   7.0566497e-06   2.0555661e-05
   3.4500000e-01   8.6466351e-01   4.5302796e-01   8.9599639e-02  -6.7156013e-03   2.5130613e-01  -6.1039673e-01  -4.9446220e-06   2.4529645e-05  -1.7871029e-01  -7.3130184e-01   8.0844320e-06   1.7461305e-05
   3.4750000e-01   8.8761538e-01   4.6431421e-01   8.9263687e-02  -6.7220127e-03   2.2078632e-01  -7.1587297e-01  -3.7181406e-06   2.7528923e-05  -2.1527536e-01  -6.2866762e-01   8.9574966e-06   1.3790987e-05
   3.5000000e-01   9.1108979e-01   4.7580912e-01   8.8927450e-02  -6.7280374e-03   1.8499270e-01  -8.0431303e-01  -2.3416955e-06   2.9981308e-05  -2.4670872e-01  -5.1096939e-01   9.6470455e-06   9.6100694e-06
   3.5250000e-01   9.3509478e-01   4.8751436e-01   8.8590941e-02  -6.7336697e-03   1.4477707e-01  -8.7358949e-01  -8.4263113e-07   3.1800316e-05  -2.7225717e-01  -3.8100419e-01   1.0127549e-05   4.9998499e-06
   3.5500000e-01   9.5982869e-01   4.9950512e-01   8.8254102e-02  -6.7387623e-03   1.0109763e-01  -9.2202992e-01   7.4738354e-07   3.2911840e-05  -2.9130737e-01  -2.4186512e-01   1.0377541e-05   5.5263730e-08
   3.5750000e-01   9.8514093e-01   5.1171945e-01   8.7917034e-02  -6.7434257e-03   5.4996166e-02  -9.4845718e-01   2.3929744e-06   3.3255662e-05  -3.0340061e-01  -9.6868846e-02   1.0380304e-05  -5.1151972e-06
   3.6000000e-01   1.0110406e+00   5.2415873e-01   8.7579755e-02  -6.7476517e-03   7.5733404e-03  -9.5221859e-01   4.0557563e-06   3.2788182e-05  -3.0824405e-01   5.0523545e-02   1.0124544e-05  -1.0392346e-05
   3.6250000e-01   1.0375335e+00   5.3682293e-01   8.7242285e-02  -6.7514348e-03  -4.0037556e-02  -9.3320246e-01   5.6951643e-06   3.1484299e-05  -3.0571788e-01   1.9678899e-01   9.6049275e-06  -1.5648822e-05
   3.6500000e-01   1.0646292e+00   5.4971343e-01   8.6904645e-02  -6.7547658e-03  -8.6697646e-02  -8.9184171e-01   7.2693781e-06   2.9338914e-05  -2.9587843e-01   3.3842654e-01   8.8224869e-06  -2.0751986e-05
   3.6750000e-01   1.0924812e+00   5.6288391e-01   8.6566827e-02  -6.7575260e-03  -1.3128970e-01  -8.2910435e-01   8.7363228e-06   2.6367657e-05  -2.7895712e-01   4.7204143e-01   7.7848884e-06  -2.5567742e-05
   3.7000000e-01   1.1209987e+00   5.7629694e-01   8.6228886e-02  -6.7597797e-03  -1.7274489e-01  -7.4647143e-01   1.0054705e-05   2.2607755e-05  -2.5535506e-01   5.9442585e-01   6.5065022e-06  -2.9962569e-05
   3.7250000e-01   1.1501714e+00   5.8994572e-01   8.5890849e-02  -6.7615309e-03  -2.1006843e-01  -6.4590261e-01   1.1185092e-05   1.8118088e-05  -2.2563379e-01   7.0263622e-01   5.0083748e-06  -3.3807431e-05
   3.7500000e-01   1.1800076e+00   6.0383017e-01   8.5552741e-02  -6.7627694e-03  -2.4236354e-01  -5.2979011e-01   1.2090995e-05   1.2978651e-05  -1.9050201e-01   7.9406426e-01   3.3180044e-06  -3.6981369e-05
   3.7750000e-01   1.2105181e+00   6.1795094e-01   8.5214584e-02  -6.7634822e-03  -2.6885303e-01  -4.0090224e-01   1.2739928e-05   7.2894640e-06  -1.5079882e-01   8.6650005e-01   1.4689373e-06  -3.9374969e-05
   3.8000000e-01   1.2417128e+00   6.3230827e-01   8.4876404e-02  -6.7636568e-03  -2.8889813e-01  -2.6231783e-01   1.3104400e-05   1.1689309e-06  -1.0747385e-01   9.1818581e-01  -4.9980979e-07  -4.0893671e-05
   3.8250000e-01   1.2737037e+00   6.4693614e-01   8.4538230e-02  -6.7631977e-03  -3.0201401e-01  -1.1735276e-01   1.3162847e-05  -5.2488681e-06  -6.1564591e-02   9.4785892e-01  -2.5444919e-06  -4.1460966e-05
   3.8500000e-01   1.3064690e+00   6.6182208e-01   8.4200098e-02  -6.7621137e-03  -3.0788164e-01   3.0518762e-02   1.2900404e-05  -1.1816232e-05  -1.4171679e-02   9.5478306e-01  -4.6175388e-06  -4.1020796e-05
   3.8750000e-01   1.3399668e+00   6.7694778e-01   8.3862035e-02  -6.7604306e-03  -3.0635571e-01   1.7774714e-01   1.2309593e-05  -1.8374853e-05   3.3567441e-02   9.3876698e-01  -6.6685771e-06  -3.9540027e-05
   3.9000000e-01   1.3742086e+00   6.9231271e-01   8.3524071e-02  -6.7581316e-03  -2.9746835e-01   3.2079258e-01   1.1390851e-05  -2.4759662e-05   8.0505757e-02   9.0017029e-01  -8.6455771e-06  -3.7010424e-05
   3.9250000e-01   1.4092011e+00   7.0791483e-01   8.3186233e-02  -6.7552028e-03  -2.8142874e-01   4.5621013e-01   1.0152868e-05  -3.0802720e-05   1.2551424e-01   8.3989595e-01  -1.0496097e-05  -3.3449971e-05
   3.9500000e-01   1.4449713e+00   7.2375792e-01   8.2848556e-02  -6.7516125e-03  -2.5861825e-01   5.8073268e-01   8.6127334e-06  -3.6337485e-05   1.6750901e-01   7.5936971e-01  -1.2168594e-05  -2.8903539e-05
   3.9750000e-01   1.4815250e+00   7.3983895e-01   8.2511070e-02  -6.7473458e-03  -2.2958163e-01   6.9134985e-01   6.7958604e-06  -4.1203018e-05   2.0547747e-01   6.6050703e-01  -1.3613770e-05  -2.3442944e-05
   4.0000000e-01   1.5188737e+00   7.5615635e-01   8.2173808e-02  -6.7423824e-03  -1.9501416e-01   7.8538100e-01   4.7357110e-06  -4.5248378e-05   2.3850279e-01   5.4566798e-01  -1.4785917e-05  -1.7166295e-05
   4.0250000e-01   1.5571184e+00   7.7273353e-01   8.1836838e-02  -6.7366197e-03  -1.5574514e-01   8.6054056e-01   2.4732937e-06  -4.8337143e-05   2.6578617e-01   4.1760131e-01  -1.5644231e-05  -1.0196244e-05
   4.0500000e-01   1.5962132e+00   7.8955039e-01   8.1500182e-02  -6.7300841e-03  -1.1271814e-01   9.1499370e-01   5.6438189e-08  -5.0351013e-05   2.8666623e-01   2.7937940e-01  -1.6154043e-05  -2.6784918e-06
   4.0750000e-01   1.6361444e+00   8.0659703e-01   8.1163869e-02  -6.7227740e-03  -6.6968491e-02   9.4740166e-01  -2.4611107e-06  -5.1193817e-05   3.0063519e-01   1.3432490e-01  -1.6287967e-05   5.2210096e-06
   4.1000000e-01   1.6769226e+00   8.2387014e-01   8.0827939e-02  -6.7146659e-03  -1.9598441e-02   9.5695521e-01  -5.0207997e-06  -5.0795025e-05   3.0735143e-01  -1.4068761e-02  -1.6026917e-05   1.3319531e-05
   4.1250000e-01   1.7185585e+00   8.4136622e-01   8.0492429e-02  -6.7057347e-03   2.8249286e-02   9.4339543e-01  -7.5605492e-06  -4.9112658e-05   3.0664799e-01  -1.6222130e-01  -1.5360941e-05   2.1421529e-05
   4.1500000e-01   1.7610617e+00   8.5908106e-01   8.0157380e-02  -6.6959556e-03   7.5419024e-02   9.0702122e-01  -1.0016180e-05  -4.6135595e-05   2.9853693e-01  -3.0655175e-01  -1.4289865e-05   2.9323109e-05
   4.1750000e-01   1.8044469e+00   8.7701144e-01   7.9822836e-02  -6.6852976e-03   1.2077005e-01   8.4868349e-01  -1.2322958e-05  -4.1885164e-05   2.8320935e-01  -4.4356495e-01  -1.2823711e-05   3.6816928e-05
   4.2000000e-01   1.8487228e+00   8.9515224e-01   7.9488839e-02  -6.6737342e-03   1.6320420e-01   7.6976590e-01  -1.4417215e-05  -3.6415979e-05   2.6103112e-01  -5.6993620e-01  -1.0982866e-05   4.3697337e-05
   4.2250000e-01   1.8938997e+00   9.1349830e-01   7.9155434e-02  -6.6612367e-03   2.0169247e-01   6.7215273e-01  -1.6238013e-05  -2.9815940e-05   2.3253433e-01  -6.8259209e-01  -8.7980002e-06   4.9765752e-05
   4.2500000e-01   1.9399874e+00   9.3204403e-01   7.8822668e-02  -6.6477753e-03   2.3530008e-01   5.5818455e-01  -1.7728809e-05  -2.2205376e-05   1.9840475e-01  -7.7878545e-01  -6.3097143e-06   5.4836048e-05
   4.2750000e-01   1.9871067e+00   9.5080553e-01   7.8490677e-02  -6.6331958e-03   2.6320929e-01   4.3060250e-01  -1.8839077e-05  -1.3734841e-05   1.5946550e-01  -8.5616284e-01  -3.5679138e-06   5.8740150e-05
   4.3000000e-01   2.0351631e+00   9.6975311e-01   7.8159439e-02  -6.6175755e-03   2.8473940e-01   2.9248327e-01  -1.9525818e-05  -4.5833365e-06   1.1665739e-01  -9.1282223e-01  -6.3090843e-07   6.1332397e-05
   4.3250000e-01   2.0841586e+00   9.8887817e-01   7.7828999e-02  -6.6008888e-03   2.9936355e-01   1.4716533e-01  -1.9754985e-05   5.0454434e-06   7.1016313e-02  -9.4736047e-01   2.4357093e-06   6.2494628e-05
   4.3500000e-01   2.1341017e+00   1.0081730e+00   7.7499412e-02  -6.5831019e-03   3.0672181e-01  -1.8314643e-03  -1.9502713e-05   1.4927362e-05   2.3648323e-02  -9.5890861e-01   5.5604385e-06   6.2140377e-05
   4.3750000e-01   2.1849992e+00   1.0276293e+00   7.7170729e-02  -6.5641815e-03   3.0663024e-01  -1.5089075e-01  -1.8756346e-05   2.4822780e-05  -2.4297074e-02  -9.4715448e-01   8.6674551e-06   6.0218407e-05
   4.4000000e-01   2.2368617e+00   1.0472387e+00   7.6843009e-02  -6.5440884e-03   2.9908571e-01  -2.9638728e-01  -1.7515207e-05   3.4482124e-05  -7.1654764e-02  -9.1235170e-01   1.1678373e-05   5.6715464e-05
   4.4250000e-01   2.2896956e+00   1.0669918e+00   7.6516310e-02  -6.5227868e-03   2.8426635e-01  -4.3477502e-01  -1.5791102e-05   4.3651904e-05  -1.1727232e-01  -8.5531512e-01   1.4514145e-05   5.1658164e-05
   4.4500000e-01   2.3435075e+00   1.0868788e+00   7.6190690e-02  -6.5002392e-03   2.6252762e-01  -5.6267358e-01  -1.3608509e-05   5.2081112e-05  -1.6003804e-01  -7.7740251e-01   1.7097051e-05   4.5113907e-05
   4.4750000e-01   2.3983035e+00   1.1068892e+00   7.5866211e-02  -6.4764073e-03   2.3439396e-01  -6.7695097e-01  -1.1004455e-05   5.9527803e-05  -1.9890814e-01  -6.8048304e-01   1.9352745e-05   3.7190774e-05
   4.5000000e-01   2.4541197e+00   1.1270149e+00   7.5542975e-02  -6.4512095e-03   2.0054643e-01  -7.7480067e-01  -8.0280669e-06   6.5765806e-05  -2.3293227e-01  -5.6689312e-01   2.1212282e-05   2.8036242e-05
   4.5250000e-01   2.5110264e+00   1.1472488e+00   7.5221142e-02  -6.4245094e-03   1.6180643e-01  -8.5381091e-01  -4.7397789e-06   7.0591212e-05  -2.6127691e-01  -4.3938069e-01   2.2614093e-05   1.7834741e-05
   4.5500000e-01   2.5689362e+00   1.1675676e+00   7.4900669e-02  -6.3963878e-03   1.1911591e-01  -9.1202446e-01  -1.2102208e-06   7.3828055e-05  -2.8324592e-01  -3.0103967e-01   2.3505830e-05   6.8049565e-06
   4.5750000e-01   2.6278527e+00   1.1879584e+00   7.4581625e-02  -6.3668015e-03   7.3514720e-02  -9.4798784e-01   2.4811794e-06   7.5334316e-05  -2.9829790e-01  -1.5523532e-01   2.3846077e-05  -4.8047939e-06
   4.6000000e-01   2.6877863e+00   1.2084076e+00   7.4264094e-02  -6.3356954e-03   2.6115362e-02  -9.6078837e-01   6.2478926e-06   7.5006929e-05  -3.0605966e-01  -5.5227671e-03   2.3605838e-05  -1.6721872e-05
   4.6250000e-01   2.7487238e+00   1.2288999e+00   7.3948128e-02  -6.3030481e-03  -2.1924023e-02  -9.5007803e-01   9.9982364e-06   7.2785950e-05  -3.0633580e-01   1.4443926e-01   2.2769745e-05  -2.8655341e-05
   4.6500000e-01   2.8106705e+00   1.2494207e+00   7.3633808e-02  -6.2688092e-03  -6.9427891e-02  -9.1608370e-01   1.3637531e-05   6.8657792e-05  -2.9911384e-01   2.9097770e-01   2.1336979e-05  -4.0302908e-05
   4.6750000e-01   2.8736274e+00   1.2699545e+00   7.3321210e-02  -6.2329326e-03  -1.1523204e-01  -8.5960336e-01   1.7070419e-05   6.2657344e-05  -2.8456496e-01   4.3049508e-01   1.9321835e-05  -5.1358318e-05
   4.7000000e-01   2.9376012e+00   1.2904851e+00   7.3010428e-02  -6.1953601e-03  -1.5821218e-01  -7.8198821e-01   2.0203284e-05   5.4868886e-05  -2.6304022e-01   5.5955788e-01   1.6753921e-05  -6.1519193e-05
   4.7250000e-01   3.0025765e+00   1.3109963e+00   7.2701513e-02  -6.1560710e-03  -1.9731156e-01  -6.8511130e-01   2.2946726e-05   4.5425802e-05  -2.3506235e-01   6.7498121e-01   1.3677963e-05  -7.0494947e-05
   4.7500000e-01   3.0687335e+00   1.3314596e+00   7.2394927e-02  -6.1146832e-03  -2.3156711e-01  -5.7132283e-01   2.5218014e-05   3.4508282e-05  -2.0131331e-01   7.7390812e-01   1.0153218e-05  -7.8015423e-05
   4.7750000e-01   3.1358697e+00   1.3518619e+00   7.2090377e-02  -6.0714937e-03  -2.6013323e-01  -4.4339448e-01   2.6943427e-05   2.2341584e-05  -1.6261794e-01   8.5388005e-01   6.2524498e-06  -8.3837284e-05
   4.8000000e-01   3.2039821e+00   1.3721858e+00   7.1787947e-02  -6.0264567e-03  -2.8230293e-01  -3.0445237e-01   2.8060506e-05   9.1913080e-06  -1.1992396e-01   9.1289899e-01   2.0605885e-06  -8.7752196e-05
   4.8250000e-01   3.2730558e+00   1.3924147e+00   7.1487694e-02  -5.9795478e-03  -2.9752554e-01  -1.5790126e-01   2.8520071e-05  -4.6420167e-06  -7.4279046e-02   9.4947811e-01  -2.3270182e-06  -8.9593537e-05
   4.8500000e-01   3.3431379e+00   1.4125234e+00   7.1189830e-02  -5.9306140e-03  -3.0542060e-01  -7.3414657e-03   2.8287970e-05  -1.8829807e-05  -2.6805174e-02   9.6268001e-01  -6.8066919e-06  -8.9242316e-05
   4.8750000e-01   3.4142023e+00   1.4324930e+00   7.0894405e-02  -5.8796426e-03  -3.0578767e-01   1.4351915e-01   2.7346480e-05  -3.3022661e-05   2.1328793e-02   9.5214158e-01  -1.1268805e-05  -8.6631862e-05
   4.9000000e-01   3.4863284e+00   1.4522854e+00   7.0601759e-02  -5.8263881e-03  -2.9861172e-01   2.9095649e-01   2.5695349e-05  -4.6859233e-05   6.8935838e-02   9.1808473e-01  -1.5600395e-05  -8.1751380e-05
   4.9250000e-01   3.5594923e+00   1.4718740e+00   7.0311985e-02  -5.7708107e-03  -2.8406391e-01   4.3132190e-01   2.3352389e-05  -5.9974706e-05   1.1484004e-01   8.6131286e-01  -1.9687961e-05  -7.4648146e-05
   4.9500000e-01   3.6335913e+00   1.4912529e+00   7.0024939e-02  -5.7130612e-03  -2.6249783e-01   5.6113237e-01   2.0353655e-05  -7.2009857e-05   1.5790566e-01   7.8319298e-01  -2.3420365e-05  -6.5428579e-05
   4.9750000e-01   3.7086500e+00   1.5103905e+00   6.9740831e-02  -5.6530031e-03  -2.3444123e-01   6.7715757e-01   1.6753165e-05  -8.2621257e-05   1.9706528e-01   6.8562374e-01  -2.6691792e-05  -5.4257371e-05
   5.0000000e-01   3.7846507e+00   1.5292624e+00   6.9459760e-02  -5.5905922e-03  -2.0058337e-01   7.7650051e-01   1.2622105e-05  -9.1490605e-05   2.3134644e-01   5.7099020e-01  -2.9404659e-05  -4.1355273e-05
   5.0250000e-01   3.8615796e+00   1.5478428e+00   6.9181843e-02  -5.5257716e-03  -1.6175838e-01   8.5667050e-01   8.0475780e-06  -9.8333947e-05   2.5989593e-01   4.4210640e-01  -3.1472421e-05  -2.6995234e-05
   5.0500000e-01   3.9394179e+00   1.5661065e+00   6.8907183e-02  -5.4584958e-03  -1.1892488e-01   9.1564626e-01   3.1308841e-06  -1.0291028e-04   2.8200123e-01   3.0214697e-01  -3.2822182e-05  -1.1497064e-05
   5.0750000e-01   4.0181623e+00   1.5840212e+00   6.8635955e-02  -5.3886700e-03  -7.3142600e-02   9.5192771e-01  -2.0146262e-06  -1.0502935e-04   2.9710857e-01   1.5456957e-01  -3.3397034e-05   4.7794356e-06
   5.1000000e-01   4.0977891e+00   1.6015604e+00   6.8368262e-02  -5.3162523e-03  -2.5546248e-02   9.6457497e-01  -7.2660898e-06  -1.0455828e-04   3.0483704e-01   3.0299776e-03  -3.3158063e-05   2.1442472e-05
   5.1250000e-01   4.1782789e+00   1.6186952e+00   6.8104235e-02  -5.2411843e-03   2.2682467e-02   9.5323370e-01  -1.2494000e-05  -1.0142702e-04   3.0498854e-01  -1.4870815e-01  -3.2085940e-05   3.8077488e-05
   5.1500000e-01   4.2596088e+00   1.6353974e+00   6.7843995e-02  -5.1634159e-03   7.0344118e-02   9.1814588e-01  -1.7565348e-05  -9.5632233e-05   2.9755314e-01  -2.9686658e-01  -3.0182067e-05   5.4257270e-05
   5.1750000e-01   4.3417782e+00   1.6516232e+00   6.7587787e-02  -5.0828122e-03   1.1625138e-01   8.6014587e-01  -2.2346956e-05  -8.7239529e-05   2.8270982e-01  -4.3774663e-01  -2.7469205e-05   6.9552866e-05
   5.2000000e-01   4.4247462e+00   1.6673500e+00   6.7335676e-02  -4.9993684e-03   1.5925864e-01   7.8064167e-01  -2.6708929e-05  -7.6384039e-05   2.6082251e-01  -5.6782155e-01  -2.3991564e-05   8.3544582e-05
   5.2250000e-01   4.5084873e+00   1.6825458e+00   6.7087804e-02  -4.9130259e-03   1.9829070e-01   6.8158176e-01  -3.0528129e-05  -6.3269095e-05   2.3243145e-01  -6.8382523e-01  -1.9814338e-05   9.5833395e-05
   5.2500000e-01   4.5929740e+00   1.6971783e+00   6.6844318e-02  -4.8237274e-03   2.3236976e-01   5.6540836e-01  -3.3691581e-05  -4.8163065e-05   1.9824021e-01  -7.8283464e-01  -1.5022672e-05   1.0605209e-04
   5.2750000e-01   4.6781842e+00   1.7112076e+00   6.6605415e-02  -4.7313833e-03   2.6064016e-01   4.3499804e-01  -3.6099733e-05  -3.1394327e-05   1.5909851e-01  -8.6234419e-01  -9.7200709e-06   1.1387597e-04
   5.3000000e-01   4.7640803e+00   1.7246056e+00   6.6371205e-02  -4.6359644e-03   2.8239005e-01   2.9359132e-01  -3.7669448e-05  -1.3344578e-05   1.1598133e-01  -9.2032985e-01  -4.0262762e-06   1.1903264e-04
   5.3250000e-01   4.8506299e+00   1.7373379e+00   6.6141843e-02  -4.5374141e-03   2.9706960e-01   1.4471275e-01  -3.8336676e-05   5.5595773e-06   6.9964867e-02  -9.5530161e-01   1.9253518e-06   1.2131086e-04
   5.3500000e-01   4.9377988e+00   1.7493697e+00   6.5917488e-02  -4.4356768e-03   3.0430524e-01  -7.9164377e-03  -3.8058698e-05   2.4856469e-05   2.2199820e-02  -9.6634269e-01   7.9908907e-06   1.2056800e-04
   5.3750000e-01   5.0255518e+00   1.7606651e+00   6.5698306e-02  -4.3306935e-03   3.0390942e-01  -1.6047105e-01  -3.6815875e-05   4.4060457e-05  -2.6117280e-02  -9.5313464e-01   1.4019286e-05   1.1673585e-04
   5.4000000e-01   5.1138522e+00   1.7711864e+00   6.5484474e-02  -4.2224030e-03   2.9588587e-01  -3.0911765e-01  -3.4612854e-05   6.2674008e-05  -7.3773979e-02  -9.1596745e-01   1.9856075e-05   1.0982474e-04
   5.4250000e-01   5.2026586e+00   1.7809002e+00   6.5276140e-02  -4.1107630e-03   2.8043000e-01  -4.5011090e-01  -3.1479156e-05   8.0200427e-05  -1.1957232e-01  -8.5573445e-01   2.5347307e-05   9.9925568e-05
   5.4500000e-01   5.2919297e+00   1.7897700e+00   6.5073473e-02  -3.9957225e-03   2.5792447e-01  -5.7988818e-01  -2.7469137e-05   9.6157005e-05  -1.6235901e-01  -7.7391198e-01   3.0343582e-05   8.7209844e-05
   5.4750000e-01   5.3816281e+00   1.7977457e+00   6.4876734e-02  -3.8771791e-03   2.2893008e-01  -6.9516002e-01  -2.2661290e-05   1.1008820e-04  -2.0105458e-01  -6.7252430e-01   3.4704072e-05   7.1927478e-05
   5.5000000e-01   5.4717014e+00   1.8048040e+00   6.4686005e-02  -3.7551396e-03   1.9417210e-01  -7.9299399e-01  -1.7156884e-05   1.2157838e-04  -2.3468077e-01  -5.5409453e-01   3.8300443e-05   5.4402551e-05
   5.5250000e-01   5.5621026e+00   1.8109077e+00   6.4501462e-02  -3.6295570e-03   1.5452243e-01  -8.7089001e-01  -1.1077969e-05   1.3026400e-04  -2.6238548e-01  -4.2158274e-01   4.1020569e-05   3.5026878e-05
   5.5500000e-01   5.6527834e+00   1.8160196e+00   6.4323282e-02  -3.5003864e-03   1.1097796e-01  -9.2684516e-01  -4.5647736e-06   1.3584469e-04  -2.8346460e-01  -2.7831278e-01   4.2771911e-05   1.4251593e-05
   5.5750000e-01   5.7436913e+00   1.8201140e+00   6.4151574e-02  -3.3676250e-03   6.4635736e-02  -9.5940607e-01   2.2274563e-06   1.3809304e-04  -2.9738023e-01  -1.2788949e-01   4.3484490e-05  -7.4230586e-06
   5.6000000e-01   5.8347775e+00   1.8231396e+00   6.3986608e-02  -3.2311820e-03   1.6665466e-02  -9.6770774e-01   9.1321035e-06   1.3686263e-04  -3.0377470e-01   2.5891509e-02   4.3113338e-05  -2.9459642e-05
   5.6250000e-01   5.9259874e+00   1.8250607e+00   6.3828557e-02  -3.0910255e-03  -3.1719887e-02  -9.5149762e-01   1.5975230e-05   1.3209418e-04  -3.0248013e-01   1.7913935e-01   4.1640357e-05  -5.1296670e-05
   5.6500000e-01   6.0172648e+00   1.8258397e+00   6.3677607e-02  -2.9471189e-03  -7.9294735e-02  -9.1114421e-01   2.2579934e-05   1.2381953e-04  -2.9352317e-01   3.2796621e-01   3.9075525e-05  -7.2362808e-05
   5.6750000e-01   6.1085532e+00   1.8254856e+00   6.3533663e-02  -2.7995745e-03  -1.2485191e-01  -8.4762999e-01   2.8770906e-05   1.1216334e-04  -2.7712487e-01   4.6858605e-01   3.5457387e-05  -9.2091647e-05
   5.7000000e-01   6.1997956e+00   1.8239161e+00   6.3397192e-02  -2.6482130e-03  -1.6723338e-01  -7.6252870e-01   3.4379069e-05   9.7342213e-05  -2.5369558e-01   5.9741125e-01   3.0852808e-05  -1.0993705e-04
   5.7250000e-01   6.2909194e+00   1.8210142e+00   6.3268874e-02  -2.4927666e-03  -2.0535979e-01  -6.5796736e-01   3.9246176e-05   7.9661394e-05  -2.2382504e-01   7.1114461e-01   2.5355959e-05  -1.2538818e-04
   5.7500000e-01   6.3818656e+00   1.8168251e+00   6.3148398e-02  -2.3334654e-03  -2.3825814e-01  -5.3657429e-01   4.3229243e-05   5.9509184e-05  -1.8826784e-01   8.0686430e-01   1.9086555e-05  -1.3798370e-04
   5.7750000e-01   6.4725669e+00   1.8113033e+00   6.3036013e-02  -2.1702612e-03  -2.6508683e-01  -4.0141385e-01   4.6204700e-05   3.7348760e-05  -1.4792465e-01   8.8209969e-01   1.2187375e-05  -1.4732550e-04
   5.8000000e-01   6.5629638e+00   1.8044430e+00   6.2931732e-02  -2.0032208e-03  -2.8515751e-01  -2.5590989e-01   4.8072137e-05   1.3707891e-05  -1.0381970e-01   9.3489611e-01   4.8211047e-06  -1.5309094e-04
   5.8250000e-01   6.6529906e+00   1.7962105e+00   6.2835741e-02  -1.8323301e-03  -2.9795300e-01  -1.0375965e-01   4.8757531e-05  -1.0833453e-05  -5.7074923e-02   9.6386663e-01  -2.8334369e-06  -1.5504335e-04
   5.8500000e-01   6.7425872e+00   1.7865929e+00   6.2748105e-02  -1.6576329e-03  -3.0314097e-01   5.1159827e-02   4.8215859e-05  -3.5657147e-05  -8.8816250e-03   9.6822961e-01  -1.0585599e-05  -1.5304056e-04
   5.8750000e-01   6.8316538e+00   1.7754732e+00   6.2669519e-02  -1.4788965e-03  -3.0058298e-01   2.0489024e-01   4.6433003e-05  -6.0122496e-05   3.9529822e-02   9.4783091e-01  -1.8237621e-05  -1.4704109e-04
   5.9000000e-01   6.9200863e+00   1.7627556e+00   6.2600555e-02  -1.2959620e-03  -2.9033848e-01   3.5349313e-01   4.3426880e-05  -8.3582656e-05   8.6921334e-02   9.0315011e-01  -2.5589671e-05  -1.3710776e-04
   5.9250000e-01   7.0078700e+00   1.7485604e+00   6.2540490e-02  -1.1092313e-03  -2.7266384e-01   4.9315082e-01   3.9247750e-05  -1.0540150e-04   1.3207881e-01   8.3529057e-01  -3.2445054e-05  -1.2340866e-04
   5.9500000e-01   7.0949320e+00   1.7328532e+00   6.2489537e-02  -9.1869547e-04  -2.4800631e-01   6.2026492e-01   3.3977679e-05  -1.2497100e-04   1.7384331e-01   7.4595340e-01  -3.8615483e-05  -1.0621530e-04
   5.9750000e-01   7.1811834e+00   1.7155760e+00   6.2448057e-02  -7.2429199e-04  -2.1699309e-01   7.3154959e-01   2.7729133e-05  -1.4172816e-04   2.1114095e-01   6.3739592e-01  -4.3926245e-05  -8.5897907e-05
   6.0000000e-01   7.2664448e+00   1.6965264e+00   6.2417292e-02  -5.2562277e-04  -1.8041563e-01   8.2411720e-01   2.0642731e-05  -1.5517110e-04   2.4301072e-01   5.1237562e-01  -4.8221137e-05  -6.2917866e-05
   6.0250000e-01   7.3507574e+00   1.6758960e+00   6.2396109e-02  -3.2323763e-04  -1.3920980e-01   8.9555403e-01   1.2884181e-05  -1.6487384e-04   2.6862949e-01   3.7408109e-01  -5.1367028e-05  -3.7817810e-05
   6.0500000e-01   7.4340584e+00   1.6536780e+00   6.2384576e-02  -1.1719817e-04  -9.4432133e-02   9.4398424e-01   4.6404951e-06  -1.7049958e-04   2.8733353e-01   2.2605139e-01  -5.3257917e-05  -1.1208961e-05
   6.0750000e-01   7.5161107e+00   1.6296194e+00   6.2384275e-02   9.2978014e-05  -4.7232954e-02   9.6812025e-01  -3.8844777e-06  -1.7181181e-04   2.9863609e-01   7.2086023e-02  -5.3818365e-05   1.6243615e-05
   6.1000000e-01   7.5969335e+00   1.6038539e+00   6.2394438e-02   3.0689743e-04   1.1730245e-03   9.6729809e-01  -1.2475062e-05  -1.6868298e-04   3.0224039e-01  -8.3852157e-02  -5.3006185e-05   4.3837431e-05
   6.1250000e-01   7.6765147e+00   1.5764522e+00   6.2414678e-02   5.2432331e-04   4.9537895e-02   9.4149684e-01  -2.0909205e-05  -1.6110049e-04   2.9804778e-01  -2.3773880e-01  -5.0814315e-05   7.0850554e-05
   6.1500000e-01   7.7545621e+00   1.5471355e+00   6.2446785e-02   7.4575032e-04   9.6612704e-02   8.9134154e-01  -2.8964224e-05  -1.4916966e-04   2.8616085e-01  -3.8559194e-01  -4.7271789e-05   9.6560468e-05
   6.1750000e-01   7.8311393e+00   1.5160762e+00   6.2489764e-02   9.7072397e-04   1.4117975e-01   8.1808929e-01  -3.6422702e-05  -1.3311361e-04   2.6688127e-01  -5.2357526e-01  -4.2443769e-05   1.2026346e-04
   6.2000000e-01   7.9062183e+00   1.4833220e+00   6.2543388e-02   1.1990614e-03   1.8208419e-01   7.2359904e-01  -4.3078378e-05  -1.1326999e-04   2.4070252e-01  -6.4809810e-01  -3.6430601e-05   1.4129395e-04
   6.2250000e-01   7.9794281e+00   1.4485545e+00   6.2609765e-02   1.4312832e-03   2.1826411e-01   6.1028547e-01  -4.8741873e-05  -9.0084499e-05   2.0829764e-01  -7.5590943e-01  -2.9365908e-05   1.5904307e-04
   6.2500000e-01   8.0509949e+00   1.4121002e+00   6.2686927e-02   1.6666652e-03   2.4877836e-01   4.8105830e-01  -5.3246095e-05  -6.4101238e-05   1.7050220e-01  -8.4418365e-01  -2.1413761e-05   1.7297655e-04
   6.2750000e-01   8.1206389e+00   1.3737584e+00   6.2776275e-02   1.9054810e-03   2.7283126e-01   3.3924842e-01  -5.6451154e-05  -3.5950364e-05   1.2829304e-01  -9.1059550e-01  -1.2764939e-05   1.8265053e-04
   6.3000000e-01   8.1883011e+00   1.3335564e+00   6.2877763e-02   2.1475759e-03   2.8979367e-01   1.8852271e-01  -5.8248671e-05  -6.3329369e-06   8.2763301e-02  -9.5338241e-01  -3.6324190e-06   1.8772562e-04
   6.3250000e-01   8.2540336e+00   1.2916211e+00   6.2990695e-02   2.3926275e-03   2.9921980e-01   3.2789640e-02  -5.8565318e-05   2.3996541e-05   3.5094214e-02  -9.7139247e-01   5.7538556e-06   1.8797829e-04
   6.3500000e-01   8.3174148e+00   1.2476665e+00   6.3117139e-02   2.6410019e-03   3.0085928e-01  -1.2390163e-01  -5.7365492e-05   5.4248970e-05  -1.3475375e-02  -9.6411658e-01   1.5152763e-05   1.8330933e-04
   6.3750000e-01   8.3787572e+00   1.2020374e+00   6.3254948e-02   2.8920275e-03   2.9466420e-01  -2.7746674e-01  -5.4653045e-05   8.3621859e-05  -6.1681171e-02  -9.3170410e-01   2.4318223e-05   1.7374927e-04
   6.4000000e-01   8.4375980e+00   1.1544428e+00   6.3406306e-02   3.1460402e-03   2.8079088e-01  -4.2389246e-01  -5.0471955e-05   1.1132006e-04  -1.0826634e-01  -8.7496126e-01   3.3005681e-05   1.5946030e-04
   6.4250000e-01   8.4941218e+00   1.1051068e+00   6.3569871e-02   3.4025837e-03   2.5959627e-01  -5.5934219e-01  -4.4905956e-05   1.3657808e-04  -1.5201438e-01  -7.9533233e-01   4.0978690e-05   1.4073449e-04
   6.4500000e-01   8.5481168e+00   1.0539542e+00   6.3746407e-02   3.6616413e-03   2.3162918e-01  -6.8025690e-01  -3.8077057e-05   1.5868105e-04  -1.9178096e-01  -6.9486409e-01   4.8015410e-05   1.1798867e-04
   6.4750000e-01   8.5994492e+00   1.0009733e+00   6.3936257e-02   3.9230967e-03   1.9761636e-01  -7.8344943e-01  -3.0143010e-05   1.7698530e-04  -2.2652414e-01  -5.7615428e-01   5.3914839e-05   9.1755630e-05
   6.5000000e-01   8.6482593e+00   9.4633880e-01   6.4138410e-02   4.1865939e-03   1.5844391e-01  -8.6618955e-01  -2.1293751e-05   1.9093749e-04  -2.5533184e-01  -4.4228515e-01   5.8502617e-05   6.2671751e-05
   6.5250000e-01   8.6940292e+00   8.8980486e-01   6.4355036e-02   4.4522787e-03   1.1513447e-01  -9.2627696e-01  -1.1746884e-05   2.0009096e-04  -2.7744608e-01  -2.9674452e-01   6.1636203e-05   3.1462327e-05
   6.5500000e-01   8.7371686e+00   8.3170709e-01   6.4583894e-02   4.7196248e-03   6.8820651e-02  -9.6210133e-01  -1.7423426e-06   2.0412069e-04  -2.9228330e-01  -1.4333491e-01   6.3209318e-05  -1.0774470e-06
   6.5750000e-01   8.7772016e+00   7.7185324e-01   6.4826874e-02   4.9886710e-03   2.0715619e-02  -9.7268638e-01   8.4636846e-06   2.0283396e-04  -2.9945004e-01   1.3925013e-02   6.3155446e-05  -3.4101818e-05
   6.6000000e-01   8.8142228e+00   7.1038459e-01   6.5083248e-02   5.2591130e-03  -2.7918666e-02  -9.5771787e-01   1.8605375e-05   1.9617847e-04  -2.9875379e-01   1.7090594e-01   6.1450356e-05  -6.6737376e-05
   6.6250000e-01   8.8483465e+00   6.4744141e-01   6.5352248e-02   5.5306715e-03  -7.5804526e-02  -9.1755399e-01   2.8414292e-05   1.8424620e-04  -2.9020849e-01   3.2347656e-01   5.8113489e-05  -9.8106527e-05
   6.6500000e-01   8.8789376e+00   5.8280463e-01   6.5636314e-02   5.8032944e-03  -1.2168219e-01  -8.5321820e-01   3.7626596e-05   1.6727382e-04  -2.7403468e-01   4.6761209e-01   5.3208166e-05  -1.2735040e-04
   6.6750000e-01   8.9063969e+00   5.1675820e-01   6.5933459e-02   6.0766003e-03  -1.6434307e-01  -7.6637413e-01   4.5990281e-05   1.4563846e-04  -2.5065409e-01   5.9950179e-01   4.6840651e-05  -1.5365435e-04
   6.7000000e-01   8.9306798e+00   4.4936514e-01   6.6243629e-02   6.3503641e-03  -2.0266175e-01  -6.5928359e-01   5.3272199e-05   1.1984984e-04  -2.2067902e-01   7.1565011e-01   3.9157939e-05  -1.7627045e-04
   6.7250000e-01   8.9514510e+00   3.8058151e-01   6.6567925e-02   6.6243575e-03  -2.3562591e-01  -5.3474867e-01   5.9264687e-05   9.0538890e-05  -1.8489654e-01   8.1297012e-01   3.0344423e-05  -1.9453894e-04
   6.7500000e-01   8.9686158e+00   3.1047426e-01   6.6906450e-02   6.8982932e-03  -2.6236332e-01  -3.9603902e-01   6.3791628e-05   5.8442229e-05  -1.4424806e-01   8.8886675e-01   2.0617483e-05  -2.0790835e-04
   6.7750000e-01   8.9825090e+00   2.3925693e-01   6.7257651e-02   7.1719230e-03  -2.8216526e-01  -2.4680604e-01   6.6713738e-05   2.4382812e-05  -9.9804757e-02   9.4130735e-01   1.0222072e-05  -2.1595291e-04
   6.8000000e-01   8.9925869e+00   1.6685313e-01   6.7623372e-02   7.4448943e-03  -2.9450555e-01  -9.0987737e-02   6.7932877e-05  -1.0750111e-05  -5.2739423e-02   9.6887689e-01  -5.7556529e-07  -2.1838564e-04
   6.8250000e-01   8.9991130e+00   9.3446281e-02   6.8002371e-02   7.7169702e-03  -2.9905494e-01   6.7295964e-02   6.7395372e-05  -4.6025996e-05  -4.2956125e-03   9.7081772e-01  -1.1494840e-05  -2.1506916e-04
   6.8500000e-01   9.0019442e+00   1.9103598e-02   6.8394943e-02   7.9878156e-03  -2.9569014e-01   2.2385200e-01   6.5094074e-05  -8.0497565e-05   4.4245239e-02   9.4705130e-01  -2.2248290e-05  -2.0602148e-04
   6.8750000e-01   9.0010020e+00  -5.6088443e-02   6.8801150e-02   8.2571094e-03  -2.8449755e-01   3.7452577e-01   6.1069199e-05  -1.1322710e-04   9.1597771e-02   8.9818224e-01  -3.2549356e-05  -1.9141795e-04
   6.9000000e-01   8.9963318e+00  -1.3200632e-01   6.9220595e-02   8.5245566e-03  -2.6577127e-01   5.1531220e-01   5.5407848e-05  -1.4331300e-04   1.3650685e-01   8.2548379e-01  -4.2120247e-05  -1.7158854e-04
   6.9250000e-01   8.9878001e+00  -2.0856501e-01   6.9653534e-02   8.7897839e-03  -2.4000568e-01   6.4246284e-01   4.8242203e-05  -1.6991520e-04   1.7778101e-01   7.3086561e-01  -5.0699669e-05  -1.4701086e-04
   6.9500000e-01   8.9754529e+00  -2.8563647e-01   7.0099579e-02   9.0524847e-03  -2.0788256e-01   7.5258678e-01   3.9746449e-05  -1.9227990e-04   2.1432427e-01   6.1682414e-01  -5.8050207e-05  -1.1829859e-04
   6.9750000e-01   8.9592575e+00  -3.6311195e-01   7.0558640e-02   9.3123247e-03  -1.7025325e-01   8.4274210e-01   3.0132460e-05  -2.0976166e-04   2.4516545e-01   4.8637716e-01  -6.3965132e-05  -8.6186057e-05
   7.0000000e-01   8.9391124e+00  -4.4087210e-01   7.1030836e-02   9.5688688e-03  -1.2811618e-01   9.1051553e-01   1.9644385e-05  -2.2184286e-04   2.6948429e-01   3.4298425e-01  -6.8274432e-05  -5.1509180e-05
   7.0250000e-01   8.9151807e+00  -5.1878912e-01   7.1515430e-02   9.8219320e-03  -8.2590431e-02   9.5408826e-01   8.5522492e-06  -2.2815009e-04   2.8663349e-01   1.9045469e-01  -7.0849889e-05  -1.5182563e-05
   7.0500000e-01   8.8872285e+00  -5.9673593e-01   7.2012971e-02   1.0070920e-02  -3.4886052e-02   9.7228568e-01  -2.8552471e-06  -2.2846588e-04   2.9615622e-01   3.2846407e-02  -7.1609017e-05   2.1824637e-05
   7.0750000e-01   8.8555014e+00  -6.7458831e-01   7.2522479e-02   1.0315743e-02   1.3728198e-02   9.6461015e-01  -1.4278533e-05  -2.2273685e-04   2.9779854e-01  -1.2564298e-01  -7.0517786e-05   5.8516670e-05
   7.1000000e-01   8.8197775e+00  -7.5219890e-01   7.3044449e-02   1.0555761e-02   6.1958672e-02   9.3125534e-01  -2.5415368e-05  -2.1107663e-04   2.9151640e-01  -2.8078810e-01  -6.7591954e-05   9.3898042e-05
   7.1250000e-01   8.7802612e+00  -8.2945009e-01   7.3578056e-02   1.0790857e-02   1.0852141e-01   8.7310200e-01  -3.5969192e-05  -1.9376411e-04   2.7747700e-01  -4.2844984e-01  -6.2897055e-05   1.2700286e-04
   7.1500000e-01   8.7368982e+00  -9.0619470e-01   7.4123271e-02   1.1020565e-02   1.5217648e-01   7.9169525e-01  -4.5657391e-05  -1.7123698e-04   2.5605452e-01  -5.6468637e-01  -5.6546917e-05   1.5692189e-04
   7.1750000e-01   8.6895480e+00  -9.8226433e-01   7.4680317e-02   1.1244266e-02   1.9176121e-01   6.8920381e-01  -5.4219234e-05  -1.4408068e-04   2.2782023e-01  -6.8585936e-01  -4.8700828e-05   1.8282876e-04
   7.2000000e-01   8.6386669e+00  -1.0576012e+00   7.5247663e-02   1.1462268e-02   2.2622138e-01   5.6836176e-01  -6.1423263e-05  -1.1301169e-04   1.9352728e-01  -7.8873278e-01  -3.9559396e-05   2.0400541e-04
   7.2250000e-01   8.5838822e+00  -1.1319737e+00   7.5826200e-02   1.1673533e-02   2.5463944e-01   4.3239608e-01  -6.7073843e-05  -7.8859302e-05   1.5409067e-01  -8.7055951e-01  -2.9359133e-05   2.1986147e-04
   7.2500000e-01   8.5255853e+00  -1.2053390e+00   7.6414635e-02   1.1878341e-02   2.7625923e-01   2.8493919e-01  -7.1016805e-05  -4.2540900e-05   1.1056273e-01  -9.2915627e-01  -1.8366067e-05   2.2995334e-04
   7.2750000e-01   8.4633816e+00  -1.2774096e+00   7.7013865e-02   1.2075467e-02   2.9050618e-01   1.2993227e-01  -7.3143849e-05  -5.0379927e-06   6.4104945e-02  -9.6296216e-01  -6.8684081e-06   2.3399639e-04
   7.3000000e-01   8.3977954e+00  -1.3482054e+00   7.7622258e-02   1.2265502e-02   2.9700279e-01  -2.8482226e-02  -7.3395748e-05   3.2634256e-05   1.5956871e-02  -9.7108137e-01   4.8314030e-06   2.3187471e-04
   7.3250000e-01   8.3286607e+00  -1.4175086e+00   7.8240083e-02   1.2447649e-02   2.9557868e-01  -1.8607124e-01  -7.1764037e-05   6.9454172e-05  -3.2597163e-02  -9.5330694e-01   1.6425130e-05   2.2364427e-04
   7.3500000e-01   8.2560225e+00  -1.4851588e+00   7.8867011e-02   1.2621487e-02   2.8627513e-01  -3.3862561e-01  -6.8291330e-05   1.0442358e-04  -8.0262477e-02  -9.1012636e-01   2.7607336e-05   2.0953182e-04
   7.3750000e-01   8.1801524e+00  -1.5511228e+00   7.9502151e-02   1.2787189e-02   2.6934386e-01  -4.8207392e-01  -6.3070155e-05   1.3659730e-04  -1.2576876e-01  -8.4270800e-01   3.8083920e-05   1.8992830e-04
   7.4000000e-01   8.1010433e+00  -1.6152326e+00   8.0145333e-02   1.2944253e-02   2.4524018e-01  -6.1259175e-01  -5.6240295e-05   1.6510954e-04  -1.6790413e-01  -7.5286920e-01   4.7580328e-05   1.6537765e-04
   7.4250000e-01   8.0186368e+00  -1.6772594e+00   8.0796479e-02   1.3091943e-02   2.1461061e-01  -7.2670460e-01  -4.7984824e-05   1.8919873e-04  -2.0554757e-01  -6.4302685e-01   5.5849204e-05   1.3656124e-04
   7.4500000e-01   7.9332685e+00  -1.7372357e+00   8.1454575e-02   1.3230678e-02   1.7827541e-01  -8.2138166e-01  -3.8524894e-05   2.0823037e-04  -2.3769889e-01  -5.1613115e-01   6.2677262e-05   1.0427706e-04
   7.4750000e-01   7.8450380e+00  -1.7950618e+00   8.2119195e-02   1.3360251e-02   1.3720635e-01  -8.9411661e-01  -2.8113383e-05   2.2171428e-04  -2.6350543e-01  -3.7558550e-01   6.7891111e-05   6.9416600e-05
   7.5000000e-01   7.7538286e+00  -1.8504447e+00   8.2790367e-02   1.3479665e-02   9.2500555e-02  -9.4299417e-01  -1.7027677e-05   2.2931785e-04  -2.8228469e-01  -2.2515451e-01   7.1361939e-05   3.2939434e-05
   7.5250000e-01   7.6599382e+00  -1.9034236e+00   8.3467201e-02   1.3589309e-02   4.5350879e-02  -9.6674100e-01  -5.5617926e-06   2.3087567e-04  -2.9354241e-01  -6.8861191e-02   7.3008909e-05  -4.1562170e-06
   7.5500000e-01   7.5635525e+00  -1.9539815e+00   8.4149089e-02   1.3689293e-02  -2.9861365e-03  -9.6475847e-01   5.9819825e-06   2.2639281e-04  -2.9698546e-01   8.9121749e-02   7.2801099e-05  -4.0862437e-05
   7.5750000e-01   7.4646141e+00  -2.0018481e+00   8.4835893e-02   1.3778727e-02  -5.1224026e-02  -9.3713723e-01   1.7301615e-05   2.1604346e-04  -2.9252938e-01   2.4458409e-01   7.0757978e-05  -7.6189944e-05
   7.6000000e-01   7.3633524e+00  -2.0470380e+00   8.5526898e-02   1.3857848e-02  -9.8080855e-02  -8.8465306e-01   2.8103781e-05   2.0016449e-04  -2.8030018e-01   3.9339201e-01   6.6948484e-05  -1.0919775e-04
   7.6250000e-01   7.2600177e+00  -2.0896449e+00   8.6221414e-02   1.3927150e-02  -1.4231348e-01  -8.0874393e-01   3.8111999e-05   1.7924383e-04  -2.6063060e-01   5.3159904e-01   6.1488600e-05  -1.3902007e-04
   7.6500000e-01   7.1544212e+00  -2.1291639e+00   8.6919426e-02   1.3984880e-02  -1.8275064e-01  -7.1146983e-01   4.7074184e-05   1.5390554e-04  -2.3405066e-01   6.5555067e-01   5.4537601e-05  -1.6488903e-04
   7.6750000e-01   7.0470945e+00  -2.1660999e+00   8.7619833e-02   1.4033048e-02  -2.1832411e-01  -5.9545465e-01   5.4769455e-05   1.2488858e-04  -2.0127315e-01   7.6198281e-01   4.6293156e-05  -1.8615838e-04
   7.7000000e-01   6.9378865e+00  -2.1999587e+00   8.8322498e-02   1.4069948e-02  -2.4809682e-01  -4.6381472e-01   6.1013880e-05   9.3025498e-05  -1.6317404e-01   8.4810671e-01   3.6985243e-05  -2.0231833e-04
   7.7250000e-01   6.8271393e+00  -2.2310484e+00   8.9026679e-02   1.4096810e-02  -2.7128754e-01  -3.2007270e-01   6.5665152e-05   5.9215495e-05  -1.2076873e-01   9.1168269e-01   2.6869334e-05  -2.1300996e-04
   7.7500000e-01   6.7148356e+00  -2.2590261e+00   8.9731975e-02   1.4112495e-02  -2.8729117e-01  -1.6806240e-01   6.8625924e-05   2.4398622e-05  -7.5184630e-02   9.5107739e-01   1.6218843e-05  -2.1803236e-04
   7.7750000e-01   6.6013036e+00  -2.2842762e+00   9.0437780e-02   1.4118462e-02  -2.9569428e-01  -1.1824236e-02   6.9845855e-05  -1.0473660e-05  -2.7630794e-02   9.6530517e-01   5.3172330e-06  -2.1734651e-04
   7.8000000e-01   6.4864804e+00  -2.3062844e+00   9.1143599e-02   1.4112966e-02  -2.9628549e-01   1.4450255e-01   6.9322172e-05  -4.4464385e-05   2.0634430e-02   9.5405133e-01  -5.5500851e-06  -2.1107315e-04
   7.8250000e-01   6.3706831e+00  -2.3254809e+00   9.1848910e-02   1.4097597e-02  -2.8906037e-01   2.9679169e-01   6.7098954e-05  -7.6679872e-05   6.8336963e-02   9.1767746e-01  -1.6103735e-05  -1.9948646e-04
   7.8500000e-01   6.2540115e+00  -2.3417849e+00   9.2553233e-02   1.4072126e-02  -2.7422080e-01   4.4103906e-01   6.3264963e-05  -1.0629363e-04   1.1422080e-01   8.5720849e-01  -2.6078051e-05  -1.8300294e-04
   7.8750000e-01   6.1365579e+00  -2.3549819e+00   9.3255915e-02   1.4035865e-02  -2.5216886e-01   5.7346845e-01   5.7950286e-05  -1.3256878e-04   1.5708120e-01   7.7430209e-01  -3.5228192e-05  -1.6216659e-04
   7.9000000e-01   6.0185381e+00  -2.3653844e+00   9.3956602e-02   1.3989941e-02  -2.2349546e-01   6.9063091e-01   5.1321851e-05  -1.5487803e-04   1.9579628e-01   6.7120127e-01  -4.3336516e-05  -1.3762998e-04
   7.9250000e-01   5.9000778e+00  -2.3730114e+00   9.4654836e-02   1.3934457e-02  -1.8896393e-01   7.8949403e-01   4.3577955e-05  -1.7271877e-04   2.2935632e-01   5.5067174e-01  -5.0218010e-05  -1.1013305e-04
   7.9500000e-01   5.7812930e+00  -2.3776790e+00   9.5349885e-02   1.3868812e-02  -1.4948926e-01   8.6751978e-01   3.4942023e-05  -1.8572437e-04   2.5688988e-01   4.1592591e-01  -5.5724659e-05  -8.0479778e-05
   7.9750000e-01   5.6623485e+00  -2.3796251e+00   9.6041446e-02   1.3793848e-02  -1.0611330e-01   9.2272872e-01   2.5655811e-05  -1.9367156e-04   2.7768616e-01   2.7053532e-01  -5.9748645e-05  -4.9513048e-05
   8.0000000e-01   5.5433726e+00  -2.3789578e+00   9.6729156e-02   1.3709952e-02  -5.9976898e-02   9.5374867e-01   1.5972240e-05  -1.9648281e-04   2.9121292e-01   1.1833443e-01  -6.2224296e-05  -1.8089520e-05
   8.0250000e-01   5.4244966e+00  -2.3756154e+00   9.7412370e-02   1.3616927e-02  -1.2289499e-02   9.5984706e-01   6.1481062e-06  -1.9422444e-04   2.9712964e-01  -3.6681815e-02  -6.3128771e-05   1.2945298e-05
   8.0500000e-01   5.3058606e+00  -2.3696696e+00   9.8090597e-02   1.3515023e-02   3.5702821e-02   9.4094609e-01  -3.5631091e-06  -1.8710056e-04   2.9529555e-01  -1.9046394e-01  -6.2481506e-05   4.2781083e-05
   8.0750000e-01   5.1875681e+00  -2.3613480e+00   9.8763729e-02   1.3405018e-02   8.2750092e-02   8.9762049e-01  -1.2918131e-05  -1.7544301e-04   2.8577236e-01  -3.3901429e-01  -6.0342454e-05   7.0664748e-05
   8.1000000e-01   5.0697607e+00  -2.3505891e+00   9.9431040e-02   1.3286701e-02   1.2763108e-01   8.3107815e-01  -2.1690275e-05  -1.5969784e-04   2.6882166e-01  -4.7849125e-01  -5.6809219e-05   9.5920202e-05
   8.1250000e-01   4.9525636e+00  -2.3374961e+00   1.0009212e-01   1.3160412e-02   1.6918496e-01   7.4312434e-01  -2.9675161e-05  -1.4040886e-04   2.4489711e-01  -6.0530836e-01  -5.2013212e-05   1.1796514e-04
   8.1500000e-01   4.8360239e+00  -2.3223434e+00   1.0074714e-01   1.3027079e-02   2.0634115e-01   6.3611066e-01  -3.6695599e-05  -1.1819899e-04   2.1463171e-01  -7.1622584e-01  -4.6114959e-05   1.3632426e-04
   8.1750000e-01   4.7203748e+00  -2.3048935e+00   1.0139466e-01   1.2885871e-02   2.3814666e-01   5.1286992e-01  -4.2605544e-05  -9.3749384e-05   1.7882045e-01  -8.0843256e-01  -3.9298751e-05   1.5063950e-04
   8.2000000e-01   4.6055576e+00  -2.2856272e+00   1.0203565e-01   1.2738416e-02   2.6379014e-01   3.7663972e-01  -4.7293010e-05  -6.7778766e-05   1.3839885e-01  -8.7961550e-01  -3.1766781e-05   1.6067533e-04
   8.2250000e-01   4.4918630e+00  -2.2642631e+00   1.0266829e-01   1.2583719e-02   2.8262212e-01   2.3097527e-01  -5.0681946e-05  -4.1020616e-05   9.4418103e-02  -9.2801636e-01  -2.3733020e-05   1.6632159e-04
   8.2500000e-01   4.3791942e+00  -2.2412415e+00   1.0329366e-01   1.2423274e-02   2.9417087e-01   7.9656000e-02  -5.2732976e-05  -1.4203196e-05   4.8017318e-02  -9.5247260e-01  -1.5416946e-05   1.6759119e-04
   8.2750000e-01   4.2677452e+00  -2.2164947e+00   1.0391068e-01   1.2256815e-02   2.9815367e-01  -7.3413877e-02  -5.3443135e-05   1.1971825e-05   3.9372163e-04  -9.5244322e-01  -7.0373928e-06   1.6461537e-04
   8.3000000e-01   4.1576037e+00  -2.1901269e+00   1.0451904e-01   1.2084668e-02   2.9448298e-01  -2.2430641e-01  -5.2844544e-05   3.6847684e-05  -4.7228406e-02  -9.2801803e-01   1.1933698e-06   1.5763509e-04
   8.3250000e-01   4.0487101e+00  -2.1623938e+00   1.0511934e-01   1.1907697e-02   2.8326766e-01  -3.6917041e-01  -5.1002161e-05   5.9828459e-05  -9.3629275e-02  -8.7991074e-01   9.0751187e-06   1.4698993e-04
   8.3500000e-01   3.9413850e+00  -2.1331523e+00   1.0570976e-01   1.1725350e-02   2.6480916e-01  -5.0433020e-01  -4.8010740e-05   8.0394867e-05  -1.3762478e-01  -8.0943586e-01   1.6424610e-05   1.3310400e-04
   8.3750000e-01   3.8354330e+00  -2.1027479e+00   1.0629168e-01   1.1538816e-02   2.3959266e-01  -6.2637701e-01  -4.3991000e-05   9.8113280e-05  -1.7809655e-01  -7.1847114e-01   2.3079805e-05   1.1647122e-04
   8.4000000e-01   3.7311258e+00  -2.0711174e+00   1.0686360e-01   1.1347818e-02   2.0827384e-01  -7.3225468e-01  -3.9085339e-05   1.1264598e-04  -2.1402008e-01  -6.0940506e-01   2.8903362e-05   9.7637541e-05
   8.4250000e-01   3.6283544e+00  -2.0384790e+00   1.0742630e-01   1.1153101e-02   1.7166113e-01  -8.1933397e-01  -3.3453044e-05   1.2375478e-04  -2.4449031e-01  -4.8507286e-01   3.3785236e-05   7.7184462e-05
   8.4500000e-01   3.5272856e+00  -2.0048646e+00   1.0797890e-01   1.0954728e-02   1.3069446e-01  -8.8547651e-01  -2.7265310e-05   1.3130407e-04  -2.6874393e-01  -3.4868098e-01   3.7644456e-05   5.5710350e-05
   8.4750000e-01   3.4279022e+00  -1.9704069e+00   1.0852160e-01   1.0753137e-02   8.6420665e-02  -9.2908491e-01  -2.0700110e-05   1.3525920e-04  -2.8617797e-01  -2.0372352e-01   4.0429971e-05   3.3813784e-05
   8.5000000e-01   3.3302348e+00  -1.9352086e+00   1.0905430e-01   1.0548660e-02   3.9966452e-02  -9.4913921e-01  -1.3937155e-05   1.3568280e-04  -2.9636414e-01  -5.3891933e-02   4.2120659e-05   1.2076863e-05
   8.5250000e-01   3.2344117e+00  -1.8993274e+00   1.0957631e-01   1.0341450e-02  -7.4904753e-03  -9.4521832e-01  -7.1530201e-06   1.3272845e-04  -2.9905874e-01   9.7019686e-02   4.2724502e-05  -8.9505478e-06
   8.5500000e-01   3.1402511e+00  -1.8629250e+00   1.1008875e-01   1.0132089e-02  -5.4751358e-02  -9.1750621e-01  -5.1660201e-07   1.2663192e-04  -2.9420775e-01   2.4520979e-01   4.2276975e-05  -2.8762736e-05
   8.5750000e-01   3.0481374e+00  -1.8259929e+00   1.1058943e-01   9.9204483e-03  -1.0062664e-01  -8.6678280e-01   5.8149894e-06   1.1770026e-04  -2.8194727e-01   3.8696625e-01   4.0838839e-05  -4.6912718e-05
   8.6000000e-01   2.9577510e+00  -1.7887022e+00   1.1108023e-01   9.7071762e-03  -1.4396575e-01  -7.9440044e-01   1.1699998e-05   1.0630050e-04  -2.6259897e-01   5.1875672e-01   3.8493205e-05  -6.3017851e-05
   8.6250000e-01   2.8691657e+00  -1.7511141e+00   1.1156073e-01   9.4924569e-03  -1.8368574e-01  -7.0224603e-01   1.7015020e-05   9.2846280e-05  -2.3666116e-01   6.3731661e-01   3.5342315e-05  -7.6769009e-05
   8.6500000e-01   2.7826500e+00  -1.7132783e+00   1.1202942e-01   9.2763882e-03  -2.1879802e-01  -5.9268970e-01   2.1657331e-05   7.7783157e-05  -2.0479535e-01   7.3972888e-01   3.1503867e-05  -8.7935864e-05
   8.6750000e-01   2.6979859e+00  -1.6753000e+00   1.1248753e-01   9.0593776e-03  -2.4843248e-01  -4.6852338e-01   2.5546486e-05   6.1576448e-05  -1.6780893e-01   8.2349310e-01   2.7107077e-05  -9.6366825e-05
   8.7000000e-01   2.6151466e+00  -1.6372472e+00   1.1293520e-01   8.8416610e-03  -2.7185863e-01  -3.3288836e-01   2.8625306e-05   4.4697153e-05  -1.2663430e-01   8.8658512e-01   2.2288739e-05  -1.0198989e-04
   8.7250000e-01   2.5341391e+00  -1.5991813e+00   1.1337239e-01   8.6234452e-03  -2.8850304e-01  -1.8919508e-01   3.0860162e-05   2.7608795e-05  -8.2305080e-02   9.2750408e-01   1.7189248e-05  -1.0481043e-04
   8.7500000e-01   2.4551936e+00  -1.5611740e+00   1.1379773e-01   8.4049187e-03  -2.9796279e-01  -4.1036325e-02   3.2240601e-05   1.0754013e-05  -3.5929908e-02   9.4530615e-01   1.1948730e-05  -1.0490693e-04
   8.7750000e-01   2.3781178e+00  -1.5232826e+00   1.1421231e-01   8.1863265e-03  -3.0001460e-01   1.0790146e-01   3.2778301e-05  -5.4538783e-06   1.1335366e-02   9.3962370e-01   6.7033873e-06  -1.0242410e-04
   8.8000000e-01   2.3028376e+00  -1.4855545e+00   1.1461651e-01   7.9678531e-03  -2.9461953e-01   2.5392985e-01   3.2505607e-05  -2.0640835e-05   5.8316518e-02   9.1067101e-01   1.5821858e-06  -9.7565737e-05
   8.8250000e-01   2.2295064e+00  -1.4480602e+00   1.1500940e-01   7.7497081e-03  -2.8192305e-01   3.9344986e-01   3.1473566e-05  -3.4481163e-05   1.0385004e-01   8.5923511e-01  -3.2960977e-06  -9.0585706e-05
   8.8500000e-01   2.1580806e+00  -1.4108477e+00   1.1539118e-01   7.5320738e-03  -2.6225057e-01   5.2303911e-01   2.9749509e-05  -4.6702251e-05   1.4681176e-01   7.8665291e-01  -7.8253798e-06  -8.1778277e-05
   8.8750000e-01   2.0883806e+00  -1.3739344e+00   1.1576284e-01   7.3150609e-03  -2.3609863e-01   6.3953433e-01   2.7414398e-05  -5.7088058e-05   1.8614438e-01   6.9477541e-01  -1.1914291e-05  -7.1468562e-05
   8.9000000e-01   2.0206572e+00  -1.3374136e+00   1.1612283e-01   7.0989428e-03  -2.0412194e-01   7.4010823e-01   2.4559997e-05  -6.5483622e-05   2.2088313e-01   5.8591858e-01  -1.5487716e-05  -6.0000680e-05
   8.9250000e-01   1.9547024e+00  -1.3012868e+00   1.1647233e-01   6.8837836e-03  -1.6711655e-01   8.2233551e-01   2.1285819e-05  -7.1793315e-05   2.5017903e-01   4.6280486e-01  -1.8487748e-05  -4.7729083e-05
   8.9500000e-01   1.8904399e+00  -1.2655731e+00   1.1681172e-01   6.6696794e-03  -1.2599981e-01   8.8425012e-01   1.7696155e-05  -7.5980632e-05   2.7331926e-01   3.2849429e-01  -2.0874201e-05  -3.5008363e-05
   8.9750000e-01   1.8281417e+00  -1.2303825e+00   1.1713929e-01   6.4569673e-03  -8.1787333e-02   9.2439097e-01   1.3897127e-05  -7.8066372e-05   2.8974396e-01   1.8630703e-01  -2.2624618e-05  -2.2181894e-05
   9.0000000e-01   1.7674642e+00  -1.1956581e+00   1.1745702e-01   6.2455388e-03  -3.5567817e-02   9.4183393e-01   9.9938107e-06  -7.8123084e-05   2.9905931e-01   3.9742979e-02  -2.3733712e-05  -9.5769076e-06
   9.0250000e-01   1.7085121e+00  -1.1614623e+00   1.1776420e-01   6.0356063e-03   1.1523846e-02   9.3621191e-01   6.0876592e-06  -7.6271037e-05   3.0104646e-01  -1.0760556e-01  -2.4212557e-05   2.5055458e-06
   9.0500000e-01   1.6513414e+00  -1.1278461e+00   1.1806040e-01   5.8273567e-03   5.8334409e-02   9.0772066e-01   2.2741100e-06  -7.2671687e-05   2.9566618e-01  -2.5214131e-01  -2.4087279e-05   1.3796635e-05
   9.0750000e-01   1.5957261e+00  -1.0947641e+00   1.1834692e-01   5.6206931e-03   1.0372041e-01   8.5711126e-01  -1.3594718e-06  -6.7521184e-05   2.8305913e-01  -3.9034837e-01  -2.3397448e-05   2.4062988e-05
   9.1000000e-01   1.5418143e+00  -1.0622960e+00   1.1862275e-01   5.4158902e-03   1.4657594e-01   7.8566898e-01  -4.7355286e-06  -6.1042678e-05   2.6354172e-01  -5.1887796e-01  -2.2194300e-05   3.3112779e-05
   9.1250000e-01   1.4895402e+00  -1.0304455e+00   1.1888820e-01   5.2129962e-03   1.8585936e-01   6.9517973e-01  -7.7876603e-06  -5.3479010e-05   2.3759784e-01  -6.3462794e-01  -2.0538662e-05   4.0796754e-05
   9.1500000e-01   1.4387512e+00  -9.9917813e-01   1.1914414e-01   5.0119362e-03   2.2061833e-01   5.8788488e-01  -1.0461609e-05  -4.5085720e-05   2.0586647e-01  -7.3481626e-01  -1.8498826e-05   4.7009013e-05
   9.1750000e-01   1.3895652e+00  -9.6856412e-01   1.1938972e-01   4.8129663e-03   2.5001255e-01   4.6642450e-01  -1.2715893e-05  -3.6122548e-05   1.6912568e-01  -8.1704728e-01  -1.6148377e-05   5.1688257e-05
   9.2000000e-01   1.3419379e+00  -9.3860852e-01   1.1962512e-01   4.6161382e-03   2.7333376e-01   3.3377235e-01  -1.4522019e-05  -2.6847017e-05   1.2827334e-01  -8.7936730e-01  -1.3563965e-05   5.4815609e-05
   9.2250000e-01   1.2957207e+00  -9.0926796e-01   1.1985120e-01   4.4213424e-03   2.9002236e-01   1.9316320e-01  -1.5864369e-05  -1.7508680e-05   8.4305010e-02  -9.2030949e-01  -1.0823187e-05   5.6412148e-05
   9.2500000e-01   1.2509086e+00  -8.8055785e-01   1.2006790e-01   4.2286599e-03   2.9968052e-01   4.8013617e-02  -1.6739803e-05  -8.3424972e-06   3.8289567e-02  -9.3892744e-01  -8.0025815e-06   5.6536302e-05
   9.2750000e-01   1.2076618e+00  -8.5257077e-01   1.2027404e-01   4.0384394e-03   3.0208120e-01  -9.8161460e-02  -1.7156927e-05   4.3738119e-07  -8.6567715e-03  -9.3481562e-01  -5.1757684e-06   5.5279776e-05
   9.3000000e-01   1.1657450e+00  -8.2521516e-01   1.2047108e-01   3.8504026e-03   2.9717313e-01  -2.4183207e-01  -1.7135058e-05   8.6391730e-06  -5.5397519e-02  -9.0811685e-01  -2.4117816e-06   5.2762702e-05
   9.3250000e-01   1.1251241e+00  -7.9848894e-01   1.2065916e-01   3.6645718e-03   2.8508153e-01  -3.7953859e-01  -1.6703100e-05   1.6098110e-05  -1.0080333e-01  -8.5951693e-01   2.2635169e-07   4.9129052e-05
   9.3500000e-01   1.0857810e+00  -7.7239666e-01   1.2083831e-01   3.4809930e-03   2.6610462e-01  -5.0797438e-01  -1.5898195e-05   2.2678955e-05  -1.4377915e-01  -7.9022614e-01   2.6828026e-06   4.4541341e-05
   9.3750000e-01   1.0478690e+00  -7.4703063e-01   1.2100732e-01   3.3000334e-03   2.4070591e-01  -6.2406485e-01  -1.4764248e-05   2.8278384e-05  -1.8329043e-01  -7.0194802e-01   4.9098681e-06   3.9174499e-05
   9.4000000e-01   1.0111712e+00  -7.2229399e-01   1.2116761e-01   3.1213781e-03   2.0950269e-01  -7.2503900e-01  -1.3350330e-05   3.2823313e-05  -2.1838780e-01  -5.9683748e-01   6.8685916e-06   3.3211744e-05
   9.4250000e-01   9.7566958e-01  -6.9818865e-01   1.2131920e-01   2.9450654e-03   1.7325077e-01  -8.0849525e-01  -1.1709165e-05   3.6271883e-05  -2.4822965e-01  -4.7744753e-01   8.5291777e-06   2.6838919e-05
   9.4500000e-01   9.4133396e-01  -6.7470911e-01   1.2146221e-01   2.7711067e-03   1.3282604e-01  -8.7245753e-01  -9.8955725e-06   3.8612329e-05  -2.7210201e-01  -3.4666703e-01   9.8711227e-06   2.0239645e-05
   9.4750000e-01   9.0815671e-01  -6.5186147e-01   1.2159659e-01   2.5995578e-03   8.9203190e-02  -9.1542110e-01  -7.9649575e-06   3.9861275e-05  -2.8943535e-01  -2.0765063e-01   1.0883104e-05   1.3590693e-05
   9.5000000e-01   8.7609033e-01  -6.2962921e-01   1.2172257e-01   2.4303886e-03   4.3432167e-02  -9.3638689e-01  -5.9718951e-06   4.0061242e-05  -2.9981788e-01  -6.3742827e-02   1.1562638e-05   7.0582335e-06
   9.5250000e-01   8.4511314e-01  -6.0800903e-01   1.2184021e-01   2.2636195e-03  -3.3871445e-03  -9.3488384e-01  -3.9688344e-06   3.9277867e-05  -3.0300502e-01   8.1602333e-02   1.1915550e-05   7.9424552e-07
   9.5500000e-01   8.1528054e-01  -5.8704154e-01   1.2194895e-01   2.0994485e-03  -5.0131304e-02  -9.1097856e-01  -2.0049425e-06   3.7596538e-05  -2.9892490e-01   2.2490412e-01   1.1955262e-05  -5.0668440e-06
   9.5750000e-01   7.8644416e-01  -5.6664973e-01   1.2204984e-01   1.9376030e-03  -9.5680199e-02  -8.6527227e-01  -1.2511687e-07   3.5118974e-05  -2.8767970e-01   3.6273729e-01   1.1701920e-05  -1.0408929e-05
   9.6000000e-01   7.5861248e-01  -5.4684541e-01   1.2214270e-01   1.7781643e-03  -1.3894378e-01  -7.9888511e-01   1.6308306e-06   3.1959546e-05  -2.6954285e-01   4.9181395e-01   1.1181474e-05  -1.5136867e-05
   9.6250000e-01   7.3175638e-01  -5.2761810e-01   1.2222764e-01   1.6211238e-03  -1.7888801e-01  -7.1342811e-01   3.2288067e-06   2.8241558e-05  -2.4495217e-01   6.0906124e-01   1.0424631e-05  -1.9177138e-05
   9.6500000e-01   7.0585483e-01  -5.0896155e-01   1.2230473e-01   1.4664909e-03  -2.1455939e-01  -6.1096375e-01   4.6408837e-06   2.4093524e-05  -2.1449913e-01   7.1169382e-01   9.4657749e-06  -2.2478193e-05
   9.6750000e-01   6.8081196e-01  -4.9082317e-01   1.2237467e-01   1.3140732e-03  -2.4510756e-01  -4.9395608e-01   5.8455590e-06   1.9646017e-05  -1.7891447e-01   7.9727916e-01   8.3418661e-06  -2.5009863e-05
   9.7000000e-01   6.5676771e-01  -4.7329365e-01   1.2243614e-01   1.1643004e-03  -2.6980534e-01  -3.6521063e-01   6.8278591e-06   1.5027035e-05  -1.3905054e-01   8.6379496e-01   7.0913738e-06  -2.6763575e-05
   9.7250000e-01   6.3357047e-01  -4.5628568e-01   1.2249031e-01   1.0168316e-03  -2.8806586e-01  -2.2780793e-01   7.5792104e-06   1.0360550e-05  -9.5860819e-02   9.0967560e-01   5.7531960e-06  -2.7749814e-05
   9.7500000e-01   6.1119549e-01  -4.3978802e-01   1.2253729e-01   8.7165027e-04  -2.9945625e-01  -8.5029531e-02   8.0972375e-06   5.7631426e-06  -5.0377071e-02   9.3384859e-01   4.3657063e-06  -2.7997116e-05
   9.7750000e-01   5.8963144e-01  -4.2379745e-01   1.2257708e-01   7.2877608e-04  -3.0370772e-01   5.9720236e-02   8.3853944e-06   1.3415596e-06  -3.6846746e-03   9.3575901e-01   2.9658515e-06  -2.7550093e-05
   9.8000000e-01   5.6881947e-01  -4.0828038e-01   1.2261010e-01   5.8808815e-04  -3.0072171e-01   2.0299503e-01   8.4524723e-06  -2.8088932e-06   4.3103243e-02   9.1538160e-01   1.5883478e-06  -2.6467196e-05
   9.8250000e-01   5.4874675e-01  -3.9323161e-01   1.2263637e-01   4.4959299e-04  -2.9057197e-01   3.4138836e-01   8.3120278e-06  -6.6061879e-06   8.8872291e-02   8.7322043e-01   2.6498891e-07  -2.4818360e-05
   9.8500000e-01   5.2939201e-01  -3.7864033e-01   1.2265600e-01   3.1327123e-04  -2.7350256e-01   4.7161418e-01   7.9817186e-06  -9.9825972e-06   1.3253328e-01   8.1029595e-01  -9.7592821e-07  -2.2682456e-05
   9.8750000e-01   5.1084392e-01  -3.6456639e-01   1.2266802e-01   1.7945105e-04  -2.4992187e-01   5.9058477e-01   7.4825891e-06  -1.2885976e-05   1.7304805e-01   7.2811973e-01  -2.1100502e-06  -2.0144291e-05
   9.9000000e-01   4.9301337e-01  -3.5095555e-01   1.2267316e-01   4.7913627e-05  -2.2039265e-01   6.9548286e-01   6.8382907e-06  -1.5278776e-05   2.0945401e-01   6.2865811e-01  -3.1172640e-06  -1.7292562e-05
   9.9250000e-01   4.7581829e-01  -3.3775678e-01   1.2267210e-01  -8.1559261e-05  -1.8561853e-01   7.8382793e-01   6.0743525e-06  -1.7138062e-05   2.4088689e-01   5.1428505e-01  -3.9818915e-06  -1.4217651e-05
   9.9500000e-01   4.5924231e-01  -3.2496095e-01   1.2266493e-01  -2.0898402e-04  -1.4642717e-01   8.5353458e-01   5.2174500e-06  -1.8455428e-05   2.6660113e-01   3.8772526e-01  -4.6927736e-06  -1.1009096e-05
   9.9750000e-01   4.4326789e-01  -3.1255805e-01   1.2265172e-01  -3.3438218e-04  -1.0375047e-01   9.0296124e-01   4.2946792e-06  -1.9236171e-05   2.8598738e-01   2.5198926e-01  -5.2432280e-06  -7.7534756e-06
   1.0000000e+00   4.2787787e-01  -3.0053809e-01   1.2263257e-01  -4.5777560e-04  -5.8602436e-02   9.3094836e-01   3.3328713e-06  -1.9498183e-05   2.9858683e-01   1.1030179e-01  -5.6309015e-06  -4.5325103e-06
